# Eot-Wash DM limit
# https://arxiv.org/abs/2109.08822
# mass [eV] 	g_B-L
4.1004036726196045e-19 1e0
4.1004036726196045e-19 1.177370043585e-24
4.6778340159901765e-19 1.120189145325e-24
5.468273888807344e-19 1.046072126975e-24
6.51820190691565e-19 9.647760085352e-25
7.080384539929712e-19 8.413312795626e-25
7.65368744040006e-19 7.382615989147e-25
8.277233846037083e-19 8.054676764204e-25
9.630399495014891e-19 8.155555024279e-25
1.071986355269593e-18 7.201110383491e-25
1.2169726788452295e-18 6.808871590099e-25
1.443302080909484e-18 5.755753295587e-25
1.6304406303134354e-18 5.30844149981e-25
1.8600193018304132e-18 5.01929488522e-25
2.1531554656120717e-18 4.658115779829e-25
2.5540318908122004e-18 4.26945500635e-25
3.1660015051846785e-18 4.112976469384e-25
3.664378015582108e-18 3.542349109426e-25
4.241542409359832e-18 3.166960971941e-25
5.282618595143528e-18 2.7963315153e-25
6.2654796802368175e-18 2.438536148324e-25
7.21814771648174e-18 2.349162078739e-25
9.675245987410684e-18 2.305711010876e-25
1.1369245932608004e-17 2.515606518283e-25
1.3359841521789185e-17 2.744609417648e-25
1.7062874720232394e-17 3.433822535654e-25
2.2445917017095323e-17 4.835334187877e-25
3.1620342079300075e-17 7.201110383491e-25
4.45482007170893e-17 1.113239627486e-24
6.92164041155983e-17 1.913038861827e-24
1.0753874662604829e-16 3.20662457632e-24
1.583130045278529e-16 4.957209872818e-24
2.0723252696953586e-16 6.808871590099e-24
2.0723252696953586e-16 1e0