# Horizontal Branch
# https://arxiv.org/pdf/2304.12907.pdf
# mass [eV] g_B-L
1e-30	 2.562313079601216e-11
0.00011030445079292628	 2.562313079601216e-11
0.00014121086948980826	 2.5806608276108707e-11
0.0001807770177787461	 2.5653619536292396e-11
0.0002314292821441465	 2.5745303599573444e-11
0.0002962739030207187	 2.5714705894880243e-11
0.0003792874643946624	 2.5684144554859387e-11
0.0004855607570568647	 2.57759377122091e-11
0.0006216109703755173	 2.562313079601216e-11
0.0007957813576889625	 2.5806608276108707e-11
0.001018752884722625	 2.559267829090266e-11
0.0013041992377714447	 2.5806608276108707e-11
0.0016696253598994513	 2.562313079601216e-11
0.0021374409382287156	 2.57759377122091e-11
0.0027363346737205685	 2.5714705894880243e-11
0.003503033610280862	 2.5684144554859387e-11
0.004484555413710514	 2.57759377122091e-11
0.005741091721077671	 2.562313079601216e-11
0.007349699381360841	 2.5806608276108707e-11
0.009409025951990207	 2.559267829090266e-11
0.012045359241459656	 2.5806608276108707e-11
0.01542037188505449	 2.562313079601216e-11
0.019741035888321365	 2.57759377122091e-11
0.025272315145765098	 2.5684144554859387e-11
0.03235341430105552	 2.5714705894880243e-11
0.04141858040699328	 2.5653619536292396e-11
0.0530237330430562	 2.5653619536292396e-11
0.06788055597739867	 2.57759377122091e-11
0.0869001410379604	 2.559267829090266e-11
0.11124886064474482	 2.5806608276108707e-11
0.14241989537563018	 2.562313079601216e-11
0.1823248029800262	 2.57759377122091e-11
0.2334107442926368	 2.5684144554859387e-11
0.2988105549041025	 2.5714705894880243e-11
0.382534865705041	 2.559267829090266e-11
0.46551948316684094	 2.3988435500501463e-11
0.5513190842805805	 2.0917646557569993e-11
0.6367590329760863	 1.806244113537286e-11
0.7503077862543897	 1.377889220302788e-11
0.9075007856339034	 9.470185890891908e-12
1.0626733960508994	 6.865942913556237e-12
1.2159437756340232	 5.491454223296939e-12
1.4185661882303087	 3.944000840136932e-12
1.678886216892199	 2.862430072453771e-12
1.953604546256568	 2.0934212630520305e-12
2.280223203742194	 1.5299185603228915e-12
2.6683532767384097	 1.1208339685050795e-12
3.1483653972441266	 8.139539945667654e-13
3.66353651096055	 5.969199226615218e-13
4.27603476663483	 4.366186966185888e-13
5.003883550641844	 3.1867805102236454e-13
5.85562371563438	 2.336850398198468e-13
6.852343535193121	 1.723234534623403e-13
7.99797111390839	 1.261098894549961e-13
9.199072537056493	 9.419303334227945e-14
10.825814551675357	 6.965423739731703e-14
12.706526721470816	 5.1242820667265136e-14
15.003539749166102	 3.822770834506947e-14
18.47416720880157	 2.7259883430138425e-14
22.98725277099279	 1.9464256827172847e-14
29.16495089692397	 1.503719632271307e-14
37.33673523758037	 1.1924987863750926e-14
47.79818773321513	 1.051268393487382e-14
61.19085495938346	 9.547302206982772e-15
78.33603967495935	 8.996174454911251e-15
100.28516705690834	 8.416593096738224e-15
128.3842631483812	 7.698429375844207e-15
164.35649964864166	 7.01646818538438e-15
210.40786708830106	 6.289333239908405e-15
269.3624567771333	 5.637553190223693e-15
344.83564766408495	 5.011428129519281e-15
441.45581876057156	 4.407418153363497e-15
565.1481835990727	 3.780606088367493e-15
723.4981528209444	 3.14420421913753e-15
926.2165080347529	 2.5717555075863308e-15
1104.664541709063	 1.7946586995663226e-15
1265.778980804934	 1.2780667551609094e-15
1404.9844199265333	 9.62133457479775e-16
1617.6857542325656	 7.420002004158607e-16
2078.7134768219516	 6.574377270522042e-16
2661.152250630985	 5.8790581585182205e-16
3184.842572422371	 5.1276138750454e-16
3240.3336025925346	 6.717781459788464e-16
3406.7856777766624	 1.016134754348523e-15
3719.352716250186	 1.5806183297724447e-15
4132.514908723946	 2.0813837158085608e-15
4934.662427369367	 2.8304535611712906e-15
6246.782696993454	 3.587875499525539e-15
7997.080895786528	 4.273231287871605e-15
10237.798552610813	 4.916977376318975e-15
13106.347249664921	 5.617476760305394e-15
16778.640187737827	 6.440709730248072e-15
21479.880029637414	 7.499634487203004e-15
27498.36941046069	 8.932214270688819e-15
35203.1910416085	 1.111698553266114e-14
43574.12767558779	 1.4243068529408805e-14
52375.08220758755	 1.83791761828542e-14
61986.49947709278	 2.4970997860065535e-14
72164.211503725	 3.3546021859540434e-14
80599.59158994918	 4.72372364721303e-14
89504.21453193092	 6.541519853948702e-14
98494.91609820409	 8.855290179975428e-14
107788.07112180245	 1.2663973221844891e-13
116601.37817244923	 1.8252519706442657e-13
125758.2145448863	 2.577736565538057e-13
133086.4321984342	 3.608833902989116e-13
143251.63662052306	 5.034046188201386e-13
152091.75628332808	 6.845750666863515e-13
163912.95438976926	 9.53542721012471e-13
173377.99668478846	 1.3009610395674704e-12
181342.058981352	 1.8379673950322636e-12
189671.94790803277	 2.3980144711263333e-12
193979.29890340258	 3.2291998143446466e-12
196169.51836870046	 4.3342881854929766e-12
203240.4382477102	 6.396288100583345e-12
212686.40830604744	 1.0485938544308612e-11
223206.65612768615	 1.4750370488349272e-11
226997.6452300123	 2.0223552431141875e-11
237424.70876952214	 3.006514133753754e-11
250009.29771994788	 4.856724933886494e-11
254604.65728981892	 7.048210780399888e-11
265636.2366049715	 1.0686206714078356e-10
265636.2366049715	 1.3477359059927323e-10
279402.283316195	 1.7844728257694623e-10
292110.3660585136	 3.146142219781416e-10
293881.7268307974	 4.3741760635806405e-10
303949.1998980952	 5.763868401242339e-10
306232.8419785078	 8.053976359479798e-10
319700.73642456124	 1.0669699777565325e-9
328801.6496972302	 1.5422951397855733e-9
333760.93893149454	 2.261190825901327e-9
348991.65405940195	 3.752588356079851e-9
358358.5177088007	 6.3761386328844865e-9
364672.3527192406	 9.619423893709757e-9
378768.0672785684	 1.3018227900592386e-8
380472.9748519563	 1.8780839802173592e-8
392403.7963996775	 2.8481357924426252e-8
399577.9532712498	 4.2991598071471955e-8
408652.16015178047	 6.81164598995973e-8
418103.10626196285	 1.0316707737755191e-7
420929.223704605	 2.272071626850294e-7
428078.37475412356	 1.6343877288876698e-7
445235.4960209459	 3.059603419389115e-7
455346.5618802456	 5.259614248230464e-7
465687.2447708125	 8.126720324128592e-7