# LIGO/Virgo DM search
# 
# mass [eV] 	g_B-L
4.18872626011266e-14 1e0
4.18872626011266e-14 9.96803790825e-21
4.27265056025909e-14 6.772231884676e-21
4.3491352661608915e-14 6.012804642825e-21
4.4668888816400625e-14 6.194279179695e-21
4.5973693429249047e-14 4.704778920644e-21
4.637682203933117e-14 3.317442940486e-21
4.699859189669044e-14 3.102756386471e-21
4.773582686608191e-14 3.034327247798e-21
4.8806883883765746e-14 2.674110013175e-21
4.9024209896257e-14 2.634646965981e-21
4.956711276067519e-14 2.092384031882e-21
5.034136517519509e-14 1.789965121733e-21
5.1015918752641824e-14 1.649422612828e-21
5.1467908501288786e-14 1.400576049559e-21
5.285339241962174e-14 1.055909556013e-21
5.36822737593547e-14 1.02497444765e-21
6.064638521985233e-14 4.491158417946e-22
6.228862194320874e-14 4.661229392374e-22
6.368206193707673e-14 3.593401645519e-22
6.454050395360258e-14 3.899584960114e-22
6.483186914680992e-14 4.359580413425e-22
6.521872401431754e-14 5.54955790451e-22
6.542818424886949e-14 4.005638091359e-22
6.55365566294373e-14 6.13129731994e-22
6.586423430464912e-14 3.346223307947e-22
6.709343961418773e-14 3.235251312929e-22
6.778415959967639e-14 4.382582522821e-22
6.880709200151592e-14 3.127959521694e-22
7.079655634736252e-14 2.554934303768e-22
7.163272999753124e-14 2.374897072378e-22
7.32119424837591e-14 2.075186821943e-22
7.470406077652375e-14 2.017676113903e-22
7.609886476872767e-14 1.983937579061e-22
7.698504659521272e-14 1.316206648798e-22
7.829103478468258e-14 1.308829064725e-22
7.920880204186651e-14 1.01632169651e-22
8.028279384245944e-14 1.03360510569e-22
8.16453945941508e-14 1.045290359993e-22
8.29058071729558e-14 1.506300678003e-22
8.346244104656791e-14 1.39230882753e-22
8.358357483250504e-14 8.634513196125e-23
8.514393621194741e-14 8.442542567327e-23
8.59993417126934e-14 6.895914562411e-23
8.774201173167885e-14 5.294900936516e-23
8.878244929922596e-14 5.415298962834e-23
8.968739138697196e-14 5.95829472409e-23
9.075238431036911e-14 6.302799297473e-23
9.181673138445992e-14 4.949530941784e-23
9.451252368016736e-14 9.881558563333e-23
9.494278569560457e-14 3.493114054441e-23
9.622853754184224e-14 3.43470401062e-23
9.785963936115271e-14 3.320797698554e-23
9.885008357275769e-14 3.156981759785e-23
9.98551884674901e-14 3.302184007282e-23
1.0069241912956342e-13 2.901715490128e-23
1.0069791964453343e-13 3.246966596809e-23
1.0188252572736912e-13 2.743110684576e-23
1.0343359675978552e-13 2.56418606747e-23
1.0361003027040364e-13 2.682123264554e-23
1.0465753118973113e-13 2.493123474585e-23
1.0607223642892476e-13 2.33050474921e-23
1.060751335882463e-13 2.465252958483e-23
1.0678645252506558e-13 2.240587686141e-23
1.0732065198977149e-13 1.991121686165e-23
1.0822638819396839e-13 1.957827180709e-23
1.0932563669470398e-13 2.002345204985e-23
1.1044540114063195e-13 2.437694005637e-23
1.1249831556134588e-13 2.024982392818e-23
1.1404921981050922e-13 3.265269039577e-23
1.1417752633404468e-13 3.524778138058e-23
1.149853582455131e-13 2.002345204985e-23
1.165409428094082e-13 1.914298923074e-23
1.183158215356875e-13 1.809665298759e-23
1.199164624211854e-13 1.730091456715e-23
1.2051667395260822e-13 1.546130220194e-23
1.2214975813164137e-13 1.546130220194e-23
1.2360393892488805e-13 1.739843605044e-23
1.2570180836904103e-13 1.759513123761e-23
1.2719028572334113e-13 1.739843605044e-23
1.2781747837948205e-13 1.335906854756e-23
1.295466628547444e-13 1.277164919925e-23
1.3196723853327095e-13 1.291603700069e-23
1.3442973808245828e-13 1.241770198808e-23
1.3624428342751765e-13 1.115987653571e-23
1.3624837680897455e-13 1.187167601453e-23
1.3808520740501276e-13 1.031533401115e-23
1.4014588776243538e-13 1.031558795339e-23
1.408640706197821e-13 1.080932178438e-23
1.4175387551664595e-13 9.4749469623e-24
1.441171540158712e-13 9.394746538508e-24
1.45038290830769e-13 9.596533140208e-24
1.4727128706557167e-13 9.84440623998e-24
1.4839053086004916e-13 8.665901112672e-24
1.5086383056627158e-13 8.519817445365e-24
1.5357392075835448e-13 8.411873042473e-24
1.551407299104479e-13 7.95969689698e-24
1.567264372017929e-13 7.825517923755e-24
1.5913478189482256e-13 7.563907532212e-24
1.6055791965481443e-13 7.531827260336e-24
1.6323772767879624e-13 7.759279045968e-24
1.6574510153502285e-13 7.404861012579e-24
1.6850522257486083e-13 7.06663161497e-24
1.7022647486707447e-13 6.85948376403e-24
1.7483298615049462e-13 6.658408145871e-24
1.7751773295323447e-13 6.300488653348e-24
1.8047613767933408e-13 6.168008081893e-24
1.830172105995489e-13 6.012703308257e-24
1.870161401856519e-13 5.861308966059e-24
1.9207898127865415e-13 5.811696080105e-24
1.9853816630332678e-13 5.787047340083e-24
2.0236779840298635e-13 6.064032138841e-24
2.0442692941554265e-13 5.429616250777e-24
2.0969546979311228e-13 5.452742586457e-24
2.112930570401696e-13 4.98714433285e-24
2.1481611575939208e-13 4.965992706471e-24
2.1923167830036827e-13 4.882279493391e-24
2.2232025911938653e-13 4.84095357505e-24
2.2573841938353755e-13 4.759348183723e-24
2.295028111989628e-13 4.759348183723e-24
2.321408450597137e-13 4.561302537635e-24
2.3842676493696766e-13 4.580730469325e-24
2.3964512734866526e-13 4.659273220997e-24
2.4209906152952283e-13 4.759348183723e-24
2.4645419243141804e-13 4.944930789006e-24
2.4928398596660945e-13 4.619834933018e-24
2.524688159487786e-13 4.371497952386e-24
2.5407409575758723e-13 4.17182248021e-24
2.5929393170985734e-13 4.015254528566e-24
2.629458316752879e-13 3.947568191152e-24
2.673312427617497e-13 3.964382047398e-24
2.724765799185775e-13 3.815599308046e-24
2.7807850653047083e-13 3.783302274327e-24
2.848802062838952e-13 3.735368582369e-24
2.888948502888045e-13 3.735368582369e-24
2.9408571912036786e-13 3.719526024912e-24
3.0051646281387444e-13 3.751278617947e-24
3.0435772005610463e-13 3.595180688384e-24
3.118034877643558e-13 3.579932700035e-24
3.1983672067115404e-13 3.534575660383e-24
3.2891341018615667e-13 3.504657343477e-24
3.356770247866517e-13 3.504657343477e-24
3.4170918243573443e-13 3.504657343477e-24
3.4696580627726797e-13 3.504657343477e-24
3.4873232195631765e-13 3.430964804189e-24
3.568109219801475e-13 3.44557829437e-24
3.618370001047693e-13 3.401923498479e-24
3.6834153787182213e-13 3.44557829437e-24
3.702252948682614e-13 3.534575660383e-24
3.7735181806333017e-13 3.416413293181e-24
3.8904213121516213e-13 3.260362908418e-24
3.895389881435087e-13 3.288195749453e-24
3.9103013918637664e-13 3.316266191964e-24
3.9855796111859324e-13 3.219054754855e-24
4.036632404183833e-13 3.260362908418e-24
4.1300837840510085e-13 3.178269967432e-24
4.2096539477942025e-13 3.178269967432e-24
4.2852930997106476e-13 3.164790193358e-24
4.3512331341918013e-13 3.191807155836e-24
4.46334651561822e-13 3.164790193358e-24
4.5435721715240773e-13 3.191807155836e-24
4.631118163820626e-13 3.205402003115e-24
4.738322595121754e-13 3.111440385682e-24
4.817348348476408e-13 3.124692927203e-24
4.903906566348447e-13 3.111440385682e-24
4.954070759520933e-13 3.111440385682e-24
5.081716787105436e-13 3.085103685484e-24
5.21925506054065e-13 3.020233114051e-24
5.31302377413952e-13 2.994668435255e-24
5.463825361867294e-13 2.994668435255e-24
5.5691143840033e-13 3.020233114051e-24
5.756403089324562e-13 3.020233114051e-24
5.912238591433873e-13 2.994668435255e-24
6.03379005362125e-13 2.969320147968e-24
6.268523575993361e-13 2.969320147968e-24
6.45461177013219e-13 2.931699448649e-24
6.654726030445906e-13 2.931699448649e-24
6.878580559498255e-13 2.981967357515e-24
7.046857260346173e-13 2.969320147968e-24
7.274551756462311e-13 2.944186420551e-24
7.424188081012691e-13 2.981967357515e-24
7.673846862799924e-13 2.969320147968e-24
7.942063973139341e-13 3.007423610628e-24
8.126030017243229e-13 3.007423610628e-24
8.251018347953516e-13 2.994668435255e-24
8.517656271359585e-13 2.994668435255e-24
8.792910801733893e-13 2.994668435255e-24
9.111807280497767e-13 3.020233114051e-24
9.418197457356373e-13 2.994668435255e-24
9.624104509061578e-13 2.994668435255e-24
9.897330472357979e-13 3.033097176924e-24
1.019129122369558e-12 3.085103685484e-24
1.0736949468233917e-12 3.072019051044e-24
1.1168919764034836e-12 3.111440385682e-24
1.1355312285566381e-12 3.191807155836e-24
1.1662767838085029e-12 3.191807155836e-24
1.191762415323157e-12 3.124692927203e-24
1.2147229012325162e-12 3.124692927203e-24
1.2428652756794808e-12 3.151367590107e-24
1.2797769916449612e-12 3.191807155836e-24
1.31610682804914e-12 3.219054754855e-24
1.367313195096609e-12 3.246534959296e-24
1.3989907405547672e-12 3.27424975485e-24
1.4460386455687807e-12 3.27424975485e-24
1.5099833308998777e-12 3.38749515833e-24
1.5747250232486866e-12 3.38749515833e-24
1.6318565097912285e-12 3.504657343477e-24
1.6888828679456907e-12 3.504657343477e-24
1.7545893783108816e-12 3.519584711899e-24
1.799820232187606e-12 3.579932700035e-24
1.858013487294765e-12 3.703750659386e-24
1.9156457290530305e-12 3.815599308046e-24
1.945138835153959e-12 3.91415411051e-24
1.9826425277394154e-12 4.032356680869e-24
2.0029238404860375e-12 4.032356680869e-24
2.031145636867855e-12 4.015254528566e-24
2.0755519270911048e-12 4.015254528566e-24
2.0941567768207633e-12 4.17182248021e-24
2.1102943715778524e-12 4.561302537635e-24
2.1263674823224275e-12 4.154128821369e-24
2.156293010289137e-12 3.998224910425e-24
2.217518798624656e-12 4.08410143878e-24
2.266032464889737e-12 4.207436206406e-24
2.3303790083041125e-12 4.316111937458e-24
2.4272260285270308e-12 4.390117450413e-24
2.4961395344450673e-12 4.465391886888e-24
2.5539799749438927e-12 4.541957004272e-24
2.619834229145393e-12 4.679118438699e-24
2.683942142092059e-12 4.719062814018e-24
2.781316351625986e-12 4.882279493391e-24
2.9154134248495977e-12 5.051141294576e-24
3.0173319588500764e-12 5.181609457587e-24
3.1069690275159396e-12 5.338087597995e-24
3.166867111567183e-12 5.475967424016e-24
3.236130052051685e-12 5.56986021086e-24
3.3069146803770887e-12 5.689493365335e-24
3.405154496983039e-12 5.861308966059e-24
3.484130548702996e-12 6.220662707549e-24
3.5693363794708786e-12 6.089860638746e-24
3.647431905926632e-12 6.300488653348e-24
3.741465312999368e-12 6.435814730449e-24
3.803896902290001e-12 6.574047430852e-24
3.887092399755058e-12 6.686768268348e-24
4.012756465710254e-12 6.85948376403e-24
4.074536496540369e-12 7.036660404655e-24
4.147799251924086e-12 7.187798467247e-24
4.233171250013606e-12 7.468074318962e-24
4.314700763440944e-12 7.373455293581e-24
4.454216385205973e-12 7.660970514258e-24
4.528559929488594e-12 7.892322265023e-24
4.698792572959202e-12 8.027646688044e-24
4.80774230044588e-12 8.411873042473e-24
4.969497987866014e-12 8.665901112672e-24
5.130186443368774e-12 9.003813037485e-24
5.262489797357815e-12 9.354901257233e-24
5.370760524417768e-12 9.555832035535e-24
5.467318920214067e-12 9.719679558897e-24
5.594076722708656e-12 1.014169502534e-23
5.774948973507464e-12 1.049246795211e-23
5.961657018201708e-12 1.080932178438e-23
6.115428586059462e-12 1.132669301905e-23
6.24124771821872e-12 1.156997524954e-23
6.369615995121707e-12 1.166874501565e-23
6.525549266362333e-12 1.202112655577e-23
6.736566470505202e-12 1.254306776791e-23
6.892722846023736e-12 1.297689074313e-23
7.097458361953399e-12 1.325561701562e-23
7.188431766878657e-12 1.365592011016e-23
7.364425509417102e-12 1.412823294472e-23
7.544712509663442e-12 1.455488795154e-23
7.719570156548118e-12 1.49308325912e-23
7.84844683237156e-12 1.55130347551e-23
8.009954252976475e-12 1.598150904874e-23
8.226848141866365e-12 1.604957900541e-23
8.321790235422226e-12 1.688938999626e-23
8.321790235422226e-12 1e0