# LIGO O1 Vector DM search
# https://arxiv.org/abs/2105.13085
# mass [eV] 	g_B-L
4.1675893847907024e-14 1e0
4.1675893847907024e-14 1.127627767033e-20
4.265076056496646e-14 1.057049122337e-20
4.293605232458152e-14 1.170231201193e-20
4.394407084739283e-14 1.295607332496e-20
4.4528129786397864e-14 1.225752540159e-20
4.482181443268818e-14 1.127915935207e-20
4.526650299947221e-14 1.018885659596e-20
4.5564210836013623e-14 9.035222787141e-21
4.6017333833540425e-14 8.54797466391e-21
4.647539483955279e-14 8.237925196569e-21
4.678105329188806e-14 7.305185695153e-21
4.6782139985539407e-14 7.650800951743e-21
4.7557889588822216e-14 6.359596344907e-21
4.7560541005581915e-14 7.105769159715e-21
4.8512999498030636e-14 6.848269534382e-21
4.915481506520624e-14 5.745311460848e-21
5.013850205418201e-14 5.385647710354e-21
5.030135409481851e-14 4.7318523512e-21
5.079993454507222e-14 4.196136862818e-21
5.216217619986532e-14 4.196526770591e-21
5.373641364394113e-14 3.897753462198e-21
5.481789949434849e-14 4.56143843522e-21
6.052470626067404e-14 3.066215043528e-21
6.132229998774326e-14 2.323640446165e-21
6.213444557582894e-14 2.004227633145e-21
6.295500726507076e-14 1.605477172012e-21
6.379025801523139e-14 1.450300164634e-21
6.473650093392269e-14 1.381710983187e-21
6.565929694837712e-14 1.032100253124e-21
6.69864285502066e-14 1.011749873965e-21
6.727010652424783e-14 8.902919878753e-22
6.814013781829709e-14 8.554479308154e-22
6.902183746931617e-14 8.318829988066e-22
6.92180018645128e-14 7.961084758939e-22
6.9613542775257e-14 7.618800615015e-22
6.990876744064999e-14 6.785056486848e-22
7.121972623061561e-14 6.624707537706e-22
7.172359131873012e-14 5.424816562142e-22
7.40125671703759e-14 4.948897479158e-22
7.432435772402559e-14 4.167478814076e-22
7.647897599056998e-14 3.972709432344e-22
7.768359751913267e-14 3.240278818357e-22
7.845790055177862e-14 2.696177591873e-22
7.93596960388424e-14 2.632393646287e-22
8.049853926795597e-14 2.372687332997e-22
8.200824665507133e-14 2.325892323878e-22
8.282315985904339e-14 1.82271157503e-22
8.522672091795763e-14 1.844884233154e-22
8.546413410610451e-14 1.57861158879e-22
8.65393086303042e-14 1.441399611436e-22
8.756116448397508e-14 1.372642904279e-22
8.907764159710587e-14 1.400435120643e-22
8.99653328607219e-14 1.160628566398e-22
9.126205336056569e-14 1.184116188099e-22
9.217558598910532e-14 1.071552133215e-22
9.336679219993718e-14 1.009241649511e-22
9.511879207504728e-14 1.009307531665e-22
9.648397839484871e-14 9.133748373446e-23
9.830414568109054e-14 1.111051263672e-22
9.88573588101035e-14 8.953789077101e-23
1.0071137611556341e-13 8.777199167555e-23
1.0289362059410087e-13 8.535671763993e-23
1.0527443662352361e-13 8.43461073309e-23
1.0648745580649983e-13 8.709020222125e-23
1.0723803281726791e-13 6.770513079907e-23
1.078462873256652e-13 5.957760876496e-23
1.0939875841179653e-13 5.863561314052e-23
1.1113306000100402e-13 5.840494342804e-23
1.1224888304417352e-13 5.611853968901e-23
1.1386838970965107e-13 5.887872298479e-23
1.1439241457992827e-13 1.072364907593e-22
1.151778875371836e-13 5.81792709034e-23
1.161664426215655e-13 5.435905391742e-23
1.1665698509080732e-13 4.669991485839e-23
1.1884339274063752e-13 4.469408758085e-23
1.2141925884019161e-13 4.398852320162e-23
1.236964126081475e-13 4.312096542621e-23
1.2439951824678654e-13 3.886557247969e-23
1.2619053019735435e-13 3.840425307434e-23
1.2874398735043643e-13 3.933914889891e-23
1.3153444346996724e-13 3.871812039884e-23
1.3246635322059425e-13 3.234535103445e-23
1.3495611050018267e-13 3.434614389051e-23
1.36307020389074e-13 3.108114230974e-23
1.3945985582964554e-13 3.022601582629e-23
1.4206736155204757e-13 2.649269669756e-23
1.4391604857648712e-13 2.974989770031e-23
1.4413561057019808e-13 3.589819897785e-23
1.4600534600506574e-13 3.721473639455e-23
1.4769332109174425e-13 4.1457238813e-23
1.4894718930233089e-13 3.222959413273e-23
1.5108312348942816e-13 2.847510004769e-23
1.5393051939826108e-13 3.341393728482e-23
1.5522486803153975e-13 2.213849385038e-23
1.6064296295438755e-13 2.161649623586e-23
1.643619996004116e-13 2.187901401488e-23
1.6744048595413022e-13 2.044309404834e-23
1.696152589501396e-13 2.188143108646e-23
1.7303246786613132e-13 1.887468709141e-23
1.783048099447451e-13 1.828263321538e-23
1.8400185484541946e-13 1.792286636742e-23
1.8691621343070232e-13 1.735979712807e-23
1.9070840962413767e-13 1.972978768359e-23
1.928884026324764e-13 1.701818990878e-23
1.9565289121599256e-13 1.479722860578e-23
1.9961191471652813e-13 1.51574456685e-23
2.0162339218974543e-13 1.565049558054e-23
2.045208759197874e-13 1.468169789497e-23
2.086509607725654e-13 1.388368966664e-23
2.1256794129888928e-13 1.41083638497e-23
2.1408901562992018e-13 1.355592145288e-23
2.1686531950456516e-13 1.394118300203e-23
2.2156219760156921e-13 1.328930060517e-23
2.2605230456723274e-13 1.445391608693e-23
2.289722505903353e-13 1.34511629919e-23
2.339360396969664e-13 1.334506961705e-23
2.396948949363296e-13 1.356129990582e-23
2.4419564061305957e-13 1.389136032473e-23
2.4913792427606727e-13 1.434373046021e-23
2.516333096865575e-13 1.313677179921e-23
2.5561835227181407e-13 1.267330782022e-23
2.634102810297884e-13 1.257372843558e-23
2.656833664078615e-13 1.287930023674e-23
2.687436095306192e-13 1.319243065192e-23
2.7261551834218975e-13 1.329897989148e-23
2.7417721340415446e-13 1.308831225663e-23
2.7495644225713174e-13 1.252545891381e-23
2.7971562046119303e-13 1.252621366373e-23
2.845566030022191e-13 1.247699878556e-23
2.9197004896171147e-13 1.194139387387e-23
2.9659567974748917e-13 1.16590698565e-23
2.9701595763796143e-13 1.133744327733e-23
3.038897167141497e-13 1.129312584146e-23
3.1136375785275614e-13 1.098247648083e-23
3.1584210153811927e-13 1.055269965753e-23
3.2639874977889634e-13 1.02627270008e-23
3.315704944568986e-13 1.00602207068e-23
3.3925143495323894e-13 1.047130745511e-23
3.4809751542610954e-13 1.047225392792e-23
3.5209147806458917e-13 9.823901333661e-24
3.6075464435502386e-13 9.746515143885e-24
3.6751523911858204e-13 9.290679910691e-24
3.728027068913882e-13 8.998756408278e-24
3.8252210999534646e-13 8.927914993367e-24
3.907731593458529e-13 8.653504379009e-24
3.9642855846867236e-13 8.210161322915e-24
4.1796853567209064e-13 8.178930657015e-24
4.24597161027053e-13 8.245029546516e-24
4.3503820396860473e-13 7.954385382847e-24
4.483061938247646e-13 8.007242833525e-24
4.593305989154099e-13 7.861075044462e-24
4.699683127895661e-13 8.08477227542e-24
4.870959020923901e-13 8.828990192113e-24
5.076918147253473e-13 7.863838620426e-24
5.27667665010668e-13 7.805943263576e-24
5.438819172919267e-13 7.705812993586e-24
5.671651655965584e-13 7.757270319701e-24
5.840593874390388e-13 7.589718049673e-24
6.124589250491875e-13 7.559967561559e-24
6.372936053054082e-13 7.501551807873e-24
6.576624776648857e-13 7.502380537526e-24
6.816030379676365e-13 7.563543499476e-24
7.175980583735382e-13 7.268508514164e-24
7.490798832741405e-13 7.780727297219e-24
7.90898734463756e-13 7.507241749513e-24
8.434737531349785e-13 7.59951868242e-24
8.766421779877295e-13 7.71873990168e-24
9.035886377921136e-13 7.769965894729e-24
9.335316487617198e-13 7.770855362708e-24
9.59337040248832e-13 7.725485043717e-24
9.964370719046181e-13 7.925887115984e-24
1.0260517743836033e-12 8.010339258552e-24
1.0735378282133449e-12 8.13706315999e-24
1.1163896388442962e-12 8.141847747489e-24
1.1703584715593863e-12 8.441460656077e-24
1.2129673218241956e-12 8.578582319954e-24
1.2517532002625788e-12 8.822962976059e-24
1.3349903475017968e-12 9.295626251578e-24
1.4075356351839011e-12 9.371973297978e-24
1.4692769356753327e-12 9.912846470191e-24
1.5011227165991052e-12 9.75635706086e-24
1.5140796183870294e-12 1.003348321198e-23
1.5512990816573912e-12 9.52626669768e-24
1.582679980918304e-12 9.6418599572e-24
1.6262859003338958e-12 9.798185503476e-24
1.6927537659378115e-12 1.011797324274e-23
1.7796431416722126e-12 1.020097196338e-23
1.833935609792862e-12 1.061807675236e-23
1.8952860291001394e-12 1.092061193551e-23
1.9671060401313264e-12 1.118713245496e-23
2.021311766693363e-12 1.14597546744e-23
2.062196310662218e-12 1.155254191333e-23
2.1557218286011307e-12 1.207367600624e-23
2.2310117047092414e-12 1.226973715393e-23
2.325546580101487e-12 1.297778024347e-23
2.417125064032883e-12 1.329457327352e-23
2.501524507235586e-12 1.329617551108e-23
2.5594937153229386e-12 1.406253273781e-23
2.622506605650116e-12 1.434762028333e-23
2.7414490372038916e-12 1.505489358741e-23
2.8412275239537383e-12 1.499672255523e-23
2.9028912158539495e-12 1.560944921132e-23
2.9743583051149187e-12 1.592589715462e-23
3.060663071988095e-12 1.599128532707e-23
3.145040841852079e-12 1.677857291196e-23
3.2309367890868423e-12 1.72663203926e-23
3.3065560862154077e-12 1.774733962825e-23
3.3879815279873664e-12 1.832555522241e-23
3.511340745864769e-12 1.877270114357e-23
3.691674931304062e-12 1.993613006673e-23
3.8370968857334295e-12 2.091847167336e-23
3.937237297275916e-12 2.186067494786e-23
4.1157838598623875e-12 2.266490113831e-23
4.2596070751285945e-12 2.387658609721e-23
4.364431700537561e-12 2.38786243347e-23
4.433701304520254e-12 2.465585685981e-23
4.588587843142816e-12 2.54600496549e-23
4.7217789396087805e-12 2.608062336458e-23
4.865828623807538e-12 2.714702693318e-23
4.964298319700613e-12 2.791925091156e-23
5.093795006109795e-12 2.848539658886e-23
5.264376843172087e-12 3.135688071607e-23
5.487323557411075e-12 3.173976070082e-23
5.760825803559334e-12 3.290792150081e-23
6.013535481886235e-12 3.494649636251e-23
6.1882246802301155e-12 3.740733118247e-23
6.431938706425938e-12 3.862801692905e-23
6.580923482336776e-12 4.004607576683e-23
6.840103366855243e-12 4.135286971203e-23
7.12996837161009e-12 4.409024498658e-23
7.347471144122602e-12 4.570997325785e-23
7.485494583995372e-12 4.757708479134e-23
7.647907588837007e-12 4.893070762686e-23
7.76930612872143e-12 5.072571117311e-23
8.098450627307688e-12 5.280194211177e-23
8.345581181096788e-12 5.584671181885e-23
8.345581181096788e-12 1e0