# LISA Pathfinder 2301.08736
# Rescaled by factor 2 for B-L coupling rather than B
# mass [eV] g_B-L
9.356559508138436346e-20 2.000000000000000000e+05
9.356559508138436346e-20 7.861982303742450216e-20
1.011995126920637089e-19 7.931599249846463436e-20
1.044247191997943471e-19 7.792976396980211607e-20
1.141319361891290167e-19 7.931599249846463436e-20
1.221596530121258222e-19 8.973514690137242471e-20
1.363373732859799358e-19 1.089416633279457639e-19
1.594921809780914639e-19 9.433189325629468078e-20
1.689345077902644560e-19 9.100987122017939405e-20
1.827176950072104831e-19 8.511191685933288328e-20
1.939402308430451756e-19 8.847827693250763051e-20
2.071477342587088495e-19 1.054764322220505521e-19
2.171288487807322115e-19 1.155363586171226120e-19
2.360753176506264962e-19 1.276763978045773380e-19
2.526801862113246983e-19 1.322590581113559574e-19
2.620999263769821456e-19 1.322590581113559574e-19
2.925189669386130223e-19 1.483195979439682214e-19
3.197112362339344500e-19 1.772304341359983914e-19
3.662681129214394378e-19 2.468865675963818309e-19
4.658613042564867163e-19 2.325210602069124921e-19
5.478377164431088954e-19 2.440732310722035363e-19
6.178466440380987447e-19 2.734704431110073005e-19
6.752810473649104172e-19 2.924209761506368080e-19
7.190090397579751786e-19 2.924209761506368080e-19
7.458131925996867760e-19 2.924209761506368080e-19
8.588989823762837703e-19 2.915629185226721480e-19
9.145171998789372637e-19 3.055990697570946115e-19
9.585818908928968099e-19 3.308341536850573219e-19
1.163186639706122837e-18 3.742933858073360578e-19
1.238509080238498399e-18 3.992907909375098471e-19
1.318709044165743454e-18 4.544054969600331903e-19
1.479472621149106334e-18 4.919283888400005473e-19
1.575276239177195316e-18 5.021523760041517132e-19
1.659834856228301279e-18 5.278754865546968319e-19
1.776582934318030543e-18 5.816305458847145936e-19
2.039553131567531156e-18 5.816305458847145936e-19
2.178448526476109957e-18 5.919766936821001402e-19
2.319514503325529921e-18 6.278115230198474434e-19
2.469715242636687483e-18 6.836598252712627042e-19
2.629642268227698984e-18 7.666783044024394186e-19
2.799925408188859092e-18 7.849157492251747659e-19
2.981235275285231584e-18 8.422725592310619511e-19
3.164342990772900439e-18 9.836436458041011340e-19
3.309882430492401448e-18 1.136654533635332980e-18
3.752426091584355798e-18 1.351843061640391668e-18
3.995415377643304513e-18 1.520462187318357639e-18
4.723109809391336304e-18 1.829693506080857321e-18
5.028955961334450999e-18 1.829693506080857321e-18
5.354607257014095803e-18 1.851327624379637278e-18
5.701346183445172067e-18 1.974969634658497346e-18
6.070538275408620023e-18 2.100686914882054419e-18
6.463637493230189284e-18 2.254192180100242208e-18
6.882191948798617323e-18 2.461942750038278916e-18
7.327850002373595289e-18 2.557814162122062228e-18
7.802366754193753899e-18 2.760902459620633094e-18
8.307610956450947230e-18 2.893815261643170797e-18
8.845572372850540031e-18 2.893815261643170797e-18
9.418369614742170759e-18 2.997682323705653709e-18
1.008083103199339860e-17 3.141993962035668112e-18
1.067764086027866141e-17 3.391465645299454577e-18
1.136907415332920802e-17 3.725863158260393409e-18
1.210528138146472385e-17 3.974697132779422867e-18
1.288916189200206783e-17 3.974697132779422867e-18
1.372380278021576306e-17 3.974697132779422867e-18
1.461249104700330138e-17 4.153818793484448139e-18
1.555872654382422200e-17 4.896848114288606866e-18
1.656623575589080608e-17 5.910110352501565252e-18
1.763898647789330513e-17 6.267874092374204496e-18
1.878120344005525839e-17 6.286320186971330960e-18
1.999738494605796016e-17 6.588950374991812014e-18
2.129232058835800691e-17 7.476430240266415550e-18
2.255287799218743085e-17 8.305837912033096704e-18
2.413918349185810164e-17 8.558566614426342207e-18
2.570232233045838226e-17 8.634351734222466935e-18
2.736668261383390534e-17 9.211002021192477364e-18
2.913881896184936708e-17 9.265296994822386402e-18
3.102571044041042864e-17 9.265296994822386402e-18
3.303478804657425746e-17 8.996985241315876189e-18
3.517396397346281164e-17 8.634351734222466935e-18
3.745166277023410822e-17 8.865757326110528797e-18
3.987685451982524156e-17 9.855082234155435059e-18
4.245909016512684327e-17 1.000095379912109132e-17
4.520853912271592547e-17 1.108433391059720337e-17
4.813602933227221609e-17 1.185940703828344736e-17
5.125308989940596641e-17 1.228507407487589127e-17
5.457199649983286771e-17 1.228507407487589127e-17
5.810581972370486723e-17 1.228507407487589127e-17
6.186847655049756583e-17 1.337791882996173317e-17
6.587478515715495882e-17 1.431337110640021840e-17
7.014052327536137154e-17 1.509086513712834182e-17
7.429301363245143710e-17 1.609871749012660961e-17
7.951857358773035659e-17 1.657881999147836647e-17
8.466781862358738337e-17 1.687372699585032097e-17
8.986812299809070680e-17 1.785314388634219292e-17
9.548763442986185574e-17 1.797950231655906632e-17
1.043640689973843919e-16 1.909030351950245489e-17
1.111221902759771642e-16 1.909030351950245489e-17
1.195617365806471507e-16 2.317630817650273224e-17
1.286422524491084576e-16 3.118486440388133928e-17
1.304030522759792816e-16 6.489878151751474041e-17
1.306760754987095587e-16 8.395268963585442019e-17
1.313611370347911927e-16 1.093693539555128926e-16
1.413377978249168158e-16 3.864638887273685912e-17
1.473753490853915502e-16 2.987910397777893509e-16
1.473753490853915502e-16 2.175375989834398859e-16
1.473753490853915502e-16 1.583802747454337691e-16
1.473753490853915502e-16 1.014732774168501179e-16
1.473753490853915502e-16 4.258186036110582886e-17
1.504901621216169762e-16 7.892847411201725388e-17
1.830896114363619341e-16 1.295027778151029716e-16
1.890893492228350184e-16 1.834479135408797375e-16
1.929896694366728908e-16 3.304639984849466994e-16
2.059477533885518553e-16 3.915444472411427251e-16
2.199729798436491577e-16 4.176939747115378868e-16
2.322660971655045741e-16 4.236274877860654206e-16
2.565259607620307469e-16 5.908180926729983328e-16
2.731373632360054680e-16 6.377285533112927324e-16
2.908244412140616167e-16 6.528985916912890628e-16
2.985279381223367246e-16 1.255105131099618150e-15
3.959214535211774511e-16 6.974130795481627432e-15
4.905829873508658761e-16 1.109519684014757684e-14
5.088715771284309687e-16 1.090128287769870557e-14
6.110640688867237654e-16 2.142946647322906619e-14
6.405073088703876882e-16 1.724130224987517847e-14
7.261455317910424133e-16 2.269998336715889724e-14
7.611338059249519442e-16 3.325127445811212769e-14
8.061947869665471276e-16 7.040941846554579989e-14
8.275496601090456916e-16 8.886044131932791785e-14
8.450401188962784772e-16 1.309698449055977275e-13
8.857571570651542698e-16 1.325184196307322226e-13
1.004186202010929064e-15 9.204988920694964123e-14
1.063636478767533327e-15 1.085156451914960315e-13
1.150417450336861288e-15 1.445615397401496140e-13
1.224913018831616405e-15 1.896604420645371831e-13
1.263950730917837519e-15 2.878736688938386120e-13
1.297430862461093681e-15 3.609706879618917862e-13
1.525736425067336448e-15 4.957984628379006436e-13
1.545003517601055860e-15 4.005443498466959419e-13
1.650219640873803562e-15 5.046178142466821080e-13
1.729733091894623646e-15 5.896617592469157870e-13
1.880668052231957888e-15 7.372193478106862612e-13
1.950778038517404240e-15 9.029357517156866488e-13
2.044773462021149264e-15 1.407239888598668222e-12
2.628114963801555330e-15 3.733169618351035521e-12
3.058426285439205961e-15 3.138917742699586269e-12
3.256475441218584253e-15 3.982491559128263614e-12
3.467349319402312388e-15 5.374408837419771612e-12
3.653471763193437786e-15 6.335775605381804454e-12
4.098865833748451114e-15 8.253930729001456087e-12
4.433287947398781924e-15 9.404280963764602587e-12
4.622665478722845100e-15 1.252812286994841505e-11
4.845401941205765070e-15 1.690681656667955954e-11
5.052383817588682138e-15 1.890421818250758510e-11
5.609351455275847362e-15 2.295039395188521749e-11
5.972586405706489769e-15 2.335863964928621635e-11
6.293186459287294007e-15 2.713535235073797115e-11
6.459883392426565080e-15 3.382618285226739212e-11
6.986938423172493450e-15 5.623949612565256493e-11
7.285400685446738527e-15 7.219735461432462085e-11
8.259486007075491032e-15 1.105541806608343504e-10
8.567393853967272077e-15 1.141862317042966617e-10
1.012779351529143736e-14 1.712907813717595136e-10
1.034184683876385061e-14 8.994635426380392297e-11
1.095410944056788531e-14 7.478871806860953067e-11
1.160261948438225415e-14 9.364141479051195573e-11
1.209825059630546107e-14 1.083032612625951987e-10
1.209825059630546107e-14 2.000000000000000000e+05
