# PPTA
# https://arxiv.org/pdf/2112.07687.pdf
# Mass [eV] g_B-L
3.314936911638145522e-24 3.030000000000000000e+09
3.314936911638145522e-24 7.062937166464699253e-26
3.431083014642859661e-24 7.657515009107514817e-26
3.582004885409255015e-24 6.402666210031233286e-26
3.739565304697655048e-24 5.729605936364799288e-26
3.928138361269013109e-24 6.667504050855395207e-26
4.075782663496437916e-24 6.964599239170165208e-26
4.151672986375490463e-24 5.913646073852034482e-26
4.276047600868491795e-24 5.103391767503373697e-26
4.524942180076142122e-24 5.467985844200896132e-26
4.782438520791898505e-24 5.062865800140926889e-26
5.054587947192101316e-24 5.388396911964449839e-26
5.309472946182063966e-24 4.827896058690562159e-26
5.577210894490319309e-24 4.392465147959158003e-26
5.840464229834303539e-24 3.964000524456064878e-26
6.140124971278236891e-24 3.388201782657595554e-26
6.191830847528578114e-24 3.078145195272627433e-26
6.434443641666412004e-24 4.057722931394298527e-26
6.832039885439384436e-24 4.304796194780967871e-26
7.106289841888653296e-24 4.432090334919543970e-26
7.258985552812038749e-24 3.725497285480331854e-26
7.417212956592576697e-24 3.256200009741046005e-26
7.748379081243253947e-24 3.992436406741008676e-26
8.004258290339839911e-24 3.356594958932613846e-26
8.216211279625243668e-24 3.038906051052485862e-26
8.595215744238273926e-24 3.303194551136319410e-26
8.922849793577488589e-24 3.814329619768745507e-26
9.406480278690230470e-24 3.222467054115557327e-26
9.918865377276813869e-24 3.244319710754605577e-26
1.026481641747256818e-23 3.298959399614542038e-26
1.053177052279056810e-23 2.770894651698773783e-26
1.072292344018216878e-23 2.455530528012718236e-26
1.102606147683397113e-23 3.086619279957774709e-26
1.148042726039982471e-23 3.526876668901835431e-26
1.184618896926834267e-23 3.426523076279675861e-26
1.191926191296440777e-23 2.959886977065720182e-26
1.228199903513939121e-23 2.504620159428920416e-26
1.236726321698085764e-23 2.264867624687956852e-26
1.295101795613972228e-23 2.889534945399872780e-26
1.356232685902193516e-23 2.738707627741523544e-26
1.407208494326458784e-23 2.325438557775815384e-26
1.467875455444811482e-23 1.965914293350556562e-26
1.557489440901015621e-23 2.090924240067593100e-26
1.646119928490722738e-23 2.131552525016116769e-26
1.739794022235388379e-23 2.243795896060174606e-26
1.827525683497025247e-23 2.631680769597533540e-26
1.897673830460869895e-23 2.722754596431673853e-26
2.004121706475222507e-23 2.824088217740776352e-26
2.118168247895935896e-23 2.692668557985856763e-26
2.231831802366897405e-23 3.090865066673025545e-26
2.351594685173937294e-23 3.480322199102591321e-26
2.455033473351370330e-23 3.575691881409284588e-26
2.500745744675398067e-23 3.088316894324591977e-26
2.692266335021797098e-23 2.806030227587540989e-26
2.845472431787583700e-23 2.961922007789902073e-26
3.007396874053148390e-23 3.187224342240596269e-26
3.136465928285651709e-23 3.610263986422188186e-26
3.265714509216139921e-23 4.191746715404392120e-26
3.438841453577500503e-23 4.051989871920393519e-26
3.632616884548492260e-23 4.187649483157111936e-26
3.792403556469258521e-23 4.535632863088479481e-26
3.990646503007707844e-23 5.104794985636271223e-26
4.234275985573731376e-23 5.013828520833473726e-26
4.430423842016695847e-23 5.865073239118800662e-26
4.576799305791068467e-23 7.022278029192955867e-26
4.777068121874574670e-23 7.168573512585225790e-26
5.048049557525483401e-23 6.543844463533925997e-26
5.307218161057969902e-23 6.977292629213559246e-26
5.658222992168438172e-23 6.359102907252337678e-26
5.939487445996248767e-23 6.796613940857843622e-26
6.192928691745003813e-23 7.461777573821972267e-26
7.077902555173601021e-23 1.026780265593763801e-25
7.387465634981821977e-23 1.147773718460505048e-25
7.753175217436019380e-23 1.326421263609355170e-25
8.232258338749660200e-23 1.220713763287431880e-25
8.684018829124622470e-23 1.336358384829020404e-25
9.195846514996908304e-23 1.434095075708167207e-25
9.661210731270319879e-23 1.755762252171359423e-25
9.758072378708949664e-23 1.972107326335641537e-25
1.022495504223438371e-22 1.516308877814745486e-25
1.074056337328738237e-22 1.907209100506897255e-25
1.112144113329288974e-22 2.185670874387218370e-25
1.151877651779677250e-22 2.490908121490454238e-25
1.183288639148549645e-22 3.004595341111950213e-25
1.193642287324731561e-22 3.531273208000147910e-25
1.214622156278760028e-22 4.793033503338455658e-25
1.225878022866456786e-22 6.618382746766858652e-25
1.231815520458082472e-22 9.469089241646921702e-25
1.233439823203735642e-22 1.301567789947612498e-24
1.239413946112443173e-22 1.842543869429888353e-24
1.241048268332155521e-22 2.559656605923381961e-24
1.247059242480358848e-22 3.593774816334699644e-24
1.248703645979025498e-22 5.018262912796452149e-24
1.256406245646514291e-22 9.797926361474543032e-24
1.256406245646514291e-22 7.022882384770174918e-24
1.261826318428679343e-22 1.478057559855106750e-23
1.264156358622578360e-22 1.296935575973844450e-23
1.265823306806087239e-22 1.919490930622180321e-23
1.271954277991946199e-22 2.707709155421084885e-23
1.273631508706914996e-22 3.748269310473896319e-23
1.283741439608199771e-22 5.261906016454865482e-23
1.292653438642804454e-22 6.273457704922763763e-23
1.339032071403208304e-22 4.483415121880042901e-23
1.345163060533043778e-22 3.450718685285068331e-23
1.348475981564221643e-22 2.997634281091863841e-23
1.352628609072891797e-22 2.295959535408898483e-23
1.359180018722895215e-22 1.616136690498732043e-23
1.360972267480588668e-22 1.171096073256005078e-23
1.369367393552906990e-22 8.316567629279505439e-24
1.369367393552906990e-22 6.367668720800383621e-24
1.377814304766972413e-22 5.511850128903661618e-24
1.377814304766972413e-22 4.255157376395535595e-24
1.384487700458603090e-22 3.015142144660368622e-24
1.388141347966152204e-22 2.248510271327333579e-24
1.394864762332544817e-22 1.539741391609139000e-24
1.394864762332544817e-22 1.188682889959202347e-24
1.399160243944473558e-22 2.015147868169957766e-24
1.403468953478403693e-22 1.041731470885492439e-24
1.403468953478403693e-22 7.926942448880030052e-25
1.447292608705471411e-22 6.002970241821644408e-25
1.516939202799164801e-22 5.125229466471381484e-25
1.605799394969853162e-22 5.456770292870598057e-25
1.691117508062758329e-22 5.011232188914087831e-25
1.703452687251814922e-22 4.566325497993687431e-25
1.758187303397749874e-22 6.760245245166120748e-25
1.789351783479990021e-22 7.489972393491886882e-25
1.820428850581100084e-22 8.965311861848356387e-25
1.932982573523799699e-22 8.030216997821034191e-25
1.950229073107153117e-22 6.749302073829676664e-25
2.039145668066348644e-22 9.442165426476339742e-25
2.158501175162679233e-22 8.450168058117334495e-25
2.345345515687891228e-22 8.437593848034652231e-25
2.433498444708979135e-22 9.792455700957472311e-25
2.465778243203360510e-22 1.140660927933304705e-24
2.509485018243214176e-22 1.259329090785303402e-24
2.524964718754506813e-22 1.547698869816538865e-24
2.685111858642342491e-22 1.680758658922545235e-24
2.837910822805272394e-22 1.500494754787714973e-24
3.012608892328056152e-22 1.716785076808005500e-24
3.177896511855336251e-22 1.654170881231559977e-24
3.292614045712093938e-22 1.865846678225170364e-24
3.391948446771928844e-22 2.433842009850110126e-24
3.573964638085025945e-22 2.337657734872655589e-24
3.662967611173966965e-22 2.559656605923381961e-24
3.788976975670849326e-22 3.068903750869394141e-24
3.919321175095661522e-22 3.158783640762255287e-24
3.980041688107666100e-22 2.531662761844762362e-24
4.041702920324756419e-22 2.285234276921141519e-24
4.337879831114148341e-22 2.261795668701148981e-24
4.487106780081723237e-22 2.357017537928737439e-24
4.528688662167696171e-22 2.940876862435581678e-24
4.584731202584663029e-22 3.388175816008986402e-24
4.727890535773248722e-22 4.268338320147964458e-24
5.018933278511040617e-22 4.238270240672238263e-24
5.248913662572640972e-22 4.243266837567217951e-24
5.592135806660606100e-22 3.930428892344624479e-24
5.796719270653445562e-22 4.864714572952835546e-24
6.061274737293873162e-22 5.715545846147616684e-24
6.331782500004525869e-22 6.599362443122633900e-24
6.630652830234558704e-22 8.401788340765426132e-24
7.051205275369334443e-22 8.054976966909554428e-24
7.338764519264588985e-22 7.519954733186485316e-24
7.551316320125859566e-22 9.466010705124060546e-24
7.857199831241997830e-22 1.185266782071693750e-23
8.223013993824571114e-22 1.234827130377629824e-23
8.798503369451224241e-22 1.321227650960789832e-23
9.157320178425305840e-22 1.405535512481707280e-23
9.501510230727828452e-22 1.603806798211525400e-23
9.501510230727828452e-22 3.030000000000000000e+09
