1e-30 1.300000000000000014e-13
1.012838417963029798e+02 1.300000000000000014e-13
2.670501324990856574e+03 1.313472438895336816e-13
4.621893612514050801e+03 1.327084498259747204e-13
5.455594781168514601e+03 1.340837625038013465e-13
7.269354442055684558e+03 1.382958105167363925e-13
1.012838417963030952e+04 1.456119720529971356e-13
1.384440317342557864e+04 1.597701309371560765e-13
1.786806659052037867e+04 1.808118685874751224e-13
2.396080391255526411e+04 2.268477087509328479e-13
2.792436972315750245e+04 2.675322783730736815e-13
3.275182140029337461e+04 3.356476808738190813e-13
4.391969138775219471e+04 5.979018806665327083e-13
4.957821182959235739e+04 8.146260197978868365e-13
5.420907817399447231e+04 1.076102895754181766e-12
6.197888618396714446e+04 1.729115282781270560e-12
7.086234376233990770e+04 3.017275692808829195e-12
7.797704244355937408e+04 4.848251531879494080e-12
8.364455463978198532e+04 7.099974438145012081e-12
8.972399185249346192e+04 1.083524846602926122e-11
9.472274903764853661e+04 1.538429789002662740e-11
9.968159039909995045e+04 2.161916293759258346e-11
