# Combination of all XENON/XENON1T/XENONnT/ Axion-electron dark matter limits  
#  Mass [eV] 	 g_ae
1.131631111777070409e+01 3.791758002217694309e-10
1.142362288449513485e+01 3.528361430807727356e-10
1.153195228100701719e+01 2.119422621274183789e-10
1.164130895741663529e+01 1.730255046400930489e-10
1.175170265534559633e+01 1.404592494247927341e-10
1.186314320879458428e+01 1.135076241805906296e-10
1.197564054501941833e+01 8.972508912328869702e-11
1.208920468541536763e+01 6.987151382157340189e-11
1.220384574640987019e+01 5.410559425656580661e-11
1.231957394036373543e+01 4.552534739503284443e-11
1.243639957648084504e+01 4.216793689461273704e-11
1.255433306172652408e+01 3.905812923334315091e-11
1.267338490175460208e+01 3.562597707280852952e-11
1.279356570184326714e+01 3.233270675211908810e-11
1.291488616783981591e+01 2.971414360509533009e-11
1.303735710711431217e+01 2.814548401770151166e-11
1.316098942952233664e+01 2.665963660668499759e-11
1.328579414837685135e+01 2.525222957805569433e-11
1.341178238142927448e+01 2.451636959100868350e-11
1.353896535185985428e+01 2.456227094492276646e-11
1.366735438927747737e+01 2.460825823873440812e-11
1.379696093072887564e+01 2.465433163334661968e-11
1.392779652171748062e+01 2.470049128996376133e-11
1.405987281723190740e+01 2.474673737009171677e-11
1.419320158278418376e+01 2.479307003553905316e-11
1.432779469545786633e+01 2.483948944841718596e-11
1.446366414496601926e+01 2.488599577114105095e-11
1.460082203471930740e+01 2.493258916642966005e-11
1.473928058290416665e+01 2.507119858997969647e-11
1.487905212357121343e+01 2.529269153685880317e-11
1.502014910773400480e+01 2.551614127592491948e-11
1.516258410447814242e+01 2.574156509457103122e-11
1.530636980208097064e+01 2.596898043291690740e-11
1.545151900914186349e+01 2.619840488515795393e-11
1.559804465572321952e+01 2.642985620092662369e-11
1.574595979450228356e+01 2.666335228666517765e-11
1.589527760193393036e+01 2.689891120701171644e-11
1.604601137942438172e+01 2.713655118619730140e-11
1.619817455451615729e+01 2.738699691053802267e-11
1.635178068208418978e+01 2.764597254797300304e-11
1.650684344554331773e+01 2.790739709870081304e-11
1.666337665806724289e+01 2.817129372002062570e-11
1.682139426381897351e+01 2.843768578821070785e-11
1.698091033919303072e+01 2.870659690059863674e-11
1.714193909406937522e+01 2.897805087765228658e-11
1.730449487307922851e+01 2.925207176508940731e-11
1.746859215688294498e+01 2.952868383600773744e-11
1.763424556345992045e+01 2.980791159303514053e-11
1.780146984941081101e+01 3.007434759777871149e-11
1.797027991127205482e+01 3.033770551933886134e-11
1.814069078684286751e+01 3.060336963871836927e-11
1.831271765652486749e+01 3.087136015105084646e-11
1.848637584467430273e+01 3.114169742831621413e-11
1.866168082096719871e+01 3.141440202089018733e-11
1.883864820177741350e+01 3.168949465910548136e-11
1.901729375156774893e+01 3.196699625482854087e-11
1.919763338429430632e+01 3.224692790304885748e-11
1.937968316482405484e+01 3.252931088348212988e-11
1.956345931036596397e+01 3.283124007500221397e-11
1.974897819191563286e+01 3.313914538296767181e-11
1.993625633571361533e+01 3.344993835763292845e-11
2.012531042471766440e+01 3.376364608076199190e-11
2.031615730008878984e+01 3.408029588810368851e-11
2.050881396269152646e+01 3.439991537177254083e-11
2.070329757460839915e+01 3.472253238265422172e-11
2.089962546066870885e+01 3.504817503283124214e-11
2.109781510999191312e+01 3.537687169803374510e-11
2.129788417754549457e+01 3.570865102011092749e-11
2.149985048571774016e+01 3.607531366474803637e-11
2.170373202590536721e+01 3.644743509225098176e-11
2.190954696011620939e+01 3.682339499938847798e-11
2.211731362258715450e+01 3.720323298056360478e-11
2.232705052141727009e+01 3.758698903860131043e-11
2.253877634021668186e+01 3.797470358896015048e-11
2.275250993977080327e+01 3.836641746398985746e-11
2.296827035972053110e+01 3.876217191723041177e-11
2.318607682025831096e+01 3.916200862775790000e-11
2.340594872384028946e+01 3.956596970457271452e-11
2.362790565691474143e+01 4.008552642888229375e-11
2.385196739166679691e+01 4.066456537026343580e-11
2.407815388777980914e+01 4.125196857988565460e-11
2.430648529421337045e+01 4.184785688033653066e-11
2.453698195099821433e+01 4.245235283949650479e-11
2.476966439104814555e+01 4.306558079574980506e-11
2.500455334198909796e+01 4.368766688355948847e-11
2.524166972800559705e+01 4.431873905941219344e-11
2.548103467170470893e+01 4.495892712813664880e-11
2.572266949599766406e+01 4.560052604205674080e-11
2.596659572599936538e+01 4.621300443277752008e-11
2.621283509094579145e+01 4.683370925884147704e-11
2.646140952612972441e+01 4.746275101269941481e-11
2.671234117485476034e+01 4.810024167086900063e-11
2.696565239040783268e+01 4.874629471386862301e-11
2.722136573805054027e+01 4.940102514641703891e-11
2.747950399702918745e+01 5.006454951790627486e-11
2.774009016260406923e+01 5.073698594314833774e-11
2.800314744809786305e+01 5.141845412340182934e-11
2.826869928696352474e+01 5.211594965984262503e-11
2.853676933487179568e+01 5.284038718727867221e-11
2.880738147181840958e+01 5.357489475535623887e-11
2.908055980425139353e+01 5.431961234263111680e-11
2.935632866721850220e+01 5.507468187342948049e-11
2.963471262653498073e+01 5.584024724489665439e-11
2.991573648097198301e+01 5.661645435441961716e-11
3.019942526446559583e+01 5.740345112743060356e-11
3.048580424834692693e+01 5.820138754559938425e-11
3.077489894359331757e+01 5.901041567541526408e-11
3.106673510310085007e+01 5.990302412783916952e-11
3.136133872397853395e+01 6.091985906568142100e-11
3.165873604986403933e+01 6.195395445582729669e-11
3.195895357326159214e+01 6.300560328901024875e-11
3.226201803790193878e+01 6.407510352938800240e-11
3.256795644112467869e+01 6.516275819896662552e-11
3.287679603628330227e+01 6.626887546345515536e-11
3.318856433517285609e+01 6.739376871957752370e-11
3.350328911048077174e+01 6.853775668386927112e-11
3.382099839826087617e+01 6.970116348297750696e-11
3.414172050043089257e+01 7.081976115942857317e-11
3.446548398729363782e+01 7.189557790331283421e-11
3.479231770008196634e+01 7.298773728444231657e-11
3.512225075352818493e+01 7.409648756237731480e-11
3.545531253845744857e+01 7.522208076796812766e-11
3.579153272440599665e+01 7.636477276064255012e-11
3.613094126226422986e+01 7.752482328656667403e-11
3.647356838694457792e+01 7.870249603768768323e-11
3.681944462007507468e+01 7.989805871167385518e-11
3.716860077271812912e+01 8.111178307276515923e-11
3.752106794811520274e+01 8.234394501354780265e-11
3.787687754445767752e+01 7.862509653386885917e-11
3.823606125768358055e+01 7.422051593913133684e-11
3.859865108430138037e+01 7.006268009983153400e-11
3.896467932424006619e+01 5.906405680609322245e-11
3.933417858372654763e+01 4.587182412542457415e-11
3.970718177819029648e+01 4.314650734411463839e-11
4.008372213519533744e+01 4.083499151766930037e-11
4.046383319740041884e+01 3.864731202804014603e-11
4.084754882554683775e+01 3.653112335791510333e-11
4.123490320147489996e+01 3.195789293358584044e-11
4.162593083116884429e+01 2.795717259357828267e-11
4.202066654783067179e+01 2.577213478106637529e-11
4.241914551498319241e+01 2.429148736114924275e-11
4.282140322960232481e+01 2.289590533456228266e-11
4.322747552527928860e+01 2.158050156811955779e-11
4.363739857541266076e+01 2.130127599529103202e-11
4.405120889643076509e+01 2.116760546559054056e-11
4.446894335104464346e+01 2.103477374998336772e-11
4.489063915153172246e+01 2.090277558471327557e-11
4.531633386305082212e+01 2.077160573905535779e-11
4.574606540698844981e+01 2.064125901510872436e-11
4.617987206433687675e+01 2.051173024759054649e-11
4.661779247910439494e+01 2.038301430363136496e-11
4.705986566175747043e+01 2.025510608257176199e-11
4.750613099269619966e+01 2.009400858030643139e-11
4.795662822576208839e+01 1.970628294903049626e-11
4.841139749177946783e+01 1.932603871025766036e-11
4.887047930213051217e+01 1.895313150614998254e-11
4.933391455236372991e+01 1.858741976433854486e-11
4.980174452583737832e+01 1.822876464417597704e-11
5.027401089739672813e+01 1.787702998402606176e-11
5.075075573708662802e+01 1.754722102877033226e-11
5.123202151389924097e+01 1.737053400383003868e-11
5.171785109955694537e+01 1.719562608138864753e-11
5.220828777233179352e+01 1.702247934725195859e-11
5.270337522090046178e+01 1.685107606760765517e-11
5.320315754823623422e+01 1.668139868720955867e-11
5.370767927553781362e+01 1.651342982757904388e-11
5.421698534619505949e+01 1.634715228522561195e-11
5.473112112979296739e+01 1.605138180005544214e-11
5.525013242615293052e+01 1.561079208090392807e-11
5.577406546941278265e+01 1.518229598104581881e-11
5.630296693214546622e+01 1.476556154623590779e-11
5.683688392951638946e+01 1.436026593394494235e-11
5.737586402348090786e+01 1.396623489210525975e-11
5.791995522702086419e+01 1.358648371003984430e-11
5.846920600842175730e+01 1.321705821427391629e-11
5.902366529559049013e+01 1.285767764255410631e-11
5.958338248041358298e+01 1.250806886673899063e-11
6.014840742315749367e+01 1.216796618522215070e-11
6.071879045690987198e+01 1.183711112099992912e-11
6.129458239206345382e+01 1.113654124446831855e-11
6.187583452084237479e+01 1.043394319358307501e-11
6.246259862187106648e+01 9.775671653979226482e-12
6.305492696478714976e+01 9.158930091279808757e-12
6.365287231489733699e+01 8.705558824211122579e-12
6.425648793787800628e+01 8.286143945889668379e-12
6.486582760452010632e+01 7.886935563636897732e-12
6.548094559551913107e+01 7.506960172447532931e-12
6.610189670631058334e+01 7.322404171916570738e-12
6.672873625195109071e+01 7.222520710398488092e-12
6.736152007204599101e+01 7.123999739348098584e-12
6.800030453572362887e+01 7.026822673303442134e-12
6.864514654665669013e+01 6.930971180323153389e-12
6.929610354813142692e+01 6.836427178528270005e-12
6.995323352816451745e+01 6.743172832691065002e-12
7.061659502466893912e+01 6.651190550870695614e-12
7.128624713066845686e+01 6.542927777456639378e-12
7.196224949956169326e+01 6.287763274100812397e-12
7.264466235043636289e+01 6.042549808871549452e-12
7.333354647343318788e+01 5.806899306004024061e-12
7.402896323516168309e+01 5.580438824114098174e-12
7.473097458416637551e+01 5.392292933077761095e-12
7.543964305644541923e+01 5.251749563715578526e-12
7.615503178102149207e+01 5.114869281451373428e-12
7.687720448556498809e+01 4.981556612502581803e-12
7.760622550207150994e+01 4.851718571491340398e-12
7.834215977259221120e+01 4.725264596587333331e-12
7.908507285501903539e+01 4.602106486341073573e-12
7.983503092892489406e+01 4.487583474598522291e-12
8.059210080145857091e+01 4.376579015456232188e-12
8.135634991329649779e+01 4.268320352580271107e-12
8.212784634465005240e+01 4.162739566202455011e-12
8.290665882133041009e+01 4.059770416611793265e-12
8.369285672087082162e+01 3.959348302596799757e-12
8.448651007870638807e+01 3.869773395784078848e-12
8.528768959441357822e+01 3.830878886579534673e-12
8.609646663800765509e+01 3.792375300225385871e-12
8.691291325630062659e+01 3.754258707614992666e-12
8.773710217931943589e+01 3.716525219132526993e-12
8.856910682678434910e+01 3.679170984256150368e-12
8.940900131464988476e+01 3.642192191165025555e-12
9.025686046170663701e+01 3.605585066350347800e-12
9.111275979624646482e+01 3.579092648957563975e-12
9.197677556279076327e+01 3.575435338127341465e-12
9.284898472888191634e+01 3.571781764535511108e-12
9.372946499194036107e+01 3.568131924363174694e-12
9.461829478618538758e+01 3.564485813795321922e-12
9.551555328962234626e+01 3.560843429020855447e-12
9.642132043109614870e+01 3.557204766232528671e-12
9.733567689741086326e+01 3.553569821627028551e-12
9.825870414051807700e+01 3.549938591404915007e-12
9.919048438477220486e+01 3.546311071770643547e-12
1.001311006342554037e+02 3.542687258932505887e-12
1.010806366801713949e+02 3.563157233303145637e-12
1.020391771083101133e+02 3.604154709108159267e-12
1.030068073065824876e+02 3.645623899438333660e-12
1.039836134726265726e+02 3.687570231813005600e-12
1.049696826214867684e+02 3.729999196200269926e-12
1.059651025933648611e+02 3.772916345735424667e-12
1.069699620614446758e+02 3.816327297447829351e-12
1.079843505397919330e+02 3.860237732996048845e-12
1.090083583913273486e+02 3.904653399411459653e-12
1.100420768358771682e+02 3.972473448633222885e-12
1.110855979582983082e+02 4.065564326202156335e-12
1.121390147166820555e+02 4.160836693867526875e-12
1.132024209506346750e+02 4.258341672632436184e-12
1.142759113896363061e+02 4.358131581468731549e-12
1.153595816614802771e+02 4.460259965390188648e-12
1.164535283007914899e+02 4.564781624183575151e-12
1.175578487576254787e+02 4.671752641812905243e-12
1.186726414061495518e+02 4.781230416512942393e-12
1.197980055534069379e+02 4.989439751681508794e-12
1.209340414481617074e+02 5.213617398198664640e-12
1.220808502898298542e+02 5.447867441557732904e-12
1.232385342374944486e+02 5.692642438825541643e-12
1.244071964190058424e+02 5.949084142500908101e-12
1.255869409401679633e+02 6.228716663727852110e-12
1.267778728940130293e+02 6.521493115189217579e-12
1.279800983701629491e+02 6.828031318092843062e-12
1.291937244642796259e+02 7.148978133898430807e-12
1.304188592876053576e+02 7.475609748470169996e-12
1.316556119765943151e+02 7.810375181086122850e-12
1.329040927026331076e+02 8.160131751367798968e-12
1.341644126818557936e+02 8.525550777756692281e-12
1.354366841850513481e+02 8.907333641019289042e-12
1.367210205476645797e+02 9.303059889101414072e-12
1.380175361798917777e+02 9.715072409517766607e-12
1.393263465768733340e+02 1.014533207861463987e-11
1.406475683289818051e+02 1.059464702337476033e-11
1.419813191322075170e+02 1.105233173886835446e-11
1.433277177986435333e+02 1.147074090357700661e-11
1.446868842670697006e+02 1.190498982348383574e-11
1.460589396136367384e+02 1.235567814569483779e-11
1.474440060626513684e+02 1.282342821821287786e-11
1.488422069974650697e+02 1.331952347514913905e-11
1.502536669714648667e+02 1.386203032726682166e-11
1.516785117191680854e+02 1.442663359185329439e-11
1.531168681674239735e+02 1.501423326020277302e-11
1.545688644467199424e+02 1.562576598043493657e-11
1.560346299025953840e+02 1.615122062597321664e-11
1.575142951071640880e+02 1.653188272931062274e-11
1.590079918707461673e+02 1.692151651598217429e-11
1.605158532536096061e+02 1.732033343625096408e-11
1.620380135778227952e+02 1.772854992397237872e-11
1.635746084392212367e+02 1.814638751405072451e-11
1.651257747194859462e+02 1.888024987407766129e-11
1.666916505983366790e+02 1.981567971789411997e-11
1.682723755658419691e+02 2.079745582293797377e-11
1.698680904348447598e+02 2.182787443402548772e-11
1.714789373535056995e+02 2.290934556437857703e-11
1.731050598179662643e+02 2.333317460989561241e-11
1.747466026851318475e+02 2.367332012607001670e-11
1.764037121855755572e+02 2.401842420335366461e-11
1.780765359365639426e+02 2.436855912648070178e-11
1.797652229552081167e+02 2.472379823393537049e-11
1.814699236717377175e+02 2.508421593331304438e-11
1.831907899429010911e+02 2.544988771690527092e-11
1.849279750654930865e+02 2.582089017751241445e-11
1.866816337900121141e+02 2.619730102448682091e-11
1.884519223344434522e+02 3.591369630565832840e-13
1.902389983981764203e+02 3.566661481493480510e-13
1.920430211760527186e+02 3.542123321225784545e-13
1.938641513725473828e+02 3.517753980262190855e-13
1.957025512160838048e+02 3.440236743596869632e-13
1.975583844734865409e+02 3.350344740961138807e-13
1.994318164645691240e+02 3.262801580204648275e-13
2.013230140768606873e+02 3.029272353614078535e-13
2.032321457804725924e+02 2.703559472304141283e-13
2.051593816431073947e+02 2.310892305708466380e-13
2.071048933452062784e+02 2.042521747797754621e-13
2.090688541952439436e+02 1.899916208970761802e-13
2.110514391451673077e+02 1.882430636711795429e-13
2.130528248059800944e+02 1.865105990095644065e-13
2.150731894634748755e+02 1.847940788069121113e-13
2.171127130941161738e+02 1.825885587431835638e-13
2.191715773810725238e+02 1.802403030142907513e-13
2.212499657304004188e+02 1.779222480000880367e-13
2.233480632873828426e+02 1.756137655153038790e-13
2.254660569530226439e+02 1.730562744031435650e-13
2.276041354006915185e+02 1.705360284395595129e-13
2.297624890929364767e+02 1.680524852175481997e-13
2.319413102984479735e+02 1.658265066929483910e-13
2.341407931091866033e+02 1.639765911669784913e-13
2.363611334576724232e+02 1.621473127968021976e-13
2.386025291344401751e+02 1.603384413599062877e-13
2.408651798056581583e+02 1.583563167267204264e-13
2.431492870309141097e+02 1.563197097754441407e-13
2.454550542811708169e+02 1.543092954507691898e-13
2.477826869568921779e+02 1.523573688392773599e-13
2.501323924063399033e+02 1.515705418763649683e-13
2.525043799440437340e+02 1.507877783642346650e-13
2.548988608694487539e+02 1.500090573177994399e-13
2.573160484857375536e+02 1.490552778367915474e-13
2.597561581188307969e+02 1.477745313099419692e-13
2.622194071365700552e+02 1.465047895035548025e-13
2.647060149680806944e+02 1.452459578603783045e-13
2.672162031233181096e+02 1.423843320839011736e-13
2.697501952128008043e+02 1.387999315689409169e-13
2.723082169675302566e+02 1.353057651890398302e-13
2.748904962590988248e+02 1.273942550505872371e-13
2.774972631199881334e+02 1.145439064197559681e-13
2.801287497640619790e+02 9.678043582636594899e-14
2.827851906072518204e+02 8.477980398052020019e-14
2.854668222884377542e+02 7.761861228794945119e-14
2.881738836905292942e+02 7.485103784610037532e-14
2.909066159617470930e+02 7.218214422403604939e-14
2.936652625371013983e+02 7.126371899325230790e-14
2.964500691600794653e+02 7.050713792142491481e-14
2.992612839045370379e+02 6.975858919658073521e-14
3.020991571967963409e+02 6.920303246368585896e-14
3.049639418379537119e+02 6.890508006258168206e-14
3.078558930264009064e+02 6.860841049013608603e-14
3.107752683805578613e+02 6.831301822315408421e-14
3.137223279618208380e+02 6.969275049534035425e-14
3.166973342977292418e+02 7.170595735327314977e-14
3.197005524053543581e+02 7.377731949743073251e-14
3.227322498149034118e+02 7.587623022368295916e-14
3.257926965935536714e+02 7.753096064424485679e-14
3.288821653695108012e+02 7.922177789669944466e-14
3.320009313562940179e+02 8.094946897294575583e-14
3.351492723772518048e+02 8.203615821316945908e-14
3.383274688903124456e+02 8.203615821316945908e-14
3.415358040129666506e+02 8.203615821316945908e-14
3.447745635474873325e+02 8.203615821316945908e-14
3.480440360063898311e+02 8.238485658937353991e-14
3.513445126381336081e+02 8.288402394281735742e-14
3.546762874530665499e+02 8.338621573615290987e-14
3.580396572496143790e+02 8.387846076069996346e-14
3.614349216407221661e+02 8.380610861053174588e-14
3.648623830805428838e+02 8.373381887011160381e-14
3.683223468913797092e+02 8.366159148560628066e-14
3.718151212908861680e+02 8.376264724627929269e-14
3.753410174195219611e+02 8.419747256604394715e-14
3.789003493682684507e+02 8.463455513369800964e-14
3.824934342066093222e+02 8.507390666697688559e-14
3.861205920107763063e+02 8.571146079710013201e-14
3.897821458922609850e+02 8.645431313270894666e-14
3.934784220265968884e+02 8.720360369241740723e-14
3.972097496824179075e+02 8.795938827564562779e-14
4.009764612507888160e+02 8.834612322701341298e-14
4.047788922748138134e+02 8.872814062717935492e-14
4.086173814795293424e+02 8.911180990847714107e-14
4.124922708020773712e+02 8.900624198426930470e-14
4.164039054221642004e+02 8.778575248392699238e-14
4.203526337928106500e+02 8.658199882802927733e-14
4.243388076713932264e+02 8.539475152792526818e-14
4.283627821509786600e+02 8.454174037995146075e-14
4.324249156919541974e+02 8.388768178931695894e-14
4.365255701539628035e+02 8.323868333392523549e-14
4.406651108281362781e+02 8.259470586595523066e-14
4.448439064696352716e+02 8.242441216448068399e-14
4.490623293304986419e+02 8.228227766775755797e-14
4.533207551928073258e+02 8.214038827093451488e-14
4.576195634021541991e+02 8.203615821316945908e-14
4.619591369014394218e+02 8.203615821316945908e-14
4.663398622649843901e+02 8.203615821316945908e-14
4.707621297329668550e+02 8.203615821316945908e-14
4.752263332461828327e+02 8.187078684655451220e-14
4.797328704811421858e+02 8.158867067444986696e-14
4.842821428854924761e+02 8.130752663828774258e-14
4.888745557137795572e+02 8.102735138821371132e-14
4.935105180635486022e+02 7.931089497787467454e-14
4.981904429117905124e+02 7.748432919907895592e-14
5.029147471517242707e+02 7.569983005621229785e-14
5.076838516299378625e+02 7.407145674145113153e-14
5.124981811838783869e+02 7.286687205756454768e-14
5.173581646796959603e+02 7.168187689337239783e-14
5.222642350504459046e+02 7.051615267494133532e-14
5.272168293346585415e+02 6.956555309084082905e-14
5.322163887152690904e+02 6.878949865116238646e-14
5.372633585589177301e+02 6.802210166429766408e-14
5.423581884556247132e+02 6.726326555005152458e-14
5.475013322588411029e+02 6.696158139521695202e-14
5.526932481258779717e+02 6.673084042216729139e-14
5.579343985587172483e+02 6.650089455275099672e-14
5.632252504452161475e+02 6.627174104714292109e-14
5.685662751006955205e+02 6.604337717495987582e-14
5.739579483099241770e+02 6.581580021522689242e-14
5.794007503695054311e+02 6.558900745634546624e-14
5.848951661306606411e+02 6.530591699781182421e-14
5.904416850424196355e+02 6.496865430600331267e-14
5.960408011952221159e+02 6.463313335718708819e-14
6.016930133649332220e+02 6.429934515639060080e-14
6.073988250572738252e+02 6.410429183975859266e-14
6.131587445526718056e+02 6.393854903552016559e-14
6.189732849515432918e+02 6.377323476229531450e-14
6.248429642199994305e+02 6.363251538177099991e-14
6.307683052359844851e+02 6.363251538177099991e-14
6.367498358358589030e+02 6.363251538177099991e-14
6.427880888614174637e+02 6.363251538177099991e-14
6.488836022073541017e+02 6.337659176016660616e-14
6.550369188691795443e+02 6.283203305041549675e-14
6.612485869915935837e+02 6.229215342138063210e-14
6.675191599173124359e+02 6.175691266840461621e-14
6.738491962363600578e+02 5.703852202631149329e-14
6.802392598358311488e+02 5.121509636935669908e-14
6.866899199501216344e+02 4.073765749629536468e-14
6.932017512116349280e+02 3.230537545150359531e-14
6.997753337019713626e+02 2.583299370985309304e-14
7.064112530036080670e+02 2.287671569611160746e-14
7.131101002520542806e+02 2.306038673265284435e-14
7.198724721885157578e+02 2.358363705759585538e-14
7.266989712130535963e+02 2.411876016271931540e-14
7.335902054382456754e+02 2.466134370434065056e-14
7.405467887433554779e+02 2.519916530564060600e-14
7.475693408290217121e+02 2.574871587346769369e-14
7.546584872724598654e+02 2.631025119646192028e-14
7.618148595831878538e+02 2.685897759431982253e-14
7.690390952592822487e+02 2.739739952286959191e-14
7.763318378441726964e+02 2.794661479499055089e-14
7.836937369839604344e+02 2.850683977680611757e-14
7.911254484852947826e+02 2.909989611752241834e-14
7.986276343737943080e+02 2.970886644019977997e-14
8.062009629530188022e+02 3.033058061778328329e-14
8.138461088640004846e+02 3.095564559894102960e-14
8.215637531453463680e+02 3.154895329020269881e-14
8.293545832939039428e+02 3.215363254260287471e-14
8.372192933260023437e+02 3.276990130781268674e-14
8.451585838392775258e+02 3.289636640142810486e-14
8.531731620750845195e+02 3.252938346144083416e-14
8.612637419814972191e+02 3.216649448358294645e-14
8.694310442769055953e+02 3.180765379672360050e-14
8.776757965142226112e+02 3.174395656032791354e-14
8.859987331456937909e+02 3.174395656032791354e-14
8.944005955883195611e+02 3.174395656032791354e-14
9.028821322899074175e+02 3.173232335565025791e-14
9.114440987957419793e+02 3.165027886054666783e-14
9.200872578158874830e+02 3.156844649296671524e-14
9.288123792931330627e+02 3.148682570445111343e-14
9.376202404715819512e+02 3.099506463788496211e-14
9.465116259658875606e+02 3.004696300583301394e-14
9.554873278311449667e+02 2.912786265883083977e-14
9.645481456334534869e+02 2.823687648255863136e-14
9.736948865211409156e+02 2.807082924219721068e-14
9.829283652966613545e+02 2.810210326284163301e-14
9.922494044891852809e+02 2.813341212621747364e-14
1.001658834427868328e+03 2.816475587114352379e-14
1.011157493315816055e+03 2.117552013150334620e-14
1.020746227304753688e+03 2.143871562944933151e-14
1.030425890570404817e+03 9.474922401469666903e-15
1.040197345388580061e+03 9.460761107437353917e-15
1.050061462211986509e+03 9.446620978987212524e-15
1.060019119747775449e+03 9.432501984484958014e-15
1.070071205035814501e+03 9.418404092343703597e-15
1.080218613527704747e+03 9.404327271023652744e-15
1.090462249166549782e+03 9.390271489032152833e-15
1.100803024467486921e+03 9.376687204783775822e-15
1.111241860598963058e+03 9.364583321651670226e-15
1.121779687464799736e+03 9.352495062799656032e-15
1.132417443787032653e+03 9.340422408059081094e-15
1.143156077189531061e+03 9.328365337287436114e-15
1.153996544282409786e+03 9.316323830368177941e-15
1.164939810747253659e+03 9.304297867210769013e-15
1.175986851423131611e+03 9.291876629848072141e-15
1.187138650393445914e+03 9.277988917475159277e-15
1.198396201073589964e+03 9.264121961787106786e-15
1.209760506299441658e+03 9.250275731760807833e-15
1.221232578416703973e+03 9.236450196419523250e-15
1.232813439371076356e+03 9.222645324832775827e-15
1.244504120799300154e+03 9.208861086116430778e-15
1.256305664121053724e+03 9.195097449432397549e-15
1.268219120631720216e+03 9.181354383988718172e-15
1.280245551596045743e+03 9.167631859039412649e-15
1.292386028342669761e+03 9.153929843884572035e-15
1.304641632359567438e+03 9.140248307870022386e-15
1.317013455390387207e+03 9.126587220387550372e-15
1.329502599531700071e+03 9.112946550874543555e-15
1.342110177331185696e+03 9.099326268814220742e-15
1.354837311886727321e+03 9.085726343735292765e-15
1.367685136946469584e+03 9.072146745212019288e-15
1.380654797009809272e+03 9.058587442864241937e-15
1.393747447429344902e+03 9.045048406357100305e-15
1.406964254513805827e+03 9.031529605401109267e-15
1.420306395631938358e+03 9.018031009752051693e-15
1.433775059317396199e+03 9.004651561885872782e-15
1.447371445374612904e+03 8.991804716332213144e-15
1.461096764985676373e+03 8.978976199243554680e-15
1.474952240818233577e+03 8.966165984470788168e-15
1.488939107134395272e+03 8.953374045902223215e-15
1.503058609900695728e+03 8.940600357463381575e-15
1.517312006899080188e+03 8.927844893116987681e-15
1.531700567838945744e+03 8.915107626862913426e-15
1.546225574470258607e+03 8.902388532738122944e-15
1.560888320697721838e+03 8.889687584816658410e-15
1.575690112696048345e+03 8.877004757209444398e-15
1.590632269026312770e+03 8.864340024064445662e-15
1.605716120753404539e+03 8.851693359566476222e-15
1.620943011564612789e+03 8.839064737937215148e-15
1.636314297889309955e+03 8.826379336283976615e-15
1.651831349019796107e+03 8.813187359851274100e-15
1.667495547233272191e+03 8.800015100250988577e-15
1.683308287914969242e+03 8.786862528014146504e-15
1.699270979682463349e+03 8.773729613715931615e-15
1.715385044511143406e+03 8.760616327975397778e-15
1.731651917860893491e+03 8.747522641455511592e-15
1.748073048803961683e+03 8.734574747303409341e-15
1.764649900154038278e+03 8.722706468074860631e-15
1.781383948596578193e+03 8.710854315109538017e-15
1.798276684820331866e+03 8.699018266495627634e-15
1.815329613650150577e+03 8.687198300350981517e-15
1.832544254181025508e+03 8.675394394823221738e-15
1.849922139913421233e+03 8.663606528089659933e-15
1.867464818889877733e+03 8.652968043543631252e-15
1.885173853832905934e+03 8.654144122242538967e-15
1.903050822284209517e+03 8.655320360789581462e-15
1.921097316745199578e+03 8.656496759206556543e-15
1.939314944818868980e+03 8.657673317515156306e-15
1.957705329352995705e+03 8.658850035737112292e-15
1.976270108584699528e+03 8.660026913894159195e-15
1.995010936286394781e+03 8.670044367040044759e-15
2.013929481913091422e+03 8.806899693424313099e-15
2.033027430751128804e+03 8.945915260237217664e-15
2.052306484068295504e+03 9.087125166544045230e-15
2.071768359265373419e+03 9.230564049658588803e-15
2.091414790029142750e+03 9.376267093639457255e-15
2.111247526486801235e+03 9.524270037920144202e-15
2.131268335361884510e+03 9.733939937804950918e-15
2.151479000131640987e+03 9.949957959868302078e-15
2.171881321185898742e+03 1.017076990773706199e-14
2.192477115987462639e+03 1.039648216940802071e-14
2.213268219233998025e+03 1.062720349386678451e-14
2.234256483021482836e+03 1.086304504348369317e-14
2.255443777009189489e+03 1.110412044757212692e-14
2.276831988586227453e+03 1.135054585713538550e-14
2.298423023039690634e+03 1.160244000082897453e-14
2.320218803724365898e+03 1.185992424216413938e-14
2.342221272234081425e+03 1.212206268180703807e-14
2.364432388574660763e+03 1.238950794294410938e-14
2.386854131338514890e+03 1.266285376486699132e-14
2.409488497880914565e+03 1.294223032979501175e-14
2.432337504497897498e+03 1.322777069211648999e-14
2.455403186605899464e+03 1.352055124387630525e-14
2.478687598923064343e+03 1.382060268815997572e-14
2.502192815652273111e+03 1.412731294890697154e-14
2.525920930665934065e+03 1.444082980023260199e-14
2.549874057692487895e+03 1.476130429569196146e-14
2.574054330504717200e+03 1.508889084105853101e-14
2.598463903109819057e+03 1.542374726871697879e-14
2.623104949941278846e+03 1.576603491370778927e-14
2.647979666052589437e+03 1.611591869145889374e-14
2.673090267312767082e+03 1.647356717724231553e-14
2.698438990603763614e+03 1.683972087155010110e-14
2.724028094019721721e+03 1.721561407369435293e-14
2.749859857068121528e+03 1.759989789587885008e-14
2.775936580872858940e+03 1.799275963200599853e-14
2.802260588379212095e+03 1.839439075671849894e-14
2.828834224560794155e+03 1.880052802584681200e-14
2.855659856628422858e+03 1.918368599476783494e-14
2.882739874241015968e+03 1.957465278847004743e-14
2.910076689718454418e+03 1.997358755213491799e-14
2.937672738256466801e+03 2.038065267434961955e-14
2.965530478143581149e+03 2.079601385320868558e-14
2.993652390980085329e+03 2.121206846626973261e-14
3.022040981899116105e+03 2.130006985805554133e-14
3.050698779789806395e+03 2.138843633658282020e-14
3.079628337522554830e+03 2.147716941646771948e-14
3.108832232176459001e+03 2.156627061860998840e-14
3.138313065268861010e+03 2.165574147021896971e-14
3.168073462987113999e+03 2.174558350484012431e-14
3.198116076422518290e+03 2.183579826238078602e-14
3.228443581806471684e+03 2.180116211638513784e-14
3.259058680748897132e+03 2.176561666071728467e-14
3.289964100478876389e+03 2.173012915973156138e-14
3.321162594087619709e+03 2.169469951893624609e-14
3.352656940773703354e+03 2.165932764399402534e-14
3.384449946090634512e+03 2.162401344072104755e-14
3.416544442196796354e+03 2.158875681508729216e-14
3.448943288107713670e+03 2.154498771664875822e-14
3.481649369950760047e+03 2.150108145045461348e-14
3.514665601222248824e+03 2.145726466030178452e-14
3.547994923046958320e+03 2.141353716384814651e-14
3.581640304440157706e+03 2.136989877912307760e-14
3.615604742572059877e+03 2.132634932452705190e-14
3.649891263034838630e+03 2.128288861883036467e-14
3.684502920112141510e+03 2.124089963402709089e-14
3.719442797051158323e+03 2.119905540159199410e-14
3.754714006337304909e+03 2.115729360162530870e-14
3.790319689971458502e+03 2.111561407173638859e-14
3.826263019749876548e+03 2.107401664985449918e-14
3.862547197546732605e+03 2.103250117422817679e-14
3.899175455599332963e+03 2.099106748342461024e-14
3.936151056796072680e+03 2.077614316396427949e-14
3.973477294967068701e+03 2.055245291996891097e-14
4.011157495177603323e+03 2.033117107896074596e-14
4.049195014024316606e+03 2.011227171041709464e-14
4.087593239934199573e+03 1.989572916300109324e-14
4.126355593466470964e+03 1.968151806155574013e-14
4.165485527617250227e+03 1.933755714477749697e-14
4.204986528127184101e+03 1.890529531401297784e-14
4.244862113791947195e+03 1.848269604242982518e-14
4.285115836775689786e+03 1.806954333813780780e-14
4.325751282927496504e+03 1.766562603741858265e-14
4.366772072100782680e+03 1.727020326263857552e-14
4.408181858475795707e+03 1.688139392945394383e-14
4.449984330885089548e+03 1.650133797891759883e-14
4.492183213142168825e+03 1.612983834346640048e-14
4.534782264373194266e+03 1.576670239217934575e-14
4.577785279351836834e+03 1.541174183089367952e-14
4.621196088837352363e+03 1.506477260457034136e-14
4.665018559915792139e+03 1.472561480185747535e-14
4.709256596344523132e+03 1.439409256180196725e-14
4.753914138899962381e+03 1.407003398266176860e-14
4.798995165728612847e+03 1.375682438328144065e-14
4.844503692701474392e+03 1.352122600491606968e-14
4.890443773771745327e+03 1.328966246732082507e-14
4.936819501335984569e+03 1.306206467010475347e-14
4.983635006598655309e+03 1.283836469628524903e-14
5.030894459940121124e+03 1.261849579202098296e-14
5.078602071288181833e+03 1.240539824510790227e-14
5.126762090493064534e+03 1.239275535243784751e-14
5.175378807706031694e+03 1.238012534470163892e-14
5.224456553761545365e+03 1.236750820876756340e-14
5.273999700563043916e+03 1.235490393151749675e-14
5.324012661472434957e+03 1.234231249984648247e-14
5.374499891703196226e+03 1.232973390066312138e-14
5.425465888717292728e+03 1.231716812088915202e-14
5.476915192625800955e+03 1.233211448389718341e-14
5.528852386593326628e+03 1.234720285599860504e-14
5.581282097246317790e+03 1.236230968875998596e-14
5.634208995085168681e+03 1.237743500476803736e-14
5.687637794900309927e+03 1.239257882663710738e-14
5.741573256192193185e+03 1.240774117700905964e-14
5.796020183595252092e+03 1.242292207855366607e-14
5.850983427305948680e+03 1.251886162428782324e-14
5.906467883514786081e+03 1.261795358347628913e-14
5.962478494842508553e+03 1.271782989643992382e-14
6.019020250780379683e+03 1.281849677166268698e-14
6.076098188134630618e+03 1.291996046677141411e-14
6.133717391475191107e+03 1.302222728892448192e-14
6.191882993588576028e+03 1.354191193873099381e-14
6.250600175935168409e+03 1.409143281003007668e-14
6.309874169110765251e+03 1.466325283593601153e-14
6.369710253312511668e+03 1.525525715264387978e-14
6.430113758809307910e+03 1.586954830137464258e-14
6.491090066416586524e+03 1.650857542221214719e-14
6.552644607975686995e+03 1.717096565839986569e-14
6.614782866837709662e+03 1.785666445599070608e-14
6.677510378351960753e+03 1.856974568799845798e-14
6.740832730359093148e+03 1.932248699684728927e-14
6.804755563688826442e+03 2.015257556298343545e-14
6.869284572662489154e+03 2.101832449870584243e-14
6.934425505600223914e+03 2.176052066065541514e-14
7.000184165333102101e+03 2.232788524037227302e-14
7.066566409720025149e+03 2.291004278259858880e-14
7.133578152169531677e+03 2.350737898596177919e-14
7.201225362166613195e+03 2.412028960545499583e-14
7.269514065804435631e+03 2.443626944402893104e-14
7.338450346321191319e+03 2.467084569386259246e-14
7.408040344641987758e+03 2.490767376110693004e-14
7.478290259925861392e+03 2.514677526210910051e-14
7.549206350118058253e+03 2.538817202072263185e-14
7.620794932507440535e+03 2.563188607029938848e-14
7.693062384289291003e+03 2.587793965570064600e-14
7.766015143133377933e+03 2.590724101463459560e-14
7.839659707757406977e+03 2.586148203681638571e-14
7.914002638505987306e+03 2.581580388134624993e-14
7.989050557934977405e+03 2.577020640547073872e-14
8.064810151401477924e+03 2.572468946668854456e-14
8.141288167659354258e+03 2.567925292274994346e-14
8.218491419460395264e+03 2.563389663165678548e-14
8.296426784161261821e+03 2.527494835633992653e-14
8.375101204336055162e+03 2.480536268735393721e-14
8.454521688394839657e+03 2.434450149516640389e-14
8.534695311207928171e+03 2.389220268689315248e-14
8.615629214736096401e+03 2.344830718118940888e-14
8.697330608666852640e+03 2.301265885229753896e-14
8.779806771056626530e+03 2.268985620151859172e-14
8.863065048979155108e+03 2.254154001574436506e-14
8.947112859179951556e+03 2.239419332447769966e-14
9.031957688736965792e+03 2.224780979044918504e-14
9.117607095727613341e+03 2.210238311781443114e-14
9.204068709901970578e+03 2.195790705188257712e-14
9.291350233362518338e+03 2.181828105499095948e-14
9.379459441250226519e+03 2.211112289718403135e-14
9.468404182437134295e+03 2.240789522062458810e-14
9.558192380225613306e+03 2.270865077966886950e-14
9.648832033054106432e+03 2.301344303673424181e-14
9.740331215209698712e+03 2.332232617180326145e-14
9.832698077547363937e+03 2.363535509205434767e-14
9.925940848216019731e+03 2.395258544162230488e-14
1.002006783339156027e+04 2.403611327361406389e-14
1.011508741801674478e+04 2.410965986938159676e-14
1.021100806654813096e+04 2.418343150576561231e-14
1.030783832371011340e+04 2.425742887135378276e-14
1.040558681525608154e+04 2.433165265684064795e-14
1.050426224873688079e+04 2.440610355503445318e-14
1.060387341427636056e+04 2.448078226086303412e-14
1.070442918535456374e+04 2.446431965609347478e-14
1.080593851959804488e+04 2.444104885381255217e-14
1.090841045957791175e+04 2.441780018704342670e-14
1.101185413361532483e+04 2.439457363473069082e-14
1.111627875659463643e+04 2.437136917583866485e-14
1.122169363078435163e+04 2.434818678935167774e-14
1.132810814666563601e+04 2.432502645427435113e-14
1.143553178376899996e+04 2.438262616247190182e-14
1.154397411151859706e+04 2.444829795584160461e-14
1.165344479008476264e+04 2.451414662861780603e-14
1.176395357124453949e+04 2.458017265720479595e-14
1.187551029925034527e+04 2.464637651929000960e-14
1.198812491170698559e+04 2.471275869384747964e-14
1.210180744045685969e+04 2.477931966114140182e-14
1.221656801247356452e+04 2.511452982047923765e-14
1.233241685076407884e+04 2.576118956408530168e-14
1.244936427527942760e+04 2.642449978161979983e-14
1.256742070383396640e+04 2.710488919666527303e-14
1.268659665303350994e+04 2.780279757176428596e-14
1.280690273921199332e+04 2.860545023103968492e-14
1.292834967937738475e+04 2.961673564634540003e-14
1.305094829216619655e+04 3.066377292652126813e-14
1.317470949880731496e+04 3.174782600341331647e-14
1.329964432409486290e+04 3.286260049102480160e-14
1.342576389737026511e+04 3.400999965971208007e-14
1.355307945351377566e+04 3.519746032178813365e-14
1.368160233394509851e+04 3.642638122608930001e-14
1.381134398763392346e+04 3.760686551723022069e-14
1.394231597211961525e+04 3.882548461983470436e-14
1.407452995454087795e+04 4.008359205779503104e-14
1.420799771267506003e+04 4.137882796284487134e-14
1.434273113598729651e+04 4.269097594643868595e-14
1.447874222668972834e+04 4.404473294642133168e-14
1.461604310081060976e+04 4.544141841019223142e-14
1.475464598927356747e+04 4.687823616425530522e-14
1.489456323898722439e+04 4.834852058955815592e-14
1.503580731394505710e+04 4.986491887212567833e-14
1.517839079633566325e+04 5.142887732247731521e-14
1.532232638766373020e+04 5.311976222432896609e-14
1.546762690988127360e+04 5.498852326316030162e-14
1.561430530653009191e+04 5.692302758987629831e-14
1.576237464389455999e+04 5.874105897141111539e-14
1.591184811216572962e+04 5.970461012051199957e-14
1.606273902661628381e+04 6.068396675274838555e-14
1.621506082878664711e+04 6.167938813126098166e-14
1.636882708768251359e+04 6.269113777197891528e-14
1.652405150098334343e+04 5.951721255573345384e-14
1.668074789626285201e+04 5.653523977812212613e-14
1.683893023222053671e+04 5.370267187457265538e-14
1.699861259992527994e+04 5.286543364954126769e-14
1.715980922407054823e+04 5.228814046904610229e-14
1.732253446424154026e+04 5.171715135896614532e-14
1.748680281619446032e+04 5.115239747853663063e-14
1.765262891314759327e+04 5.163354185894757092e-14
1.782002752708512708e+04 5.217605738013184520e-14
1.798901357007280967e+04 5.272427313182770923e-14
1.815960209558647330e+04 5.327824900656634653e-14
1.833180829985297896e+04 5.383804552617260237e-14
1.850564752320388288e+04 5.457303813491482603e-14
1.868113525144208324e+04 5.539034692622448352e-14
1.885828711722122898e+04 5.481009790271034318e-14
1.903711890143823621e+04 5.364095940293200346e-14
1.921764653463916329e+04 5.249675946163042719e-14
1.939988609843830272e+04 5.137696612155759779e-14
1.958385382695069347e+04 5.028105877249339215e-14
1.976956610823844676e+04 4.920852790920455773e-14
1.995703948577033589e+04 4.847095001415545268e-14
2.014629065989581795e+04 4.775439153097976036e-14
2.033733648933244694e+04 4.704842611560386582e-14
2.053019399266782057e+04 4.635289716798978048e-14
2.072488034987559149e+04 4.566765040315879114e-14
2.092141290384582680e+04 4.499253381696604170e-14
2.111980916193009398e+04 4.464894621535581313e-14
2.132008679750076044e+04 4.450933120249023034e-14
2.152226365152568178e+04 4.437015275875923113e-14
2.172635773415720541e+04 4.423140951903323193e-14
2.193238722633670477e+04 4.409310012245135225e-14
2.214037048141411651e+04 4.395522321240749282e-14
2.235032602678283001e+04 4.381777743653833862e-14
2.256227256553027109e+04 4.452632993410011116e-14
2.277622897810390350e+04 4.607189357532394439e-14
2.299221432399302648e+04 4.767110563025284419e-14
2.321024784342675412e+04 4.932582830126807791e-14
2.343034895908791805e+04 5.117387199451197816e-14
2.365253727784320290e+04 5.329670868378288156e-14
2.387683259248995819e+04 5.550760663231970399e-14
2.410325488351900640e+04 5.802562323180782996e-14
2.433182432089493523e+04 6.088493999779680188e-14
2.456256126585250968e+04 6.388515473114733143e-14
2.479548627271067016e+04 6.726086478538160364e-14
2.503062009070349450e+04 7.083949819250902711e-14
2.526798366582850576e+04 7.449584332115399170e-14
2.550759814271277355e+04 7.808099208121281835e-14
2.574948486649614279e+04 8.183867787231497980e-14
2.599366538473309629e+04 8.592292651152676132e-14
2.624016144931187227e+04 9.041085289269039999e-14
2.648899501839235745e+04 9.480399081846612143e-14
2.674018825836210453e+04 9.709936423632929627e-14
2.699376354581085616e+04 9.945031273159067857e-14
2.724974346952413180e+04 1.018581818758272667e-13
2.750815083249505551e+04 1.043243498192981221e-13
2.776900865395612345e+04 1.066230160168782320e-13
2.803234017142939047e+04 1.084464007558208728e-13
2.829816884279673468e+04 1.103009676168836651e-13
2.856651834838943250e+04 1.121872498527139159e-13
2.883741259309758971e+04 1.088306536005678639e-13
2.911087570849978874e+04 1.049844303585485104e-13
2.938693205501264310e+04 1.051663528863058214e-13
2.966560622406072798e+04 1.089026684354590020e-13
2.994692304026739657e+04 1.127717265728993023e-13
3.023090756366612550e+04 1.194298682966062483e-13
3.051758509193281861e+04 1.199985100717417338e-13
3.080698116263962947e+04 1.205698593225958108e-13
3.109912155552941113e+04 1.211439289402798923e-13
3.139403229481273593e+04 1.215847355739337295e-13
3.169173965148569550e+04 1.213983041625114505e-13
3.199227014567042715e+04 1.212121586148619672e-13
3.229565054897747541e+04 1.210262984926568254e-13
3.260190788689058900e+04 1.208407233582402359e-13
3.291106944117443345e+04 1.206554327746269033e-13
3.322316275230442989e+04 1.204704263055031368e-13
3.353821562192062265e+04 1.202853401032176822e-13
3.385625611530380411e+04 1.166226477759821475e-13
3.417731256387588655e+04 1.130714845434187644e-13
3.450141356772362633e+04 1.096284543411440940e-13
3.482858799814627127e+04 1.054785033849995072e-13
3.515886500022766995e+04 8.830919073847022378e-14
3.549227399543242791e+04 7.973355784463657873e-14
3.582884468422663485e+04 6.629142254079724201e-14
3.616860704872383940e+04 6.390679171760879786e-14
3.651159135535582755e+04 6.160794068228682617e-14
3.685782815756871423e+04 6.159457301408198400e-14
3.720734829854496638e+04 6.352057803804753178e-14
3.756018291395044798e+04 6.550680744820144963e-14
3.791636343470861902e+04 6.755514440510052993e-14
3.827592158979988017e+04 6.966753095398033268e-14
3.863888940908837685e+04 1.647098682653363422e-13
3.900529922617514967e+04 1.941003622866255784e-13
3.937518368127838039e+04 2.199454810358019272e-13
3.974857572414133028e+04 2.442213296049806596e-13
4.012550861696701031e+04 2.632429868417137298e-13
4.050601593738182419e+04 2.749150569976699739e-13
4.089013158142616885e+04 2.843617299062813464e-13
4.127788976657421881e+04 2.939200523760410214e-13
4.166932503478202852e+04 2.880898854589401921e-13
4.206447225556444755e+04 2.823753651130996565e-13
4.246336662910168525e+04 2.735113226764176205e-13
4.286604368937440449e+04 2.522092551212015051e-13
4.327253930732978915e+04 2.237196207434166582e-13
4.368288969407640252e+04 2.029057338323011355e-13
4.409713140411021595e+04 1.885464269386659083e-13
4.451530133857087640e+04 1.778221118628893528e-13
4.493743674852880940e+04 1.677077841292871528e-13
4.536357523830384162e+04 1.581687483232811512e-13
4.579375476881486247e+04 1.493923558408977742e-13
4.622801366096126003e+04 1.412127815602633371e-13
4.666639059903685848e+04 5.447503997332775627e-14
4.710892463417584804e+04 5.755775226164458617e-14
4.755565518783143489e+04 6.081491352800993640e-14
4.800662205528793857e+04 6.394127664858295866e-14
4.846186540920511470e+04 6.690918173845990488e-14
4.892142580319754052e+04 7.001484542629144792e-14
4.938534417544655298e+04 7.234839486472957228e-14
4.985366185234738805e+04 7.368759136153401665e-14
5.032642055219055328e+04 7.505157689837707608e-14
5.080366238887799409e+04 7.644081032988381468e-14
5.128542987567507225e+04 7.507759991645595427e-14
5.177176592899700336e+04 7.197299983457557573e-14
5.226271387223268539e+04 6.977051087834219150e-14
5.275831743960330641e+04 7.019792282163737081e-14
5.325862078005863441e+04 7.062795307698116858e-14
5.376366846120976697e+04 7.106061768407040059e-14
5.427350547329914843e+04 7.149593278086026390e-14
5.478817723320867663e+04 7.277476429192296608e-14
5.530772958850529540e+04 7.410391282316609035e-14
5.583220882152492413e+04 7.545733674485938097e-14
5.636166165349564835e+04 7.683547941947681523e-14
5.689613524869961839e+04 7.863329454144475635e-14
5.743567721867436194e+04 8.113708551344732021e-14
5.798033562645455822e+04 8.372060059300662299e-14
5.853015899085274577e+04 8.863609240875597556e-14
5.908519629078232538e+04 9.167429677374269386e-14
5.964549696961988229e+04 9.515389277363353909e-14
6.021111093961011647e+04 9.876556056189463818e-14
6.078208858631195471e+04 1.024437772091726522e-13
6.135848077308684879e+04 1.059174661529173734e-13
6.194033884563022730e+04 1.095089418008105449e-13
6.252771463654457330e+04 1.132221980935568377e-13
6.312066046995772194e+04 1.150498204219507996e-13
6.371922916618306772e+04 1.136869529925113551e-13
6.432347404642539914e+04 1.123402299396851093e-13
6.493344893753065116e+04 1.110094600189758356e-13
6.554920817678073945e+04 8.484411895360777608e-14
6.617080661673455324e+04 7.055272339957826405e-14
6.679829963011328073e+04 6.064189596086989300e-14
6.743174311473425769e+04 5.656153322386259047e-14
6.807119349848934507e+04 5.294026945370061592e-14
6.871670774437222281e+04 5.211998895410168552e-14
6.936834335555255529e+04 5.131241825188319675e-14
7.002615838049829472e+04 5.051736041569134355e-14
7.069021141814712610e+04 4.973462156551545125e-14
7.136056162312625383e+04 4.953793149524247418e-14
7.203726871102172299e+04 5.025802014914598245e-14
7.272039296369829390e+04 5.098857608849782724e-14
7.340999523466934625e+04 5.172975146687529023e-14
7.410613695451762760e+04 5.248170064957607473e-14
7.480888013636812684e+04 5.324458024576893768e-14
7.551828738141123904e+04 5.423184247373641526e-14
7.623442188448058732e+04 5.632205552439360418e-14
7.695734743968141265e+04 5.849282992789905391e-14
7.768712844607401348e+04 6.100137314541501350e-14
7.842382991341037268e+04 6.477121583609458961e-14
7.916751746792510676e+04 6.945525741806344127e-14
7.991825735818223620e+04 7.721788934296229523e-14
8.067611646097547782e+04 8.714458381498604410e-14
8.144116228728703572e+04 9.723250747280535111e-14
8.221346298830046726e+04 1.084601058348042899e-13
8.299308736147222226e+04 1.229012626498658340e-13
8.378010485666013847e+04 1.341167286780650972e-13
8.457458558230988274e+04 1.452334830710771131e-13
8.537660031170083676e+04 1.474313448280947514e-13
8.618622048925030685e+04 1.492415629286462117e-13
8.700351823687757133e+04 1.510740075752247486e-13
8.782856636042900209e+04 1.529289516738116930e-13
8.866143835616366414e+04 1.534599868153805402e-13
8.950220841730014945e+04 1.473371863694159086e-13
9.035095144062658073e+04 1.414586755658459414e-13
9.120774303317120939e+04 1.358147076507305235e-13
9.207265951893906458e+04 1.258093956999609111e-13
9.294577794570967671e+04 1.165064550485643106e-13
9.382717609190134681e+04 1.112018150676052568e-13
9.471693247349950252e+04 1.061386999473572261e-13
9.561512635105087247e+04 1.018219245618178346e-13
9.652183773672483221e+04 1.007309880351904562e-13
9.743714740143962263e+04 9.965173997850952228e-14
9.836113688205914514e+04 9.858405515962193060e-14
9.929388848865487671e+04 9.752780968813327455e-14
1.002354853118390602e+05 1.001279199626855229e-13
1.011860112301662011e+05 1.049711169672595468e-13
1.021455509176049673e+05 1.100485798712322768e-13
1.031141898510817555e+05 1.217834019688542245e-13
1.040920143180937594e+05 1.400495704089037992e-13
1.050791114243971097e+05 1.626767585767938490e-13
1.060755691017649660e+05 1.851573675404401913e-13
1.070814761158214096e+05 2.037527757797653280e-13
1.080969220739485318e+05 2.191912923142923756e-13
1.091219974332686106e+05 2.280728928180739174e-13
1.101567935087027581e+05 2.292417331187010494e-13
1.112014024811049312e+05 2.304165635553399632e-13
1.122559174054730829e+05 2.315974148265619096e-13
1.133204322192392574e+05 2.297434636701864905e-13
1.143950417506374069e+05 2.193124214905469704e-13
1.154798417271508515e+05 2.093549799053061453e-13
1.165749287840392935e+05 1.956769997908353512e-13
1.176804004729490698e+05 1.790974600066089803e-13
1.187963552706004120e+05 1.638602211483352083e-13
1.199228925875616260e+05 1.499384470490908504e-13
1.210601127771043830e+05 1.426663234370810430e-13
1.222081171441431943e+05 1.357469031034440859e-13
1.233670079542597960e+05 1.291630796829403210e-13
1.245368884428126330e+05 1.239060799672131213e-13
1.257178628241351398e+05 1.188932496004735002e-13
1.269100363008162822e+05 1.223711905915849560e-13
1.281135150730741589e+05 1.309084140037356311e-13
1.293284063482159254e+05 1.399004847291598900e-13
1.305548183501878812e+05 1.494684603042998684e-13
1.317928603292163461e+05 1.685546105179646711e-13
1.330426425715390360e+05 1.886463241610412351e-13
1.343042764092319121e+05 2.073078143508228826e-13
1.355778742301232996e+05 2.174933582075305017e-13
1.368635494878078171e+05 2.281793429375442706e-13
1.381614167117523612e+05 2.390555952734703179e-13
1.394715915174986003e+05 2.499128453476387365e-13
1.407941906169614522e+05 1.000000000000000000e+00
