# DARWIN (DM+Solar axions)
# m_a [eV]  g_ae [dimensionless]
1.0e-10	 1.2e-12
1050.8681975255581	 1.2e-12
1050.8681975255581	 2.8408188225044453e-14
1143.7450939357288	 2.8958819482045164e-14
1283.058059003486	 2.8408188225044453e-14
1407.0558018774832	 2.921474661402615e-14
1566.5503881934317	 3.016460565090976e-14
1730.985374358545	 3.0128434764571396e-14
1912.680491368414	 3.1952850149126944e-14
2129.4893651304487	 3.3044554958914733e-14
2335.2882164742723	 3.3044554958914733e-14
2619.7361476171445	 3.437918866206647e-14
2851.271332883135	 3.690111417434916e-14
3296.7930195188546	 3.975086486703078e-14
3588.167241786327	 4.0102168028594064e-14
4025.2211100500363	 4.160520916360251e-14
4436.217418059303	 3.900840077260994e-14
4892.348556814988	 2.5783394084479982e-14
5580.322439872332	 2.0645986726236068e-14
6073.517524092944	 2.118974646367195e-14
6813.297514545885	 2.4717127024788803e-14
7548.007660428694	 3.1345289538678796e-14
8318.699057608428	 3.956054381063772e-14
9311.811743041038	 4.85449441760263e-14
10110.742793099118	 5.543583544828493e-14
11637.66325542482	 5.97743091917249e-14
12666.212836785884	 6.03749686484595e-14
14209.010856928566	 5.906140072394477e-14
15582.203022604719	 5.6024259021002223e-14
17348.49901574532	 5.225806774959951e-14
19169.50663678289	 5.3143297659377126e-14
21181.658676301115	 5.6293785047023114e-14
23587.767687067473	 5.597146823966544e-14
25861.756908889853	 5.86471249300623e-14
28836.853820926284	 6.687736982775602e-14
31385.48693345919	 7.75255187124706e-14
35102.037726826245	 5.940886511447502e-14
35731.37834938141	 8.24203307058179e-14
38974.73129038057	 7.69027463636826e-14
