# MOSAIC - optimistic
# https://arxiv.org/pdf/2504.16160
# mass [eV]     g_ae [dimensionless]
9.033676484902460072e-07 1.0
9.033676484902460072e-07 3.354450179115069470e-13
1.046807600772661672e-06 3.164598971841180993e-13
1.168064209128468812e-06 3.063285892082963503e-13
1.303366536161811706e-06 2.942601161116025929e-13
1.454341562998438591e-06 2.813177677623124528e-13
1.622804731578716265e-06 2.681736215530290625e-13
1.810781774953021170e-06 2.539367730962562225e-13
2.020533076282175993e-06 2.393078943328810309e-13
2.254580849454501646e-06 2.238017496587576960e-13
2.515739468160580429e-06 2.071085777308623979e-13
2.807149308126242126e-06 1.903808845238066804e-13
3.132314509449295570e-06 1.733374379547018053e-13
3.495145113123902988e-06 1.557193909259549221e-13
3.900004078435167099e-06 1.381624201877842440e-13
4.351759746597900100e-06 1.216500217808583535e-13
4.855844381503398570e-06 1.052817879752675702e-13
5.418319491514181975e-06 8.938854545046198201e-14
6.045948717786731410e-06 7.459836189484824644e-14
6.746279165589049387e-06 6.166240938683444256e-14
7.527732156603800781e-06 5.668207550625906841e-14
8.399704493494571011e-06 5.662785640864474345e-14
9.372681454418833145e-06 5.662785640864474345e-14
1.045836287622295359e-05 5.662785640864474345e-14
1.166980384244164364e-05 5.662785640864474345e-14
1.302157166784490415e-05 5.662785640864474345e-14
1.452992106723742829e-05 5.662785640864474345e-14
1.621298961487731210e-05 5.662785640864474345e-14
1.809101584487115430e-05 5.662785640864474345e-14
2.018658261515551453e-05 5.662785640864474345e-14
2.252488866146376532e-05 5.662785640864474345e-14
2.513405160665566919e-05 5.662785640864474345e-14
2.804544606903202987e-05 5.662785640864474345e-14
3.129408093531158946e-05 5.662785640864474345e-14
3.491902033489877228e-05 5.662785640864474345e-14
3.896385337756296387e-05 5.662785640864474345e-14
4.347721830302693166e-05 5.662785640864474345e-14
4.851338734524530299e-05 5.662785640864474345e-14
5.413291934424311073e-05 5.662785640864474345e-14
6.040338795302714305e-05 5.662785640864474345e-14
6.740019419610186529e-05 5.662785640864474345e-14
7.520747315042912863e-05 5.662785640864474345e-14
8.391910565147372894e-05 5.662785640864474345e-14
9.363984718988030355e-05 5.662785640864474345e-14
1.044865875735193691e-04 5.662785640864474345e-14
1.165897565020651382e-04 5.662785640864474345e-14
1.300948919558344739e-04 5.662785640864474345e-14
1.451643902584225912e-04 5.662785640864474345e-14
1.649817127292323203e-04 5.687089927885865450e-14
1.649817127292323203e-04 1.0
