# Spin-orbit coupling
# https://arxiv.org/pdf/2202.11716.pdf
# mass [eV] electron coupling
0.013671900616977333	 9.500618995711081e-9
0.023671900616977333	 7.680566583190517e-11
0.02688115052421816	 6.180323895064886e-11
0.029258878043056335	 4.566154075711579e-11
0.03184692350006262	 3.819640344791001e-11
0.035909943674481797	 3.145957193730532e-11
0.03964236073751637	 2.911018354949833e-11
0.04501675988603415	 3.121634288783427e-11
0.05075998351652307	 3.1704696159786325e-11
0.06013690933573494	 4.064328139040357e-11
0.06733189831779426	 3.731729127337367e-11
0.0786512304845143	 4.160074647600328e-11
0.08868552896866261	 3.7608057213441365e-11
0.1000000000000001	 3.45304507226885e-11
0.11039382600225843	 2.979595456577803e-11
0.1218679681941691	 2.15072196079229e-11
0.13264759689269182	 1.5767135830356257e-11
0.14035867630067692	 1.1649093600348225e-11
0.15277386987087602	 9.301207343956619e-12
0.16865292008217142	 1.0051877585843696e-11
0.18099588937619812	 1.0863131985379953e-11
0.2055338870042777	 1.229950520012768e-11
0.23671900616977384	 1.0863131985379997e-11
0.2688115052421827	 8.87798908485916e-12
0.3052548526616529	 6.212385923405694e-12
0.32991716217191813	 4.415133300628926e-12
0.35657200187482696	 3.2874104593189306e-12
0.38811198601877844	 2.3003703053385267e-12
0.40778331104416293	 1.969618081289111e-12
0.4663496513798484	 2.1957001609257684e-12
0.5447488461402223	 2.095792658034674e-12
0.5929337004736005	 1.8799976369075827e-12
0.6545621976095775	 1.5604807908303888e-12
0.702466740870313	 1.336111483438557e-12
0.780976627476888	 1.2363312063813241e-12
0.9252469639714835	 1.3053601098640608e-12
1.058132070151434	 1.16189943180455e-12
1.2536015175658384	 9.56971218733147e-13
1.527738698708757	 9.134276573199288e-13
1.7845706346363184	 8.718653903316988e-13
2.159513027003654	 7.881869019087806e-13
3.052548526616551	 6.006917750035069e-13
3.7200788675286285	 4.947456933646056e-13
4.345470538341271	 4.369678030757071e-13
5.004797418903305	 4.2361008618020996e-13
6.099244926651676	 4.4380379463104177e-13
7.124604095423336	 4.649601474435201e-13
8.440736991177577	 5.223691590989438e-13
10.142265364188493	 5.960475385927119e-13
