# Beam dump (LEP etc.)
# m_a [eV]  g_ap [GeV^-1]
102047.60508867678	 0.0010163186073749019
7969084.845396898	 0.000006671954494501347
52489256.671557896	 8.217935752692115e-7
111115500.77610642	 4.0394932734247814e-7
188212250.3387972	 2.6572280147586927e-7
288075976.2033521	 1.9855966750164074e-7
487955572.0945615	 1.5109909491451714e-7
661336564.844208	 1.4048417859731214e-7
843444164.8627799	 1.567036405392642e-7
852035610.8184917	 2.425971890875787e-7
785681412.6126646	 4.113727319460097e-7
616045339.0103613	 9.681446414656576e-7
406588349.0287851	 0.000003463722238764874
204107590.0569867	 0.000024755580274853964
108885946.59281799	 0.00017060271575614517
79529484.79185866	 0.0004397782466019161
55780046.662824266	 0.0015171178988624984
63635166.255191766	 0.0018201427417158
68313579.52014433	 0.0024358090165047964
63635166.255191766	 0.00391081376690277
54660809.15309362	 0.0072637339646116576
37189688.02713251	 0.023725735455111172
25560563.419144373	 0.06699008746366462
21955801.502842847	 0.09999999999999959
