# SHAFT
# m_a [eV]  g_ap [GeV^-1]
1.2560331147295894e-11	1e0
1.2560331147295894e-11	2.953461204271631e-10
1.2560331147295894e-11	2.8835281491915077e-10
1.2560331147295894e-11	2.8152509926841386e-10
1.2560331147295894e-11	2.7485905258220706e-10
1.2560331147295894e-11	2.6835084680801194e-10
1.2636372521628116e-11	2.5443458054544217e-10
1.2636372521628116e-11	2.4940409156048756e-10
1.2655454688084746e-11	2.614740770664385e-10
1.2712874257278991e-11	2.9930431559116833e-10
1.2728230092733156e-11	3.088572573958497e-10
1.2789839141317446e-11	2.8302826144229896e-10
1.2789839141317446e-11	2.7632662237284075e-10
1.2789839141317446e-11	2.697836669839041e-10
1.2809153057477358e-11	2.9124634016216295e-10
1.2867269977685419e-11	3.20544830317027e-10
1.2867269977685419e-11	2.633956379095368e-10
1.2867269977685419e-11	2.5715886675197064e-10
1.2867269977685419e-11	2.5106977197500275e-10
1.2867269977685419e-11	2.451248568472579e-10
1.2867269977685419e-11	2.4059852541832733e-10
1.2906161008863729e-11	3.0010229768412014e-10
1.2945169587300218e-11	4.0978994394955326e-10
1.2945169587300218e-11	4.0008679881256737e-10
1.2945169587300218e-11	3.906134080337338e-10
1.2945169587300218e-11	3.8136433141151534e-10
1.2945169587300218e-11	3.723342575593101e-10
1.2945169587300218e-11	3.6351800085532754e-10
1.2945169587300218e-11	3.5491049846468704e-10
1.2945169587300218e-11	3.465068074320276e-10
1.2945169587300218e-11	3.3830210184296e-10
1.2945169587300218e-11	3.302916700527311e-10
1.2945169587300218e-11	2.9066532154042907e-10
1.2945169587300218e-11	2.83782849574395e-10
1.2945169587300218e-11	2.770633431114771e-10
1.2945169587300218e-11	2.7050294339927687e-10
1.2960806011454655e-11	4.2309451672927875e-10
1.2960806011454655e-11	3.103410503573645e-10
1.3023540808157236e-11	4.5342167877605674e-10
1.3023540808157236e-11	4.4268540663863823e-10
1.3023540808157236e-11	4.3335565884811775e-10
1.3023540808157236e-11	3.224709119805085e-10
1.3039271896629707e-11	4.678936081292077e-10
1.3102386495433344e-11	3.828904937888364e-10
1.3181709521590915e-11	4.05448716653072e-10
1.3181709521590915e-11	3.958483645668975e-10
1.3181709521590915e-11	3.8699018530326677e-10
1.3197631661487921e-11	4.183894856069688e-10
1.3261512776482409e-11	5.097782644208234e-10
1.3261512776482409e-11	4.977075619538909e-10
1.3261512776482409e-11	4.859226736697399e-10
1.3261512776482409e-11	4.744168319633114e-10
1.3261512776482409e-11	4.631834294751924e-10
1.3261512776482409e-11	4.5221601529726436e-10
1.3261512776482409e-11	4.41508291268197e-10
1.3261512776482409e-11	4.3105410835665794e-10
1.3281538966263888e-11	5.238824098210968e-10
1.334179916745588e-11	8.798960301223793e-10
1.334179916745588e-11	8.590615537966591e-10
1.334179916745588e-11	8.387204032604719e-10
1.334179916745588e-11	8.188608973786253e-10
1.334179916745588e-11	7.994716316058043e-10
1.334179916745588e-11	7.805414714373815e-10
1.334179916745588e-11	7.620595460153028e-10
1.334179916745588e-11	7.440152418853743e-10
1.334179916745588e-11	7.263981969023666e-10
1.334179916745588e-11	7.091982942794331e-10
1.334179916745588e-11	6.924056567784423e-10
1.334179916745588e-11	6.760106410378453e-10
1.334179916745588e-11	6.600038320348783e-10
1.334179916745588e-11	6.443760376788759e-10
1.334179916745588e-11	6.291182835326109e-10
1.334179916745588e-11	6.142218076586206e-10
1.334179916745588e-11	5.996780555875665e-10
1.334179916745588e-11	5.854786754057337e-10
1.334179916745588e-11	5.716155129588499e-10
1.334179916745588e-11	5.580806071694702e-10
1.334179916745588e-11	5.448661854652369e-10
1.334179916745588e-11	5.333829424810759e-10
1.334179916745588e-11	4.1638909483301043e-10
1.334179916745588e-11	4.0815656311298287e-10
1.335791467906496e-11	9.079798068408238e-10
1.3463141037235335e-11	4.798157959439344e-10
1.3503833075153644e-11	5.003649988315611e-10
1.3503833075153644e-11	4.885171868566335e-10
1.3503833075153644e-11	9.108855237024689e-10
1.3503833075153644e-11	8.893172676479657e-10
1.3503833075153644e-11	8.682597120680313e-10
1.3503833075153644e-11	8.477007644237942e-10
1.3503833075153644e-11	8.276286185076159e-10
1.3520144306941675e-11	5.166102548259356e-10
1.3544648103832088e-11	8.048110156968729e-10
1.3544648103832088e-11	7.857544277828631e-10
1.3544648103832088e-11	7.671490682141933e-10
1.3544648103832088e-11	7.489842526532187e-10
1.3544648103832088e-11	7.312495497496604e-10
1.3544648103832088e-11	7.139347751502866e-10
1.3544648103832088e-11	6.970299856504314e-10
1.3544648103832088e-11	6.805254734839983e-10
1.3544648103832088e-11	6.644117607486654e-10
1.3544648103832088e-11	6.486795939630932e-10
1.3544648103832088e-11	6.333199387530087e-10
1.3544648103832088e-11	6.183239746631115e-10
1.3565101855830253e-11	4.290502810109884e-10
1.3585586495007442e-11	6.012768709903777e-10
1.3585586495007442e-11	5.870396335157299e-10
1.3585586495007442e-11	5.731395101738371e-10
1.3585586495007442e-11	5.595685186620435e-10
1.3585586495007442e-11	5.463188656853581e-10
1.3585586495007442e-11	5.333829424810759e-10
1.3585586495007442e-11	4.5101355771817225e-10
1.3585586495007442e-11	4.403343058870767e-10
1.3601996476459607e-11	4.656565297869115e-10
1.3647226202392246e-11	3.2701023041533647e-10
1.3667834857417222e-11	4.065296927654959e-10
1.3667834857417222e-11	3.9690374496067736e-10
1.3667834857417222e-11	3.875057236094243e-10
1.3667834857417222e-11	3.7833023179194366e-10
1.3667834857417222e-11	3.693720003785377e-10
1.3667834857417222e-11	3.606258850037471e-10
1.3667834857417222e-11	3.5208686311214085e-10
1.3667834857417222e-11	3.43750031074057e-10
1.3667834857417222e-11	3.3561060136963855e-10
1.3667834857417222e-11	5.166102548259356e-10
1.3667834857417222e-11	5.043777821753905e-10
1.3667834857417222e-11	4.924349541568451e-10
1.3667834857417222e-11	4.807749124665661e-10
1.3688474633540044e-11	4.1805542101644995e-10
1.3750581158809676e-11	3.207582700181929e-10
1.3792141977965142e-11	2.809634739272358e-10
1.3833828413752293e-11	3.0010229768412014e-10
1.3833828413752293e-11	2.9299637379953977e-10
1.3833828413752293e-11	2.860587063883124e-10
1.385053824573235e-11	3.0984566235143907e-10
1.3875640845844546e-11	3.5349586148920814e-10
1.3875640845844546e-11	3.4512566671015833e-10
1.3875640845844546e-11	3.369536642390583e-10
1.3875640845844546e-11	3.289751612112893e-10
1.3917579655062866e-11	2.640978830542427e-10
1.3917579655062866e-11	2.57844483898207e-10
1.3917579655062866e-11	2.517391548461512e-10
1.3917579655062866e-11	2.457783898439834e-10
1.3917579655062866e-11	2.3995876585515157e-10
1.3917579655062866e-11	2.342769408949198e-10
1.3917579655062866e-11	2.2872965211120011e-10
1.3917579655062866e-11	2.233137139108218e-10
1.3917579655062866e-11	2.180260161301686e-10
1.3917579655062866e-11	2.128635222491321e-10
1.3917579655062866e-11	2.0782326764735588e-10
1.3917579655062866e-11	3.199053630007647e-10
1.3934390649868466e-11	2.726722991860809e-10
1.4001837933920187e-11	2.0236283371460732e-10
1.4001837933920187e-11	1.975712179737723e-10
1.4001837933920187e-11	1.928930597339337e-10
1.4001837933920187e-11	1.8832567250994154e-10
1.4001837933920187e-11	1.8386643342815066e-10
1.4001837933920187e-11	1.7951278172020895e-10
1.4001837933920187e-11	1.7526221725250283e-10
1.4001837933920187e-11	1.7111229909043016e-10
1.4001837933920187e-11	1.670606440966654e-10
1.4001837933920187e-11	1.6310492556261605e-10
1.4001837933920187e-11	1.5924287187228397e-10
1.4001837933920187e-11	2.8835281491915077e-10
1.4001837933920187e-11	2.8152509926841386e-10
1.4065366232342449e-11	1.2072590420065788e-10
1.4086606319975165e-11	1.5433804209762923e-10
1.4086606319975165e-11	1.501828993676385e-10
1.4086606319975165e-11	1.4662681779176426e-10
1.4086606319975165e-11	1.4315493832030689e-10
1.4086606319975165e-11	1.3976526718731002e-10
1.4086606319975165e-11	1.3645585783588136e-10
1.4086606319975165e-11	1.3322480980036278e-10
1.4086606319975165e-11	1.3007026761496595e-10
1.4086606319975165e-11	1.2699041974825017e-10
1.4086606319975165e-11	1.2398349756282991e-10
1.4086606319975165e-11	2.0782326764735588e-10
1.4129182767546159e-11	1.0903612218932412e-10
1.4171887901462648e-11	1.171633074206546e-10
1.4171887901462648e-11	1.1385731812332531e-10
1.4193288847301934e-11	1.1079201159729602e-10
1.4257685785313878e-11	1.6884939862598546e-10
1.4257685785313878e-11	1.648513253561289e-10
1.4257685785313878e-11	1.609479198197746e-10
1.4257685785313878e-11	1.5713694044225357e-10
1.4257685785313878e-11	1.19765419986909e-10
1.4274907593100665e-11	1.743314001880066e-10
1.4344003097269914e-11	1.9599935949641067e-10
1.4344003097269914e-11	1.9135842025417277e-10
1.4344003097269914e-11	1.8682737074374488e-10
1.4344003097269914e-11	1.8240360895882612e-10
1.4344003097269914e-11	1.7855938992168101e-10
1.4344003097269914e-11	1.4701774290994448e-10
1.4344003097269914e-11	1.4353660698108643e-10
1.4344003097269914e-11	1.4013789856822348e-10
1.4344003097269914e-11	1.3681966592470338e-10
1.4344003097269914e-11	1.3358000351799299e-10
1.4344003097269914e-11	1.3041705093540416e-10
1.4344003097269914e-11	1.2732899181573066e-10
1.4344003097269914e-11	1.2431405280618234e-10
1.4344003097269914e-11	1.2201854262614027e-10
1.4361329167429822e-11	2.022551011529437e-10
1.4361329167429822e-11	1.5171013078781428e-10
1.4518208603192148e-11	1.6840042240171464e-10
1.4518208603192148e-11	1.6441298014301753e-10
1.4518208603192148e-11	1.6051995389313847e-10
1.4518208603192148e-11	1.5671910803783083e-10
1.4540132527383528e-11	1.7329013878799778e-10
1.4547447856820827e-11	1.2267004282368866e-10
1.456208955885867e-11	1.5280469743648113e-10
1.456208955885867e-11	1.4918653603762084e-10
1.456208955885867e-11	1.4565404669026044e-10
1.456208955885867e-11	1.422052008225373e-10
1.456208955885867e-11	1.3883801789580064e-10
1.456208955885867e-11	1.3555056426726493e-10
1.456208955885867e-11	1.3234095207959368e-10
1.456208955885867e-11	1.29207338176776e-10
1.456208955885867e-11	1.2614792304567357e-10
1.4606103143716768e-11	2.2555459326028452e-10
1.4606103143716768e-11	2.1919013421847185e-10
1.4606103143716768e-11	2.1400007595491654e-10
1.4606103143716768e-11	2.0893290964941005e-10
1.4606103143716768e-11	2.0398572542453175e-10
1.4606103143716768e-11	1.9915568230392445e-10
1.4606103143716768e-11	1.9444000658083174e-10
1.4606103143716768e-11	1.8983599022526474e-10
1.4606103143716768e-11	1.853409893288886e-10
1.4606103143716768e-11	1.8095242258672334e-10
1.4606103143716768e-11	1.7713878780342018e-10
1.469452980569419e-11	2.619967445352344e-10
1.469452980569419e-11	2.557930968489551e-10
1.469452980569419e-11	2.49736341234498e-10
1.469452980569419e-11	2.43822999531616e-10
1.469452980569419e-11	2.380496759371215e-10
1.469452980569419e-11	2.324130550548026e-10
1.469452980569419e-11	1.7294443556802729e-10
1.469452980569419e-11	1.6884939862598546e-10
1.469452980569419e-11	1.648513253561289e-10
1.469452980569419e-11	1.609479198197746e-10
1.4712279275814477e-11	2.7050294339927687e-10
1.4783491810635483e-11	2.224236082695516e-10
1.4890957434005854e-11	2.806270366616052e-10
1.489545208220471e-11	2.2736347620987663e-10
1.4963034833089176e-11	2.977147113467564e-10
1.4963034833089176e-11	2.9066532154042907e-10
1.4963034833089176e-11	2.7050294339927687e-10
1.4963034833089176e-11	2.640978830542427e-10
1.4963034833089176e-11	2.57844483898207e-10
1.4963034833089176e-11	2.517391548461512e-10
1.4963034833089176e-11	2.457783898439834e-10
1.4963034833089176e-11	2.3995876585515157e-10
1.4963034833089176e-11	2.342769408949198e-10
1.5030924216373377e-11	1.2817937645272845e-10
1.5053622391613377e-11	2.180260161301686e-10
1.5053622391613377e-11	2.128635222491321e-10
1.5053622391613377e-11	2.0782326764735588e-10
1.5053622391613377e-11	2.0290235790176876e-10
1.5053622391613377e-11	1.980979671244297e-10
1.5053622391613377e-11	1.9340733633972982e-10
1.5053622391613377e-11	1.8882777190001877e-10
1.5053622391613377e-11	1.8435664393875014e-10
1.5053622391613377e-11	1.799913848602464e-10
1.5053622391613377e-11	1.7572948786523117e-10
1.5053622391613377e-11	1.7156850551127069e-10
1.5053622391613377e-11	1.675060483073024e-10
1.5053622391613377e-11	1.635397833414427e-10
1.5053622391613377e-11	1.5966743294128598e-10
1.5053622391613377e-11	1.558867733659256e-10
1.5053622391613377e-11	1.521956335289456e-10
1.5053622391613377e-11	1.4859189375164967e-10
1.5053622391613377e-11	1.450734845458119e-10
1.5053622391613377e-11	1.4163838542524924e-10
1.5053622391613377e-11	1.3828462374553675e-10
1.5053622391613377e-11	1.350102735711908e-10
1.5053622391613377e-11	1.3181345456968133e-10
1.5053622391613377e-11	2.83782849574395e-10
1.5053622391613377e-11	2.770633431114771e-10
1.509912162329143e-11	1.2614792304567357e-10
1.514475837536354e-11	2.2271991524221261e-10
1.5167628451389667e-11	2.2918686588033853e-10
1.5236446104555297e-11	2.5040216901539987e-10
1.5236446104555297e-11	2.444730616167273e-10
1.5236446104555297e-11	2.3868434563192894e-10
1.5236446104555297e-11	2.3334313695131886e-10
1.5236446104555297e-11	2.1629142115599034e-10
1.5236446104555297e-11	2.1116999960246416e-10
1.5236446104555297e-11	2.0616984480371144e-10
1.5236446104555297e-11	2.012880853644253e-10
1.5236446104555297e-11	1.9652191787916982e-10
1.5236446104555297e-11	1.9186860532249282e-10
1.5236446104555297e-11	1.8732547547715822e-10
1.5236446104555297e-11	1.828899193995942e-10
1.5236446104555297e-11	1.7855938992168101e-10
1.5236446104555297e-11	1.743314001880066e-10
1.5236446104555297e-11	1.7020352222776451e-10
1.5236446104555297e-11	1.661733855604638e-10
1.5236446104555297e-11	1.6223867583465364e-10
1.5236446104555297e-11	1.5839713349888114e-10
1.5236446104555297e-11	1.5464655250411817e-10
1.5236446104555297e-11	1.50984779036913e-10
1.5236446104555297e-11	1.4740971028253852e-10
1.5236446104555297e-11	1.4391929321742725e-10
1.5236446104555297e-11	1.405115234301987e-10
1.5236446104555297e-11	1.3718444397060597e-10
1.5236446104555297e-11	1.339361442257314e-10
1.5236446104555297e-11	1.307647588227979e-10
1.5259454638078425e-11	2.57844483898207e-10
1.5421490180752212e-11	2.1977452205702528e-10
1.5440117743715643e-11	2.265476906004295e-10
1.5514853269180637e-11	2.633956379095368e-10
1.5514853269180637e-11	2.5715886675197064e-10
1.5514853269180637e-11	2.5106977197500275e-10
1.5514853269180637e-11	2.451248568472579e-10
1.5514853269180637e-11	2.3932070743415017e-10
1.5514853269180637e-11	2.336539906373965e-10
1.5585246329942636e-11	1.342038727373611e-10
1.560878158614267e-11	2.1328902079040687e-10
1.560878158614267e-11	2.0727065859583883e-10
1.560878158614267e-11	2.0236283371460732e-10
1.560878158614267e-11	1.975712179737723e-10
1.560878158614267e-11	1.928930597339337e-10
1.560878158614267e-11	1.8832567250994154e-10
1.560878158614267e-11	1.8386643342815066e-10
1.560878158614267e-11	1.7951278172020895e-10
1.560878158614267e-11	1.7526221725250283e-10
1.560878158614267e-11	1.7111229909043016e-10
1.560878158614267e-11	1.670606440966654e-10
1.560878158614267e-11	1.6310492556261605e-10
1.560878158614267e-11	1.5924287187228397e-10
1.560878158614267e-11	1.5547226519776432e-10
1.560878158614267e-11	1.517909402256328e-10
1.560878158614267e-11	1.4819678291349001e-10
1.560878158614267e-11	1.446877292759488e-10
1.560878158614267e-11	1.4126176419936673e-10
1.560878158614267e-11	1.3791692028464666e-10
1.565595877387362e-11	2.2510462565269545e-10
1.565595877387362e-11	2.1977452205702528e-10
1.570327855358268e-11	1.266527479552731e-10
1.570327855358268e-11	1.236538212769762e-10
1.570327855358268e-11	1.2072590420065788e-10
1.570327855358268e-11	1.1786731533690323e-10
1.570327855358268e-11	1.1507641310880549e-10
1.570327855358268e-11	1.1235159480927213e-10
1.570327855358268e-11	1.0969129568065177e-10
1.570327855358268e-11	1.0709398801615617e-10
1.570327855358268e-11	1.045581802825547e-10
1.570327855358268e-11	1.0208241626364636e-10
1.570327855358268e-11	9.966527422401077e-11
1.570327855358268e-11	9.730536609256057e-11
1.570327855358268e-11	9.500133666542584e-11
1.570327855358268e-11	9.27518628277131e-11
1.570327855358268e-11	9.079708529426281e-11
1.5722246487716193e-11	1.307647588227979e-10
1.5893992231383355e-11	1.799913848602464e-10
1.5893992231383355e-11	1.7572948786523117e-10
1.5893992231383355e-11	1.7156850551127069e-10
1.5893992231383355e-11	1.675060483073024e-10
1.5893992231383355e-11	1.635397833414427e-10
1.5893992231383355e-11	1.5966743294128598e-10
1.5893992231383355e-11	1.558867733659256e-10
1.5893992231383355e-11	1.521956335289456e-10
1.5893992231383355e-11	1.4859189375164967e-10
1.5893992231383355e-11	1.450734845458119e-10
1.5893992231383355e-11	1.4163838542524924e-10
1.5893992231383355e-11	1.3828462374553675e-10
1.5893992231383355e-11	1.350102735711908e-10
1.5913190527887793e-11	1.8583513118675754e-10
1.5990215889718943e-11	1.305038911329231e-10
1.5990215889718943e-11	1.2699041974825017e-10
1.5990215889718943e-11	1.2398349756282991e-10
1.5990215889718943e-11	1.2104777429971497e-10
1.5990215889718943e-11	1.1818156408669949e-10
1.5990215889718943e-11	1.1538322097023098e-10
1.5990215889718943e-11	1.1265113797020236e-10
1.5990215889718943e-11	1.0998374615712783e-10
1.5990215889718943e-11	1.0737951375116233e-10
1.5990215889718943e-11	1.0483694524246616e-10
1.5990215889718943e-11	1.0235458053238649e-10
1.5990215889718943e-11	9.993099409498159e-11
1.5990215889718943e-11	9.756479415839588e-11
1.5990215889718943e-11	9.525462190561944e-11
1.5990215889718943e-11	9.299915069417185e-11
1.5990215889718943e-11	9.146434885524855e-11
1.6087022094735673e-11	8.959632551501383e-11
1.6087022094735673e-11	8.74748333626348e-11
1.6087022094735673e-11	8.540357462023923e-11
1.6087022094735673e-11	8.33813598441252e-11
1.6087022094735673e-11	8.140702775464281e-11
1.6087022094735673e-11	7.947944456931413e-11
1.6087022094735673e-11	7.759750335174727e-11
1.6087022094735673e-11	7.576012337596523e-11
1.6087022094735673e-11	7.396624950578688e-11
1.6087022094735673e-11	7.221485158890311e-11
1.6087022094735673e-11	7.059884869958715e-11
1.6087022094735673e-11	1.8732547547715822e-10
1.6087022094735673e-11	1.828899193995942e-10
1.6087022094735673e-11	1.7855938992168101e-10
1.6087022094735673e-11	1.743314001880066e-10
1.6087022094735673e-11	1.7020352222776451e-10
1.6087022094735673e-11	1.661733855604638e-10
1.6087022094735673e-11	1.6223867583465364e-10
1.6087022094735673e-11	1.5839713349888114e-10
1.6087022094735673e-11	1.5464655250411817e-10
1.6087022094735673e-11	1.50984779036913e-10
1.6087022094735673e-11	1.4740971028253852e-10
1.6087022094735673e-11	1.4391929321742725e-10
1.6087022094735673e-11	1.405115234301987e-10
1.6087022094735673e-11	1.3718444397060597e-10
1.6087022094735673e-11	1.339361442257314e-10
1.6160011165540734e-11	6.147065652774335e-11
1.6184414373223483e-11	6.833330609824787e-11
1.6184414373223483e-11	6.711616405142673e-11
1.6184414373223483e-11	6.474653243044918e-11
1.6184414373223483e-11	6.321344209827998e-11
1.6184414373223483e-11	1.1416087572768019e-10
1.6184414373223483e-11	1.1145773583245707e-10
1.6184414373223483e-11	1.0881860179954601e-10
1.6184414373223483e-11	1.0624195807645105e-10
1.6184414373223483e-11	1.0372632499644486e-10
1.6184414373223483e-11	1.0127025792884847e-10
1.6184414373223483e-11	9.887234644943798e-11
1.6184414373223483e-11	9.653121353049217e-11
1.6184414373223483e-11	9.424551475001882e-11
1.6184414373223483e-11	9.201393751970505e-11
1.6233331397975685e-11	6.049643760038544e-11
1.6380971364659094e-11	7.733967117451506e-11
1.6380971364659094e-11	7.515738278755481e-11
1.6380971364659094e-11	7.337778081324812e-11
1.6380971364659094e-11	7.164031685745e-11
1.6380971364659094e-11	6.994399316188105e-11
1.6380971364659094e-11	6.171665279843428e-11
1.643048247845237e-11	6.758689947925962e-11
1.643048247845237e-11	6.474653243044918e-11
1.643048247845237e-11	6.333980112455925e-11
1.648014323846225e-11	8.21145295356949e-11
1.648014323846225e-11	7.99038134621356e-11
1.657991550770806e-11	8.511980531534341e-11
1.657991550770806e-11	7.842835664059279e-11
1.657991550770806e-11	7.657130343912953e-11
1.657991550770806e-11	7.47582221725733e-11
1.6680291807244462e-11	1.0100097691034427e-10
1.6680291807244462e-11	9.860944155812713e-11
1.6680291807244462e-11	9.627453379027468e-11
1.6680291807244462e-11	9.399491275965785e-11
1.6680291807244462e-11	9.176926936818028e-11
1.6680291807244462e-11	8.959632551501383e-11
1.6680291807244462e-11	8.74748333626348e-11
1.6700439872200964e-11	1.0422464060104233e-10
1.6781275793925298e-11	1.105709883156252e-10
1.6781275793925298e-11	1.0795285099086269e-10
1.6781275793925298e-11	8.327042913420237e-11
1.6882871146743114e-11	8.494999651383559e-11
1.6933899241225165e-11	1.05396706808748e-10
1.6933899241225165e-11	1.029010878746447e-10
1.6933899241225165e-11	1.0046456105122335e-10
1.6933899241225165e-11	9.808572713546576e-11
1.6933899241225165e-11	9.576322005515685e-11
1.6933899241225165e-11	9.349570608440238e-11
1.6933899241225165e-11	9.128188307772163e-11
1.6985081566963487e-11	8.912047972227583e-11
1.6985081566963487e-11	8.701025480780233e-11
1.6985081566963487e-11	8.097467529561412e-11
1.6985081566963487e-11	7.905732949829905e-11
1.6985081566963487e-11	7.718538326440381e-11
1.6985081566963487e-11	7.535776160768352e-11
1.6985081566963487e-11	7.357341499578191e-11
1.6985081566963487e-11	7.183131874752539e-11
1.6985081566963487e-11	7.013047244448839e-11
1.6985081566963487e-11	6.84698993564918e-11
1.6985081566963487e-11	6.711616405142673e-11
1.6985081566963487e-11	6.474653243044918e-11
1.6985081566963487e-11	6.321344209827998e-11
1.6985081566963487e-11	6.171665279843428e-11
1.6985081566963487e-11	6.025530498276924e-11
1.6985081566963487e-11	5.882855945581425e-11
1.6985081566963487e-11	5.751211110809677e-11
1.6985081566963487e-11	1.105709883156252e-10
1.6985081566963487e-11	1.0795285099086269e-10
1.7036418590118553e-11	8.293852171380534e-11
1.7212127912303913e-11	5.67062200351216e-11
1.7225985435424043e-11	8.517648364577139e-11
1.7295440581627323e-11	7.183131874752539e-11
1.7295440581627323e-11	7.013047244448839e-11
1.7295440581627323e-11	6.84698993564918e-11
1.7295440581627323e-11	6.711616405142673e-11
1.7295440581627323e-11	6.474653243044918e-11
1.7295440581627323e-11	6.321344209827998e-11
1.7295440581627323e-11	6.171665279843428e-11
1.7295440581627323e-11	6.025530498276924e-11
1.7295440581627323e-11	5.882855945581425e-11
1.7295440581627323e-11	5.4747839901925536e-11
1.7295440581627323e-11	5.3665406826255196e-11
1.731633168259347e-11	7.416345261818385e-11
1.740014873430938e-11	1.16618654128256e-10
1.740014873430938e-11	1.1385731812332531e-10
1.740014873430938e-11	1.1116136596790932e-10
1.740014873430938e-11	1.0852924948106552e-10
1.740014873430938e-11	1.0595945714020571e-10
1.740014873430938e-11	1.034505132130843e-10
1.740014873430938e-11	1.0100097691034427e-10
1.740014873430938e-11	9.860944155812713e-11
1.740014873430938e-11	9.627453379027468e-11
1.740014873430938e-11	9.399491275965785e-11
1.740014873430938e-11	9.176926936818028e-11
1.740014873430938e-11	8.959632551501383e-11
1.740014873430938e-11	8.74748333626348e-11
1.740014873430938e-11	7.947944456931413e-11
1.740014873430938e-11	7.759750335174727e-11
1.740014873430938e-11	7.596210917658568e-11
1.740014873430938e-11	5.7435596892853365e-11
1.740014873430938e-11	5.607561736941884e-11
1.742116631187954e-11	1.2034078962111362e-10
1.742116631187954e-11	8.20162022072366e-11
1.7531925813946052e-11	8.47805264704926e-11
1.7611470615155836e-11	7.342664053621855e-11
1.7611470615155836e-11	7.144982284781795e-11
1.7611470615155836e-11	6.975800973395185e-11
1.7611470615155836e-11	6.810625594421235e-11
1.7611470615155836e-11	6.711616405142673e-11
1.7611470615155836e-11	6.44884593691949e-11
1.7611470615155836e-11	1.19765419986909e-10
1.7611470615155836e-11	1.1692957379379667e-10
1.7611470615155836e-11	1.1416087572768019e-10
1.7611470615155836e-11	1.1145773583245707e-10
1.7611470615155836e-11	1.0881860179954601e-10
1.7611470615155836e-11	1.0624195807645105e-10
1.7611470615155836e-11	1.0372632499644486e-10
1.7611470615155836e-11	1.0127025792884847e-10
1.7611470615155836e-11	9.887234644943798e-11
1.7611470615155836e-11	9.653121353049217e-11
1.7611470615155836e-11	9.424551475001882e-11
1.7611470615155836e-11	9.201393751970505e-11
1.7611470615155836e-11	8.983520033114885e-11
1.766470088497824e-11	8.735845668823818e-11
1.766470088497824e-11	7.937370497443551e-11
1.766470088497824e-11	7.749426749482264e-11
1.766470088497824e-11	7.565933197263901e-11
1.7682480036997967e-11	8.184168869651685e-11
1.7718092042081856e-11	8.494999651383559e-11
1.7825358964715084e-11	6.338197690449767e-11
1.793327529094451e-11	7.202282987211583e-11
1.793327529094451e-11	7.031744890378339e-11
1.793327529094451e-11	6.865244852383264e-11
1.793327529094451e-11	6.720557446762077e-11
1.793327529094451e-11	6.474653243044918e-11
1.8041844952318054e-11	6.009508410224733e-11
1.8041844952318054e-11	5.867213233958704e-11
1.8041844952318054e-11	5.728287371088447e-11
1.8041844952318054e-11	5.592651041869795e-11
1.8041844952318054e-11	5.4602263556103915e-11
1.8041844952318054e-11	5.330937265940086e-11
1.8041844952318054e-11	5.2047095271404454e-11
1.8041844952318054e-11	5.0814706515083144e-11
1.8041844952318054e-11	4.9611498677289316e-11
1.8041844952318054e-11	4.8436780802346866e-11
1.8041844952318054e-11	4.728987829526289e-11
1.8041844952318054e-11	4.6170132534332696e-11
1.8041844952318054e-11	6.321344209827998e-11
1.8069089914270197e-11	6.184001985287661e-11
1.8151071904185364e-11	4.377581977039501e-11
1.8151071904185364e-11	4.27392810778424e-11
1.8151071904185364e-11	4.172728589964985e-11
1.8151071904185364e-11	4.073925308616859e-11
1.8151071904185364e-11	3.977461524840808e-11
1.8151071904185364e-11	3.883281843220659e-11
1.8151071904185364e-11	3.7913321800116697e-11
1.8151071904185364e-11	3.711428545287894e-11
1.8178481809587338e-11	4.5016930104068377e-11
1.8427041103214627e-11	3.708958878022402e-11
1.8482736416308386e-11	4.172728589964985e-11
1.8482736416308386e-11	4.073925308616859e-11
1.8482736416308386e-11	3.977461524840808e-11
1.8482736416308386e-11	3.883281843220659e-11
1.8482736416308386e-11	3.7913321800116697e-11
1.8594632564748544e-11	4.459936541976832e-11
1.8594632564748544e-11	4.354332653429787e-11
1.8594632564748544e-11	4.256892667136644e-11
1.862271229041294e-11	4.583330570036249e-11
1.8707206142534395e-11	4.685123036757676e-11
1.8729802510084196e-11	4.817953321740315e-11
1.8934402015844827e-11	6.041595303185142e-11
1.8934402015844827e-11	5.898540362595984e-11
1.8934402015844827e-11	5.758872725359663e-11
1.8934402015844827e-11	5.622512185759713e-11
1.8934402015844827e-11	5.489380437217796e-11
1.8934402015844827e-11	5.3594010273252666e-11
1.8934402015844827e-11	5.232499313939518e-11
1.8934402015844827e-11	5.1086024223198824e-11
1.8934402015844827e-11	4.9876392032784946e-11
1.8934402015844827e-11	4.4303478388465855e-11
1.8957272812479332e-11	6.241069216168493e-11
1.8957272812479332e-11	4.570534829933171e-11
1.904903258844351e-11	7.780438783321608e-11
1.904903258844351e-11	7.596210917658568e-11
1.904903258844351e-11	7.416345261818385e-11
1.904903258844351e-11	7.240738525918881e-11
1.904903258844351e-11	7.069289865810702e-11
1.904903258844351e-11	6.901900825166433e-11
1.904903258844351e-11	6.738475278940933e-11
1.904903258844351e-11	6.474653243044918e-11
1.904903258844351e-11	4.856591921334579e-11
1.904903258844351e-11	4.7415958923211586e-11
1.910660785667046e-11	3.7387036612175325e-11
1.9164357144837583e-11	4.1838535972571895e-11
1.9164357144837583e-11	4.084786894217047e-11
1.9164357144837583e-11	3.988065926137056e-11
1.9164357144837583e-11	3.8936351499100545e-11
1.9164357144837583e-11	3.801440337597373e-11
1.9164357144837583e-11	4.4126889251368544e-11
1.9193297210702703e-11	4.2996091788259844e-11
1.9222280978916195e-11	6.271052175459623e-11
1.9222280978916195e-11	6.122564077304665e-11
1.9222280978916195e-11	5.977591930648239e-11
1.9222280978916195e-11	5.836052483599494e-11
1.9222280978916195e-11	5.697864455534061e-11
1.9222280978916195e-11	5.562948490417732e-11
1.9222280978916195e-11	5.431227111235366e-11
1.9222280978916195e-11	5.3026246754988335e-11
1.9222280978916195e-11	5.1770673318084724e-11
1.9222280978916195e-11	5.0544829774430804e-11
1.9222280978916195e-11	4.9348012169541206e-11
1.9222280978916195e-11	4.483749722134653e-11
1.9241627802726874e-11	4.6170132534332696e-11
1.9280379886467348e-11	3.6332089072541965e-11
1.9280379886467348e-11	4.7796221272982406e-11
1.9426396578308214e-11	3.546000172859811e-11
1.9656393863297727e-11	3.666248784023444e-11
1.9751537627646178e-11	3.8319267954929113e-11
1.9751537627646178e-11	3.74617705514289e-11
1.9775395439470532e-11	3.9584446097132124e-11
1.996127324363289e-11	3.528341491383939e-11
1.9991416731257153e-11	3.977461524840808e-11
1.9991416731257153e-11	3.883281843220659e-11
1.9991416731257153e-11	3.7913321800116697e-11
2.001556429219484e-11	3.654553482436675e-11
2.0051840334145813e-11	3.369952021898531e-11
2.0142818340224368e-11	3.4379240684672666e-11
2.0381297643970367e-11	3.325828315900758e-11
2.0603937654321323e-11	3.30992696917058e-11
2.0628825077096427e-11	3.433807356223951e-11
2.0728675745818804e-11	3.537748483469509e-11
2.0759978086765955e-11	3.635628135237597e-11
2.0854169012940062e-11	4.483749722134653e-11
2.0854169012940062e-11	4.377581977039501e-11
2.0854169012940062e-11	4.27392810778424e-11
2.0854169012940062e-11	4.172728589964985e-11
2.0854169012940062e-11	4.073925308616859e-11
2.0854169012940062e-11	3.977461524840808e-11
2.0854169012940062e-11	3.883281843220659e-11
2.0854169012940062e-11	3.7913321800116697e-11
2.0854169012940062e-11	3.716372814311588e-11
2.0879358689280293e-11	4.629322778245445e-11
2.0980422027586156e-11	5.125633294899988e-11
2.0980422027586156e-11	4.9876392032784946e-11
2.0980422027586156e-11	4.8695401923220474e-11
2.0980422027586156e-11	4.7796221272982406e-11
2.1107439389337093e-11	3.500270330305229e-11
2.1107439389337093e-11	4.6664486151467726e-11
2.1107439389337093e-11	4.555954863761233e-11
2.1132934990061364e-11	3.6139129465915534e-11
2.1171236145355162e-11	4.4303478388465855e-11
2.1171236145355162e-11	4.32544456163744e-11
2.1171236145355162e-11	4.223025219769138e-11
2.1171236145355162e-11	4.1230309977791125e-11
2.1171236145355162e-11	4.0254044728571945e-11
2.1235225725618907e-11	3.914424646446823e-11
2.1235225725618907e-11	3.821737573391291e-11
2.1235225725618907e-11	3.7312451762556337e-11
2.136378569187256e-11	3.458581779596681e-11
2.1449924442206874e-11	3.509602481225129e-11
2.1493123971723466e-11	3.701559732082314e-11
2.15255807047455e-11	3.6211368930471093e-11
2.1558086450629497e-11	3.7762203174114675e-11
2.1623245277152064e-11	4.342754336599139e-11
2.1623245277152064e-11	4.2399251280144506e-11
2.1623245277152064e-11	4.1395307442710016e-11
2.1623245277152064e-11	4.04151353276124e-11
2.1623245277152064e-11	3.9458172059955876e-11
2.1623245277152064e-11	3.8626577460102874e-11
2.164936391796776e-11	4.483749722134653e-11
2.1754154348665785e-11	5.529721638989577e-11
2.1754154348665785e-11	5.373689849189749e-11
2.1754154348665785e-11	5.2464498002385845e-11
2.1754154348665785e-11	5.122222584277686e-11
2.1754154348665785e-11	5.0009368624267076e-11
2.1754154348665785e-11	4.882522984991485e-11
2.1754154348665785e-11	4.766912951466889e-11
2.1754154348665785e-11	4.654040371486851e-11
2.1952005457875766e-11	5.630002350933629e-11
2.2018354895648444e-11	4.5650618827946556e-11
2.2018354895648444e-11	4.4362498335412e-11
2.2018354895648444e-11	4.331206806901974e-11
2.2018354895648444e-11	4.228651024637964e-11
2.2018354895648444e-11	4.128523592934131e-11
2.2018354895648444e-11	4.0361366959455365e-11
2.2018354895648444e-11	5.4747839901925536e-11
2.2018354895648444e-11	5.3451501999182256e-11
2.2151655996325252e-11	5.218585922452255e-11
2.2151655996325252e-11	5.09501847683036e-11
2.2151655996325252e-11	4.974376903052737e-11
2.2151655996325252e-11	4.856591921334579e-11
2.2151655996325252e-11	4.716413291994021e-11
2.2151655996325252e-11	3.906615608875077e-11
2.2151655996325252e-11	3.806504518000486e-11
2.2420684133985765e-11	4.629322778245445e-11
2.2420684133985765e-11	4.519708105004952e-11
2.2420684133985765e-11	4.4126889251368544e-11
2.2420684133985765e-11	4.3082037816696836e-11
2.2420684133985765e-11	4.2061926728309596e-11
2.2420684133985765e-11	4.106597017590503e-11
2.2420684133985765e-11	4.0093596220196166e-11
2.2420684133985765e-11	3.7511676152318156e-11
2.2488450142409157e-11	3.914424646446823e-11
2.2488450142409157e-11	3.821737573391291e-11
2.2556420972053354e-11	6.171665279843428e-11
2.2556420972053354e-11	6.025530498276924e-11
2.2556420972053354e-11	5.882855945581425e-11
2.2556420972053354e-11	5.7435596892853365e-11
2.2556420972053354e-11	5.607561736941884e-11
2.2556420972053354e-11	5.4747839901925536e-11
2.2556420972053354e-11	5.3451501999182256e-11
2.2556420972053354e-11	5.218585922452255e-11
2.2556420972053354e-11	5.09501847683036e-11
2.2556420972053354e-11	4.974376903052737e-11
2.2556420972053354e-11	4.856591921334579e-11
2.2556420972053354e-11	4.7415958923211586e-11
2.2795940797608977e-11	4.073925308616859e-11
2.2830364912289905e-11	4.4957039499929256e-11
2.2830364912289905e-11	4.38925314864024e-11
2.2830364912289905e-11	4.285322925429414e-11
2.2830364912289905e-11	4.1838535972571895e-11
2.2830364912289905e-11	5.607561736941884e-11
2.286484101077278e-11	4.620087562658961e-11
2.296858199463255e-11	5.452962060723604e-11
2.296858199463255e-11	5.3238449774889005e-11
2.296858199463255e-11	5.197785172298201e-11
2.296858199463255e-11	5.0544829774430804e-11
2.296858199463255e-11	4.9348012169541206e-11
2.296858199463255e-11	4.817953321740315e-11
2.296858199463255e-11	4.722696375679453e-11
2.300326681451612e-11	4.017374037324721e-11
2.3247531561190635e-11	4.592492311095142e-11
2.3247531561190635e-11	4.483749722134653e-11
2.3247531561190635e-11	4.377581977039501e-11
2.3247531561190635e-11	4.256892667136644e-11
2.3247531561190635e-11	4.181069567833836e-11
2.331779669717775e-11	5.431227111235366e-11
2.3388274207941957e-11	5.3026246754988335e-11
2.3388274207941957e-11	5.1770673318084724e-11
2.3388274207941957e-11	5.0544829774430804e-11
2.3388274207941957e-11	4.9348012169541206e-11
2.3388274207941957e-11	4.817953321740315e-11
2.3388274207941957e-11	4.7038721905795546e-11
2.3529868923333964e-11	4.189427218704594e-11
2.3600987417583788e-11	4.592492311095142e-11
2.3600987417583788e-11	4.483749722134653e-11
2.3600987417583788e-11	4.377581977039501e-11
2.3624741317853416e-11	4.251229289536242e-11
2.3672320865866753e-11	4.817953321740315e-11
2.3672320865866753e-11	4.7038721905795546e-11
2.374386991787654e-11	5.3026246754988335e-11
2.381563522527052e-11	5.1770673318084724e-11
2.381563522527052e-11	5.0544829774430804e-11
2.381563522527052e-11	4.9348012169541206e-11
2.4104872110897462e-11	4.9348012169541206e-11
2.4250805174438526e-11	5.6375024943116554e-11
2.4250805174438526e-11	5.504015800164861e-11
2.4250805174438526e-11	5.373689849189749e-11
2.4250805174438526e-11	5.2464498002385845e-11
2.4250805174438526e-11	5.122222584277686e-11
2.4250805174438526e-11	5.014269974768629e-11
2.4280097635478575e-11	5.817435527169983e-11
2.439762172987011e-11	6.84698993564918e-11
2.439762172987011e-11	6.711616405142673e-11
2.439762172987011e-11	6.474653243044918e-11
2.439762172987011e-11	6.321344209827998e-11
2.439762172987011e-11	6.171665279843428e-11
2.439762172987011e-11	6.025530498276924e-11
2.4656692710499118e-11	5.5852105689441075e-11
2.469392674374453e-11	5.882855945581425e-11
2.469392674374453e-11	5.7435596892853365e-11
2.484342599700728e-11	6.474653243044918e-11
2.484342599700728e-11	6.321344209827998e-11
2.484342599700728e-11	6.171665279843428e-11
2.484342599700728e-11	6.025530498276924e-11
2.484342599700728e-11	5.504015800164861e-11
2.4893459940834935e-11	6.738475278940933e-11
2.4993830332193937e-11	5.7435596892853365e-11
2.4993830332193937e-11	5.607561736941884e-11
2.5069373616542556e-11	5.882855945581425e-11
2.5145145228751865e-11	7.284246492311705e-11
2.5145145228751865e-11	7.088137461481552e-11
2.5145145228751865e-11	6.920302141081085e-11
2.5297376199301394e-11	6.474653243044918e-11
2.5297376199301394e-11	6.329765340932473e-11
2.5297376199301394e-11	6.171665279843428e-11
2.5297376199301394e-11	6.025530498276924e-11
2.5327932809748172e-11	7.559892150673584e-11
2.5327932809748172e-11	6.733094919103431e-11
2.552745243489825e-11	7.298807165855089e-11
2.552745243489825e-11	7.125983536815809e-11
2.5604608579929027e-11	6.920302141081085e-11
2.5604608579929027e-11	5.882855945581425e-11
2.5604608579929027e-11	5.751211110809677e-11
2.5604608579929027e-11	7.657130343912953e-11
2.5604608579929027e-11	7.47582221725733e-11
2.5656175523537138e-11	6.729510399405626e-11
2.5681997927655264e-11	6.474653243044918e-11
2.5759621182926806e-11	6.321344209827998e-11
2.5759621182926806e-11	6.171665279843428e-11
2.5759621182926806e-11	6.025530498276924e-11
2.5759621182926806e-11	5.607561736941884e-11
2.5759621182926806e-11	5.4747839901925536e-11
2.5759621182926806e-11	5.3451501999182256e-11
2.5759621182926806e-11	5.218585922452255e-11
2.5759621182926806e-11	5.09501847683036e-11
2.5759621182926806e-11	4.974376903052737e-11
2.5759621182926806e-11	4.856591921334579e-11
2.5915572246163615e-11	4.766912951466889e-11
2.6072467451162135e-11	5.882855945581425e-11
2.6072467451162135e-11	5.7435596892853365e-11
2.6072467451162135e-11	5.09501847683036e-11
2.6072467451162135e-11	4.974376903052737e-11
2.6072467451162135e-11	4.856591921334579e-11
2.6151270891697467e-11	5.607561736941884e-11
2.6151270891697467e-11	5.4747839901925536e-11
2.6151270891697467e-11	5.3451501999182256e-11
2.6177591598949745e-11	5.190870029630016e-11
2.6230312513841393e-11	7.416345261818385e-11
2.6230312513841393e-11	7.240738525918881e-11
2.6230312513841393e-11	7.069289865810702e-11
2.6230312513841393e-11	6.901900825166433e-11
2.6230312513841393e-11	6.738475278940933e-11
2.6230312513841393e-11	6.474653243044918e-11
2.6230312513841393e-11	6.321344209827998e-11
2.6230312513841393e-11	6.171665279843428e-11
2.6230312513841393e-11	6.025530498276924e-11
2.6548875249152133e-11	5.898540362595984e-11
2.662911862143347e-11	6.698227141225566e-11
2.6709604527484486e-11	6.957252084220654e-11
2.6709604527484486e-11	6.792515912129272e-11
2.6709604527484486e-11	6.474653243044918e-11
2.6709604527484486e-11	6.321344209827998e-11
2.6709604527484486e-11	6.171665279843428e-11
2.6709604527484486e-11	6.025530498276924e-11
2.683078974153785e-11	5.1874159090305835e-11
2.6871306875322454e-11	5.592651041869795e-11
2.6871306875322454e-11	5.4602263556103915e-11
2.6871306875322454e-11	5.330937265940086e-11
2.6911885193967656e-11	5.755040643108205e-11
2.7074812167151865e-11	5.918204701493292e-11
2.7074812167151865e-11	5.115407970211416e-11
2.719765437938124e-11	6.254377237018297e-11
2.719765437938124e-11	6.10628397370552e-11
2.7279858671844195e-11	5.540775146261207e-11
2.73073152790952e-11	5.713055662498792e-11
2.7362311424913533e-11	5.4167852958578576e-11
2.7362311424913533e-11	5.288524818318979e-11
2.7362311424913533e-11	5.930034757863864e-11
2.7472636221576302e-11	5.122222584277686e-11
2.7486458061514266e-11	4.974376903052737e-11
2.7728074331885884e-11	4.852714158036649e-11
2.8200670630589785e-11	4.7949178734183246e-11
2.83714000267093e-11	4.678889940709392e-11
2.83714000267093e-11	4.58638245112959e-11
2.8577640218729897e-11	4.974376903052737e-11
2.8629434095749948e-11	4.798749452188576e-11
2.8715965909877273e-11	4.629322778245445e-11
2.875065182263748e-11	5.1770673318084724e-11
2.8889814949958865e-11	5.622512185759713e-11
2.8889814949958865e-11	5.489380437217796e-11
2.8889814949958865e-11	5.3594010273252666e-11
2.8889814949958865e-11	5.014269974768629e-11
2.892471085435427e-11	5.808149331282955e-11
2.9064716487763575e-11	6.84698993564918e-11
2.9064716487763575e-11	6.711616405142673e-11
2.9064716487763575e-11	6.474653243044918e-11
2.9064716487763575e-11	6.321344209827998e-11
2.9064716487763575e-11	6.171665279843428e-11
2.9064716487763575e-11	6.025530498276924e-11
2.9064716487763575e-11	5.2394699140625284e-11
2.9099823655102423e-11	7.069289865810702e-11
2.924067689520727e-11	5.882855945581425e-11
2.924067689520727e-11	5.7435596892853365e-11
2.9476948987796444e-11	6.440266380777626e-11
2.9506616920502704e-11	6.98509395485697e-11
2.9506616920502704e-11	6.81969853351934e-11
2.9506616920502704e-11	6.698227141225566e-11
2.959579999978928e-11	9.146434885524855e-11
2.959579999978928e-11	8.888350537225435e-11
2.959579999978928e-11	8.677889161673179e-11
2.959579999978928e-11	8.47241116187932e-11
2.959579999978928e-11	8.271798539784194e-11
2.959579999978928e-11	8.075936091326141e-11
2.959579999978928e-11	7.884711340284405e-11
2.959579999978928e-11	7.698014473688195e-11
2.959579999978928e-11	7.515738278755481e-11
2.959579999978928e-11	7.337778081324812e-11
2.9640492571256806e-11	7.140227854339197e-11
2.9774975634575795e-11	1.3146295816506055e-10
2.9774975634575795e-11	1.283501336996312e-10
2.9774975634575795e-11	1.2531101574657479e-10
2.9774975634575795e-11	1.2234385905811825e-10
2.9774975634575795e-11	1.1944695971105668e-10
2.9774975634575795e-11	1.16618654128256e-10
2.9774975634575795e-11	1.1385731812332531e-10
2.9774975634575795e-11	1.1116136596790932e-10
2.9774975634575795e-11	1.0852924948106552e-10
2.9774975634575795e-11	1.0595945714020571e-10
2.9774975634575795e-11	1.034505132130843e-10
2.9774975634575795e-11	1.0100097691034427e-10
2.9774975634575795e-11	9.860944155812713e-11
2.9774975634575795e-11	9.627453379027468e-11
2.9774975634575795e-11	9.399491275965785e-11
2.981094072140378e-11	1.356588815894909e-10
3.009114711314292e-11	8.444259995644313e-11
3.013658770751454e-11	9.146434885524855e-11
3.013658770751454e-11	8.888350537225435e-11
3.013658770751454e-11	8.677889161673179e-11
3.013658770751454e-11	1.360930171249914e-10
3.013658770751454e-11	1.328705605547622e-10
3.013658770751454e-11	1.2972440640302867e-10
3.013658770751454e-11	1.266527479552731e-10
3.013658770751454e-11	1.236538212769762e-10
3.013658770751454e-11	1.2072590420065788e-10
3.022767485919266e-11	1.1692957379379667e-10
3.022767485919266e-11	1.1416087572768019e-10
3.022767485919266e-11	1.1145773583245707e-10
3.022767485919266e-11	1.0881860179954601e-10
3.022767485919266e-11	1.0624195807645105e-10
3.022767485919266e-11	1.0372632499644486e-10
3.022767485919266e-11	1.0127025792884847e-10
3.022767485919266e-11	9.887234644943798e-11
3.022767485919266e-11	9.653121353049217e-11
3.0319037319717344e-11	9.449678487608764e-11
3.0319037319717344e-11	8.21145295356949e-11
3.0319037319717344e-11	7.99038134621356e-11
3.0319037319717344e-11	7.801182389414074e-11
3.0319037319717344e-11	7.616463349617671e-11
3.0319037319717344e-11	7.436118149831675e-11
3.0319037319717344e-11	7.313396945115071e-11
3.041067592120331e-11	6.698227141225566e-11
3.050259149828035e-11	6.957252084220654e-11
3.050259149828035e-11	6.792515912129272e-11
3.050259149828035e-11	6.474653243044918e-11
3.050259149828035e-11	6.321344209827998e-11
3.050259149828035e-11	6.171665279843428e-11
3.050259149828035e-11	6.025530498276924e-11
3.050259149828035e-11	5.882855945581425e-11
3.050259149828035e-11	5.7435596892853365e-11
3.050259149828035e-11	5.607561736941884e-11
3.050259149828035e-11	5.4747839901925536e-11
3.050259149828035e-11	5.3451501999182256e-11
3.050259149828035e-11	5.218585922452255e-11
3.050259149828035e-11	9.27518628277131e-11
3.050259149828035e-11	9.055565279369163e-11
3.050259149828035e-11	8.841144536497086e-11
3.054865341417678e-11	7.154500645206713e-11
3.059478488810076e-11	5.115407970211416e-11
3.0687256930347514e-11	8.631800920624311e-11
3.0687256930347514e-11	8.40500543626264e-11
3.087304034354773e-11	7.905732949829905e-11
3.087304034354773e-11	7.718538326440381e-11
3.087304034354773e-11	7.535776160768352e-11
3.087304034354773e-11	7.357341499578191e-11
3.087304034354773e-11	6.321344209827998e-11
3.087304034354773e-11	6.171665279843428e-11
3.087304034354773e-11	6.025530498276924e-11
3.087304034354773e-11	5.882855945581425e-11
3.087304034354773e-11	5.7435596892853365e-11
3.087304034354773e-11	5.607561736941884e-11
3.087304034354773e-11	5.4747839901925536e-11
3.087304034354773e-11	5.3451501999182256e-11
3.087304034354773e-11	5.218585922452255e-11
3.0910331778819644e-11	8.162406889639957e-11
3.1013115648618646e-11	6.725032433214603e-11
3.10599485062392e-11	6.88354843896908e-11
3.10599485062392e-11	6.500563826106427e-11
3.1097465707213915e-11	7.103251711597429e-11
3.1153826494953797e-11	8.701025480780233e-11
3.1153826494953797e-11	8.494999651383559e-11
3.124798822775649e-11	8.293852171380534e-11
3.1342434562257334e-11	8.065191851539491e-11
3.1342434562257334e-11	7.874221506247763e-11
3.14371663586585e-11	7.698014473688195e-11
3.14371663586585e-11	7.515738278755481e-11
3.14371663586585e-11	7.337778081324812e-11
3.1627489790977886e-11	7.111767635834002e-11
3.1627489790977886e-11	6.920302141081085e-11
3.1627489790977886e-11	6.733094919103431e-11
3.1627489790977886e-11	6.474653243044918e-11
3.1818965458472697e-11	6.138887585660998e-11
3.1818965458472697e-11	5.993528925443014e-11
3.1818965458472697e-11	5.851612116831781e-11
3.1818965458472697e-11	5.713055662498792e-11
3.1818965458472697e-11	5.5777799948369005e-11
3.1818965458472697e-11	5.43665271321769e-11
3.1818965458472697e-11	7.657130343912953e-11
3.1818965458472697e-11	7.47582221725733e-11
3.1818965458472697e-11	7.298807165855089e-11
3.1867015228635543e-11	6.30873351505241e-11
3.2400375840776905e-11	5.930034757863864e-11
3.2400375840776905e-11	5.7896213856655274e-11
3.2400375840776905e-11	5.6525327688686604e-11
3.2400375840776905e-11	5.496693247722899e-11
3.259653062992382e-11	6.372039571843817e-11
3.259653062992382e-11	6.221160259900941e-11
3.259653062992382e-11	6.073853519426854e-11
3.2793872957804674e-11	5.2464498002385845e-11
3.2793872957804674e-11	5.122222584277686e-11
3.2793872957804674e-11	5.0009368624267076e-11
3.2793872957804674e-11	4.882522984991485e-11
3.2793872957804674e-11	4.766912951466889e-11
3.2793872957804674e-11	4.660240363582342e-11
3.2793872957804674e-11	5.5186901827883794e-11
3.284339493426329e-11	5.3987870164531766e-11
3.2892991693781405e-11	5.906398245361049e-11
3.2892991693781405e-11	5.766544546514227e-11
3.2892991693781405e-11	5.630002350933629e-11
3.2892991693781405e-11	4.439203778665898e-11
3.304223180084331e-11	4.537795293287089e-11
3.323224170953972e-11	4.32544456163744e-11
3.339309728640558e-11	4.1950082651862134e-11
3.364599425341535e-11	4.106597017590503e-11
3.383947610823148e-11	4.294460649249577e-11
3.400327091021336e-11	4.6664486151467726e-11
3.400327091021336e-11	4.555954863761233e-11
3.400327091021336e-11	4.448077420858256e-11
3.410604502402515e-11	4.1560965202529374e-11
3.420912977026088e-11	5.1358790592613275e-11
3.420912977026088e-11	5.014269974768629e-11
3.420912977026088e-11	4.895540391381858e-11
3.420912977026088e-11	4.7796221272982406e-11
3.420912977026088e-11	4.2399251280144506e-11
3.441623491836042e-11	4.3485396414977664e-11
3.4520257206504774e-11	4.6664486151467726e-11
3.4520257206504774e-11	4.555954863761233e-11
3.462459389965179e-11	4.448077420858256e-11
3.462459389965179e-11	4.895540391381858e-11
3.462459389965179e-11	4.7796221272982406e-11
3.504510377104109e-11	4.316815564492996e-11
3.547072066411701e-11	4.211796053816529e-11
3.568546359694428e-11	4.3082037816696836e-11
3.590150660279913e-11	4.4957039499929256e-11
3.590150660279913e-11	4.38925314864024e-11
3.595572141198316e-11	4.620087562658961e-11
3.611885755244045e-11	4.9216794147093505e-11
3.611885755244045e-11	4.805142221975037e-11
3.611885755244045e-11	4.7038721905795546e-11
3.616248539160122e-11	5.078765412407554e-11
3.617340058295489e-11	4.2061926728309596e-11
3.655751500465848e-11	4.555954863761233e-11
3.655751500465848e-11	4.448077420858256e-11
3.655751500465848e-11	4.342754336599139e-11
3.66016726965906e-11	4.090228541567377e-11
3.6778837488160324e-11	5.014269974768629e-11
3.6778837488160324e-11	4.895540391381858e-11
3.6778837488160324e-11	4.7796221272982406e-11
3.6778837488160324e-11	4.6664486151467726e-11
3.6778837488160324e-11	4.2399251280144506e-11
3.700149987788095e-11	4.0576870586866944e-11
3.715068986723718e-11	4.1560965202529374e-11
3.72255102857334e-11	5.27095270827218e-11
3.72255102857334e-11	5.122222584277686e-11
3.72255102857334e-11	4.5650618827946556e-11
3.72255102857334e-11	4.4362498335412e-11
3.72255102857334e-11	4.331206806901974e-11
3.745087687274054e-11	5.4638621312380296e-11
3.745087687274054e-11	4.964453325607672e-11
3.745087687274054e-11	4.830798577472203e-11
3.745087687274054e-11	4.716413291994021e-11
3.779148756306657e-11	5.3451501999182256e-11
3.779148756306657e-11	5.218585922452255e-11
3.779148756306657e-11	5.09501847683036e-11
3.790571147564778e-11	4.629322778245445e-11
3.790571147564778e-11	4.519708105004952e-11
3.790571147564778e-11	4.4126889251368544e-11
3.790571147564778e-11	4.3082037816696836e-11
3.802028062740973e-11	4.974376903052737e-11
3.802028062740973e-11	4.856591921334579e-11
3.802028062740973e-11	4.7415958923211586e-11
3.813519606183001e-11	4.084786894217047e-11
3.819278396198589e-11	4.197801575905398e-11
3.8366069968334665e-11	4.0093596220196166e-11
3.883201943751413e-11	4.1395307442710016e-11
3.9114301000560055e-11	4.035062187289525e-11
3.9541575481888856e-11	3.9353251454657485e-11
3.9780963735880026e-11	4.0093596220196166e-11
3.98290150200329e-11	4.106597017590503e-11
4.031273171089653e-11	4.27392810778424e-11
4.050785931531972e-11	4.424453696176226e-11
4.050785931531972e-11	4.098404607901e-11
4.081463872763478e-11	3.99736796709453e-11
4.087627284998555e-11	4.27392810778424e-11
4.087627284998555e-11	4.172728589964985e-11
4.137270831111564e-11	4.0254044728571945e-11
4.14977563820467e-11	3.9353251454657485e-11
4.2052473407645197e-11	3.852386809278716e-11
4.2769214247485754e-11	3.8319267954929113e-11
4.2769214247485754e-11	3.741193134504011e-11
4.349817119234606e-11	3.818686093271819e-11
4.407962855887568e-11	3.9040160597876114e-11
4.4413458160659734e-11	3.8141134408570256e-11
4.510233058032788e-11	3.815637049617631e-11
4.5981934964976673e-11	3.8370315891659606e-11
4.654037783406522e-11	3.7762203174114675e-11
4.710560289790659e-11	3.953704604679706e-11
4.710560289790659e-11	3.842143183312999e-11
4.710560289790659e-11	3.7611686891511764e-11
4.7677692525115575e-11	4.0307670124831435e-11
4.796633756337792e-11	3.914424646446823e-11
4.796633756337792e-11	3.8319267954929113e-11
4.8901797001801816e-11	3.873987407258751e-11
4.967527487863396e-11	3.883281843220659e-11
5.056770051664048e-11	3.883281843220659e-11
5.1259126349250084e-11	3.821737573391291e-11
5.219575605476915e-11	3.842143183312999e-11
5.289347749977944e-11	3.9711124236466154e-11
5.3149500277599624e-11	3.883281843220659e-11
5.347127213208211e-11	4.0522887045832564e-11
5.379499202230876e-11	3.9353251454657485e-11
5.4120671741863604e-11	3.8626577460102874e-11
5.51761555616963e-11	3.923816099071549e-11
5.594747599164836e-11	3.8600874474644e-11
5.6201317520706216e-11	3.930089581869986e-11
5.6912492087743395e-11	3.930089581869986e-11
5.722825315594426e-11	4.0254044728571945e-11
5.8186086700003316e-11	3.9838207771165305e-11
5.924928892627264e-11	3.977461524840808e-11
5.9968861578547e-11	3.9458172059955876e-11
6.040479316865439e-11	4.04151353276124e-11
6.143433028449535e-11	4.2061926728309596e-11
6.143433028449535e-11	4.073925308616859e-11
6.236837886360995e-11	4.049592221371492e-11
6.255688587178898e-11	4.117545709982505e-11
6.360390513929304e-11	4.114805803305056e-11
6.41823741057352e-11	4.0576870586866944e-11
6.486390736265561e-11	4.0576870586866944e-11
6.533542250456187e-11	4.132922936897453e-11
6.604912971775314e-11	4.1395307442710016e-11
6.644899708894633e-11	4.2441606618465516e-11
6.756115891236345e-11	4.231466736905528e-11
6.807282190756421e-11	4.1450453199611225e-11
6.889955488437306e-11	4.073925308616859e-11
7.005273187649923e-11	4.04151353276124e-11
7.144048625610357e-11	4.0609295224787394e-11
7.263619100623004e-11	4.0820687859856415e-11
7.329680739834668e-11	4.029425708213457e-11
7.443367336550047e-11	4.047975192784866e-11
7.54286579018583e-11	3.9854121781933146e-11
7.54286579018583e-11	3.878115518127071e-11
7.588530978019092e-11	3.811575444773627e-11
7.634472627006193e-11	4.0657980769869554e-11
7.634472627006193e-11	3.914424646446823e-11
7.727192013457677e-11	4.0254044728571945e-11
7.877890921664953e-11	4.0382865717360605e-11
8.012161410362057e-11	4.028621139904899e-11
8.133978445663479e-11	3.9854121781933146e-11
8.170883444314014e-11	4.049592221371492e-11
8.29511369205868e-11	4.0576870586866944e-11
8.459441050137551e-11	4.073925308616859e-11
8.624420583204583e-11	4.073925308616859e-11
8.771414896524105e-11	4.0820687859856415e-11
8.942478673124596e-11	4.0804387892949604e-11
9.04016399125922e-11	4.0254044728571945e-11
9.105879647014657e-11	4.103318090422634e-11
9.249907001588162e-11	4.146149116351164e-11
9.44454321512527e-11	4.1560965202529374e-11
9.602617239770257e-11	4.1478053620854525e-11
9.778080561096098e-11	4.181069567833836e-11
9.956750026784624e-11	4.2061926728309596e-11
1.0138684220941111e-10	4.181069567833836e-11
1.0323942798145672e-10	4.192216813198231e-11
1.0499903706791382e-10	4.212917625457094e-11
1.072084230645977e-10	4.2399251280144506e-11
1.0900277844247638e-10	4.27392810778424e-11
1.1099452601105064e-10	4.282471376053789e-11
1.1288631270858132e-10	4.3082037816696836e-11
1.1456805715698029e-10	4.2484004268257377e-11
1.1630995180291862e-10	4.291031721688892e-11
1.1861406815473575e-10	4.316815564492996e-11
1.2078143751193538e-10	4.377581977039501e-11
1.2078143751193538e-10	4.279621724162666e-11
1.2165943390413085e-10	4.1693968598051534e-11
1.2298841001236806e-10	4.2061926728309596e-11
1.231369672739832e-10	4.349697626993136e-11
1.253869810688053e-10	4.3845809506249876e-11
1.273702222142364e-10	4.3845809506249876e-11
1.3001109967652315e-10	4.398612486022039e-11
1.323867206961748e-10	4.448077420858256e-11
1.348464395467213e-10	4.448077420858256e-11
1.373104140612775e-10	4.4658779539757597e-11
1.3876847190049214e-10	4.4303478388465855e-11
1.396085887090022e-10	4.5016930104068377e-11
1.421595793450796e-10	4.483749722134653e-11
1.4453891483405622e-10	4.5016930104068377e-11
1.4740225087693663e-10	4.4909184390276205e-11
1.4919242643071772e-10	4.4658779539757597e-11
1.502769507984304e-10	4.563239023810178e-11
1.5191853724035938e-10	4.5741871060900064e-11
1.5283826572703904e-10	4.6385764543493675e-11
1.5586601306753965e-10	4.643210226624112e-11
1.5752110721151878e-10	4.610870770762275e-11
1.5847475416065004e-10	4.6726651371832325e-11
1.5866617525074197e-10	4.802584092741378e-11
1.6088420695786967e-10	4.7415958923211586e-11
1.6137047581829982e-10	4.660240363582342e-11
1.6357693793663413e-10	4.620087562658961e-11
1.6651562833256943e-10	4.6367242405170036e-11
1.6884338938680896e-10	4.6385764543493675e-11
1.696094554760047e-10	4.722696375679453e-11
1.727086353811281e-10	4.7038721905795546e-11
1.7538742285861314e-10	4.711392844078251e-11
1.7773189634387384e-10	4.685123036757676e-11
1.7880790122799426e-10	4.760571041970149e-11
1.820751592520692e-10	4.7796221272982406e-11
1.8568209352716253e-10	4.7796221272982406e-11
1.8907495987052526e-10	4.798749452188576e-11
1.9108268979635068e-10	4.760571041970149e-11
1.9247172701687247e-10	4.825656370640808e-11
1.9575220818929636e-10	4.8436780802346866e-11
1.9932908017618558e-10	4.882522984991485e-11
1.9932908017618558e-10	4.792365187354447e-11
2.0297131036939644e-10	4.9151316036337466e-11
2.0297131036939644e-10	4.8372340422736536e-11
2.064307460617383e-10	4.887725788738684e-11
2.1013931316495907e-10	4.895540391381858e-11
2.1430220223951846e-10	4.9216794147093505e-11
2.1854755872670175e-10	4.974376903052737e-11
2.2187035944337373e-10	4.974376903052737e-11
2.249040528176462e-10	4.9545495450921785e-11
2.2653894764115353e-10	5.05852197251708e-11
2.304000692930219e-10	5.041042937375894e-11
2.304000692930219e-10	4.928235948609375e-11
2.331982393968298e-10	4.827584056441449e-11
2.346100425099513e-10	4.9611498677289316e-11
2.349643267696081e-10	5.084854226829936e-11
2.385367283005661e-10	5.09501847683036e-11
2.432621741258519e-10	5.1052030444197174e-11
2.4800637408685303e-10	5.1358790592613275e-11
2.5192908154200995e-10	5.12768081129216e-11
2.5723016429914353e-10	5.1564320705135774e-11
2.618513524868303e-10	5.193634982021144e-11
2.6671649835921054e-10	5.218585922452255e-11
2.707716604349615e-10	5.260437480248783e-11
2.761356847574375e-10	5.27095270827218e-11
2.8118135961610487e-10	5.3026246754988335e-11
2.8459625995289777e-10	5.3238449774889005e-11
2.8494002275981805e-10	5.4747839901925536e-11
2.8666507528262325e-10	5.697864455534061e-11
2.8805263368012384e-10	5.941888461647957e-11
2.8805263368012384e-10	5.5186901827883794e-11
2.9067243365814345e-10	6.049643760038544e-11
2.9155098448513925e-10	5.7896213856655274e-11
2.937589964905133e-10	5.6525327688686604e-11
2.955374398733856e-10	5.491207727246587e-11
2.986756627382333e-10	5.592651041869795e-11
2.990364320055409e-10	5.771152544032729e-11
3.004838720607301e-10	5.4857276811406675e-11
3.0230302844508107e-10	5.7435596892853365e-11
3.0413319816578195e-10	5.5777799948369005e-11
3.064364994356052e-10	5.43665271321769e-11
3.119416886708021e-10	5.44425766277647e-11
3.168756585827797e-10	5.540775146261207e-11
3.2111146162705354e-10	5.697864455534061e-11
3.2354334489984514e-10	5.5852105689441075e-11
3.2856164557038745e-10	5.527513585072656e-11
3.3295365985372845e-10	5.48025310394192e-11
3.39549518249114e-10	5.5186901827883794e-11
3.456495890831191e-10	5.5762950667144487e-11
3.4942537556323113e-10	5.630002350933629e-11
3.4984744522757835e-10	5.7896213856655274e-11
3.515408282111576e-10	6.037575091029753e-11
3.5366908799966e-10	5.882855945581425e-11
3.5409628362911713e-10	6.271052175459623e-11
3.579643396101231e-10	6.098160162610811e-11
3.5904627869406585e-10	6.321344209827998e-11
3.6013148791430937e-10	6.171665279843428e-11
3.617654548794624e-10	5.953765860114988e-11
3.65055663056465e-10	5.841882491676024e-11
3.7116562693342407e-10	5.859407483002754e-11
3.7567337106749966e-10	5.774226587870295e-11
3.7794773144072295e-10	7.202282987211583e-11
3.7794773144072295e-10	7.031744890378339e-11
3.7794773144072295e-10	6.865244852383264e-11
3.7794773144072295e-10	6.720557446762077e-11
3.7794773144072295e-10	6.474653243044918e-11
3.7794773144072295e-10	6.321344209827998e-11
3.7794773144072295e-10	6.171665279843428e-11
3.7794773144072295e-10	6.025530498276924e-11
3.7851846972110474e-10	7.40155010696794e-11
3.7851846972110474e-10	5.859407483002754e-11
3.802358609961834e-10	8.47241116187932e-11
3.802358609961834e-10	8.271798539784194e-11
3.802358609961834e-10	8.075936091326141e-11
3.802358609961834e-10	7.884711340284405e-11
3.802358609961834e-10	7.698014473688195e-11
3.802358609961834e-10	7.535776160768352e-11
3.8069514653594926e-10	8.742826410035344e-11
3.8330826328280026e-10	6.729510399405626e-11
3.836940550336879e-10	7.069289865810702e-11
3.836940550336879e-10	6.901900825166433e-11
3.836940550336879e-10	6.474653243044918e-11
3.836940550336879e-10	6.321344209827998e-11
3.836940550336879e-10	6.171665279843428e-11
3.836940550336879e-10	6.025530498276924e-11
3.840802350759048e-10	7.279399392361828e-11
3.8485376159794944e-10	5.851612116831781e-11
3.8485376159794944e-10	5.728287371088447e-11
3.8485376159794944e-10	7.905732949829905e-11
3.8485376159794944e-10	7.718538326440381e-11
3.8485376159794944e-10	7.535776160768352e-11
3.879634776937648e-10	5.682713642499072e-11
3.9188598183005776e-10	5.675153350128799e-11
3.942584948068598e-10	5.755040643108205e-11
4.009782223706318e-10	5.7527426178433425e-11
4.0879826621332507e-10	5.836052483599494e-11
4.137630524241827e-10	6.041595303185142e-11
4.14262835338845e-10	6.241069216168493e-11
4.1689661682886526e-10	5.900503852667818e-11
4.187881351288289e-10	6.271052175459623e-11
4.200539127528801e-10	6.098160162610811e-11
4.2387424661804127e-10	5.898540362595984e-11
4.2387424661804127e-10	5.774226587870295e-11
4.3161946662202735e-10	5.851612116831781e-11
4.373890958162111e-10	6.006309108636178e-11
4.395062107534829e-10	6.221160259900941e-11
4.395062107534829e-10	5.828288188961425e-11
4.43503460653826e-10	6.073853519426854e-11
4.4484393978777504e-10	5.906398245361049e-11
4.529723274135517e-10	5.930034757863864e-11
4.618063818890274e-10	5.94426204425243e-11
4.696773932036364e-10	5.977591930648239e-11
4.782595488082397e-10	5.977591930648239e-11
4.869985214023093e-10	6.021520976000735e-11
4.951494520000893e-10	6.073853519426854e-11
5.019197642471865e-10	6.025530498276924e-11
5.110910668905044e-10	6.073853519426854e-11
5.204299516817429e-10	6.10628397370552e-11
5.299394807569318e-10	6.134802633052631e-11
5.402745806259308e-10	6.132352966348289e-11
5.488200832689836e-10	6.181532672961054e-11
5.603683359057109e-10	6.221160259900941e-11
5.697472625644795e-10	6.271052175459623e-11
5.80157939623629e-10	6.300340364726616e-11
5.907588452348948e-10	6.321344209827998e-11
6.022800696118277e-10	6.336510322356228e-11
6.132852006863825e-10	6.331450912884965e-11
6.237380115244181e-10	6.372039571843817e-11
6.31313204803707e-10	6.296147977840985e-11
6.359024093005342e-10	6.41801291563508e-11
6.467407070263399e-10	6.423141496078804e-11
6.585582427728944e-10	6.435980884002577e-11
6.705917138233535e-10	6.474653243044918e-11
6.828450658442708e-10	6.509223708943931e-11
6.953223165991741e-10	6.526578099402668e-11
7.080275572659768e-10	6.500563826106427e-11
7.209649537784149e-10	6.526578099402668e-11
7.29720951924363e-10	6.693769991611703e-11
7.430547398562006e-10	6.729510399405626e-11
7.566321687307027e-10	6.729510399405626e-11
7.704576904642555e-10	6.84698993564918e-11
7.704576904642555e-10	6.711616405142673e-11
7.857205646677457e-10	6.738475278940933e-11
7.988712283975158e-10	6.828783559352053e-11
7.988712283975158e-10	6.702687258701022e-11
8.134685611398552e-10	6.738475278940933e-11
8.283326228813359e-10	6.803375934785008e-11
8.444871097484002e-10	6.825148097580783e-11
8.588805175845622e-10	6.912935734807955e-11
8.745743669252672e-10	6.878967972433671e-11
8.851959255671383e-10	6.874390553842802e-11
8.905549813073129e-10	6.98509395485697e-11
9.07922954453034e-10	6.968375490662937e-11
9.233975605380802e-10	6.994399316188105e-11
9.402702941721066e-10	7.027065810621542e-11
9.574513339490717e-10	7.069289865810702e-11
9.74946313376841e-10	7.0834208568512e-11
9.927609689012735e-10	7.140227854339197e-11
1.0093768833282839e-9	7.154500645206713e-11
1.0293727800333502e-9	7.183131874752539e-11
1.0497647982383675e-9	7.183131874752539e-11
1.067334790011232e-9	7.240738525918881e-11
1.0868376091433284e-9	7.298807165855089e-11
1.106696792518073e-9	7.298807165855089e-11
1.1269188517824573e-9	7.333871644480144e-11
1.147510417567202e-9	7.372048284670599e-11
1.1684782416608719e-9	7.416345261818385e-11
1.1883937426623176e-9	7.428202676450609e-11
1.2133998814508775e-9	7.47582221725733e-11
1.2318484334236618e-9	7.505739327138295e-11
1.2562515225352553e-9	7.535776160768352e-11
1.2807514615234517e-9	7.559892150673584e-11
1.2947420583751171e-9	7.565933197263901e-11
1.3025805432343136e-9	7.672436384878829e-11
1.3263818780895315e-9	7.657130343912953e-11
1.3506181215911588e-9	7.657130343912953e-11
1.3732235178898924e-9	7.687773021496015e-11
1.4004272671239273e-9	7.692892043302438e-11
1.4260165011243297e-9	7.718538326440381e-11
1.4538272672384333e-9	7.780438783321608e-11
1.4768223982333707e-9	7.842835664059279e-11
1.5074426399154085e-9	7.842835664059279e-11
1.5331354378935588e-9	7.863745627905011e-11
1.561149575004119e-9	7.905732949829905e-11
1.589675598969977e-9	7.969134653737897e-11
1.620678112787584e-9	7.981875880112041e-11
1.6502918688469211e-9	8.033044821071598e-11
1.6758886271254407e-9	8.065191851539491e-11
1.7090882143467225e-9	8.119056373257455e-11
1.7376933513407955e-9	8.162406889639957e-11
1.7721172987606393e-9	8.162406889639957e-11
1.7990605996359983e-9	8.113653772208547e-11
1.8072231893754876e-9	8.260793724246583e-11
1.8374708187705124e-9	8.227867044704344e-11
1.8738713717231e-9	8.293852171380534e-11
1.9052344967200815e-9	8.333696983768952e-11
1.940047794423385e-9	8.360366479789863e-11
1.9784804115567154e-9	8.393823402032259e-11
2.0085612606302345e-9	8.393823402032259e-11
2.05144435093942e-9	8.494999651383559e-11
2.085779528141944e-9	8.563127104715649e-11
2.1213294791812305e-9	8.576818019181538e-11
2.165966418495495e-9	8.597395444313774e-11
2.2022183600895733e-9	8.603120152188839e-11
2.242458279904936e-9	8.65481436281601e-11
2.2799904714920795e-9	8.735845668823818e-11
2.3286686169933114e-9	8.770805201993834e-11
2.3640737333648615e-9	8.805904637928331e-11
2.414547069375359e-9	8.832321362780911e-11
2.4401864158642886e-9	8.805904637928331e-11
2.4579248607242577e-9	8.97634710921378e-11
2.499817643388029e-9	8.912047972227583e-11
2.5454954305439185e-9	8.983520033114885e-11
2.576410044567185e-9	8.947712640367204e-11
2.5951387397255174e-9	9.120899872966515e-11
2.6393701907933878e-9	9.201393751970505e-11
2.6393701907933878e-9	9.019470721632846e-11
2.687597944573576e-9	9.201393751970505e-11
2.736706937462535e-9	9.27518628277131e-11
2.7867132718558174e-9	9.27518628277131e-11
2.8410609115707364e-9	9.27518628277131e-11
2.8851270254387265e-9	9.349570608440238e-11
2.942281793825576e-9	9.394487238144676e-11
2.9960444840308086e-9	9.576322005515685e-11
2.9960444840308086e-9	9.374497712840946e-11
3.0324309405566906e-9	9.349570608440238e-11
3.0507895501811768e-9	9.538151764689663e-11
3.102787097226201e-9	9.591632838097294e-11
3.1671198774702207e-9	9.653121353049217e-11
3.2211001544172715e-9	9.746094003511148e-11
3.2799575385350442e-9	9.730536609256057e-11
3.3398903911260596e-9	9.78249138913411e-11
3.400918363631737e-9	9.828179329736629e-11
3.463061466573431e-9	9.926801862661849e-11
3.5263400761137313e-9	1.0181097568884149e-10
3.5263400761137313e-9	9.979804572212014e-11
3.5951122249761514e-9	1.0030419251954537e-10
3.6417038438803006e-9	1.0073241191911609e-10
3.656387188055541e-9	1.2000482226194957e-10
3.656387188055541e-9	1.16618654128256e-10
3.656387188055541e-9	1.1385731812332531e-10
3.656387188055541e-9	1.1116136596790932e-10
3.656387188055541e-9	1.0852924948106552e-10
3.656387188055541e-9	1.0595945714020571e-10
3.6619086926513376e-9	1.0310677958886432e-10
3.6785232849155613e-9	1.6840042240171464e-10
3.6785232849155613e-9	1.6441298014301753e-10
3.6785232849155613e-9	1.6051995389313847e-10
3.6785232849155613e-9	1.5671910803783083e-10
3.6785232849155613e-9	1.5300825989847958e-10
3.6785232849155613e-9	1.493852784786735e-10
3.6785232849155613e-9	1.4584808324045637e-10
3.6785232849155613e-9	1.4239464290955463e-10
3.6785232849155613e-9	1.3902297430889465e-10
3.6785232849155613e-9	1.3573114121974318e-10
3.6785232849155613e-9	1.3251725326980844e-10
3.6785232849155613e-9	1.2937946484767486e-10
3.6785232849155613e-9	1.263159740429393e-10
3.6785232849155613e-9	1.2332502161144365e-10
3.6829665600659574e-9	1.737752845446473e-10
3.715714988851984e-9	1.200847293169988e-10
3.723198331731271e-9	1.16618654128256e-10
3.723198331731271e-9	1.1385731812332531e-10
3.723198331731271e-9	1.1116136596790932e-10
3.723198331731271e-9	1.0852924948106552e-10
3.723198331731271e-9	1.0595945714020571e-10
3.723198331731271e-9	1.034505132130843e-10
3.723198331731271e-9	1.0154025688364541e-10
3.723198331731271e-9	1.743314001880066e-10
3.723198331731271e-9	1.7020352222776451e-10
3.723198331731271e-9	1.661733855604638e-10
3.723198331731271e-9	1.6223867583465364e-10
3.723198331731271e-9	1.5839713349888114e-10
3.723198331731271e-9	1.5464655250411817e-10
3.723198331731271e-9	1.50984779036913e-10
3.723198331731271e-9	1.4740971028253852e-10
3.723198331731271e-9	1.4391929321742725e-10
3.723198331731271e-9	1.405115234301987e-10
3.723198331731271e-9	1.3718444397060597e-10
3.723198331731271e-9	1.339361442257314e-10
3.723198331731271e-9	1.307647588227979e-10
3.723198331731271e-9	1.2766846655795704e-10
3.723198331731271e-9	1.2464548935044218e-10
3.79123027853581e-9	1.0249093465473703e-10
3.8372741328393205e-9	1.0624195807645105e-10
3.860505335530454e-9	1.0310677958886432e-10
3.931046217381173e-9	1.0372632499644486e-10
3.998046827309266e-9	1.045581802825547e-10
4.076018397161275e-9	1.0531255242888583e-10
4.144239021270913e-9	1.0666712232479351e-10
4.219964412055909e-9	1.0666712232479351e-10
4.3087607528497015e-9	1.0709398801615617e-10
4.382199115695377e-9	1.081686408083839e-10
4.462272619861132e-9	1.0934138140587065e-10
4.5438092629441735e-9	1.102035955848702e-10
4.626835780073828e-9	1.1145773583245707e-10
4.717070253255955e-9	1.1181442286440375e-10
4.7974678284979885e-9	1.1355456768883993e-10
4.7974678284979885e-9	1.1160621694262882e-10
4.892506334658571e-9	1.1325262227793224e-10
4.9743925783132374e-9	1.1438907493052822e-10
5.071405248535566e-9	1.1507641310880549e-10
5.126803964395148e-9	1.2193734876861893e-10
5.126803964395148e-9	1.1849665066228712e-10
5.157842096655551e-9	1.2640008347538706e-10
5.157842096655551e-9	1.1599929283634233e-10
5.204751977113204e-9	1.2316094978262935e-10
5.220483221718183e-9	1.19765419986909e-10
5.220483221718183e-9	1.1724132240938091e-10
5.315874228371534e-9	1.1833900250679938e-10
5.380434627103509e-9	1.1739750826385998e-10
5.419546615570868e-9	1.1966979285629837e-10
5.511917172592447e-9	1.2072590420065788e-10
5.604170541668693e-9	1.221810925697157e-10
5.715189940982954e-9	1.236538212769762e-10
5.819620450292404e-9	1.248946465255876e-10
5.9259591606217855e-9	1.2624872679593857e-10
5.997928938280768e-9	1.2614792304567357e-10
6.041529677574296e-9	1.2858957607684754e-10
6.1445012914684505e-9	1.2869233093162893e-10
6.25677636997796e-9	1.2931058668008477e-10
6.371102988987862e-9	1.3102614796801803e-10
6.487518635164684e-9	1.328705605547622e-10
6.606061480148113e-9	1.3528014918846268e-10
6.718654953721511e-9	1.3707490855760647e-10
6.8084658885016445e-9	1.4013789856822348e-10
6.860028651860303e-9	1.3787102615247166e-10
6.974845463375668e-9	1.4006329289819176e-10
7.059553788829641e-9	1.399514588579054e-10
7.110871796669132e-9	1.4231883580917838e-10
7.223344187397648e-9	1.4449523646273782e-10
7.319901504029854e-9	1.478027226883247e-10
7.328743186938203e-9	1.5268268997588631e-10
7.364216846023237e-9	1.4526674768614843e-10
7.408800477082412e-9	1.5341619872566134e-10
7.453654021453482e-9	1.4898805800386704e-10
7.498779113215912e-9	1.4682215024243713e-10
7.599018278124153e-9	1.497835579920883e-10
7.682027983278977e-9	1.50984779036913e-10
7.693628601767434e-9	1.5495567960024187e-10
7.740206521220301e-9	1.5839713349888114e-10
7.822397437856595e-9	1.609479198197746e-10
7.88163904008989e-9	1.561983795724301e-10
8.013554620916585e-9	1.5692788517629244e-10
8.074243919702355e-9	1.6223867583465364e-10
8.209383142773373e-9	1.6321353148377883e-10
8.209383142773373e-9	1.5998659640850556e-10
8.309084720777668e-9	1.6030639786004558e-10
8.35938866692377e-9	1.6337657597479795e-10
8.460912036798058e-9	1.6683838631765517e-10
8.460912036798058e-9	1.6419424482085573e-10
8.473688846882182e-9	1.7122623684430786e-10
8.512135159169371e-9	1.761980042788454e-10
8.615513609510285e-9	1.670606440966654e-10
8.628523883188483e-9	1.7122623684430786e-10
8.720147573749341e-9	1.6817638217925666e-10
8.755307195062119e-9	1.7065730573779113e-10
8.772940131374704e-9	1.799913848602464e-10
8.772940131374704e-9	1.7572948786523117e-10
8.933243221126991e-9	1.7891631702285748e-10
8.933243221126991e-9	1.7479618912803399e-10
9.041735958078435e-9	1.8191859163386005e-10
9.096475440703412e-9	1.7808459450430014e-10
9.218071648301756e-9	1.828899193995942e-10
9.262690312475452e-9	1.8732547547715822e-10
9.273878683053399e-9	1.927903686267239e-10
9.43194233679945e-9	1.9534811506956272e-10
9.43194233679945e-9	1.8983599022526474e-10
9.43194233679945e-9	1.8583513118675754e-10
9.50050594652038e-9	2.022551011529437e-10
9.6042870098865e-9	1.9534811506956272e-10
9.6042870098865e-9	1.9008888481682159e-10
9.662432227170054e-9	2.012880853644253e-10
9.750310749275377e-9	1.9072259621351697e-10
9.794549273811445e-9	1.9554326086233804e-10
9.838988514725014e-9	1.9928829317546502e-10
9.850872993845148e-9	2.0518411196481022e-10
9.988580659695798e-9	1.988907252288119e-10
1.001877091781092e-8	2.018247441403875e-10
1.003390024816402e-8	2.0740867294904835e-10
1.0152695816123863e-8	2.1388614803665477e-10
1.0201838385455181e-8	2.01556236140645e-10
1.0217244165705916e-8	2.0658196317557674e-10
1.0325737997385183e-8	2.1414257119408735e-10
1.0388250943828053e-8	2.0740867294904835e-10
1.0527114828701218e-8	2.128635222491321e-10
1.0546194083903553e-8	2.0699490534178703e-10
1.066354320466445e-8	2.125803282392969e-10
1.070653859410686e-8	2.2465555570294145e-10
1.0722706521356323e-8	2.180260161301686e-10
1.0902173260648043e-8	2.3102487861139823e-10
1.0902173260648043e-8	2.2450606488959013e-10
1.0902173260648043e-8	2.1977452205702528e-10
1.096817599801426e-8	2.5733009993522634e-10
1.096817599801426e-8	2.5040216901539987e-10
1.096817599801426e-8	2.444730616167273e-10
1.096817599801426e-8	2.3868434563192894e-10
1.11013826514025e-8	2.3474524328676146e-10
1.11013826514025e-8	2.26909899991523e-10
1.11013826514025e-8	2.557930968489551e-10
1.11013826514025e-8	2.49736341234498e-10
1.1168591420335474e-8	2.412399906591315e-10
1.1236207077199761e-8	2.26909899991523e-10
1.1317886426932355e-8	2.3278464211857128e-10
1.1372668922979975e-8	2.3995876585515157e-10
1.1510788074933488e-8	2.3412104779744327e-10
1.1685798288214724e-8	2.3521448178067683e-10
1.1721118348053257e-8	2.414006240141122e-10
1.1877799201997761e-8	2.4755164537470685e-10
1.195331533574604e-8	2.5528280527757437e-10
1.2153378866605451e-8	2.576729084323979e-10
1.2300979609561548e-8	2.57844483898207e-10
1.2300979609561548e-8	1e0
