# Dark E-field Phase II
#mass [eV] kinetic mixing
#https://arxiv.org/pdf/2101.02805.pdf
3.4439634290902254e-8	1e0
3.4439634290902254e-8	9.57458159168064e-13
3.843827843413405e-8	6.880583223861052e-13
4.134933177329225e-8	4.95474758549617e-13
4.4655666231949635e-8	3.9934967022594267e-13
5.324535289561723e-8	1.9125030828686828e-13
5.7597494242770384e-8	1.4028530436996624e-13
6.334698434091786e-8	1.0281803139711498e-13
6.929119164204242e-8	7.964085971011478e-14
8.143875421962744e-8	3.5510880391804907e-14
9.207207132818352e-8	2.64265523428691e-14
1.0186890723614064e-7	1.888121735091498e-14
1.0898201871703577e-7	1.5315080507857023e-14
1.4893039012908698e-7	9.956389968414952e-15
1.81805373842989e-7	9.34612767855135e-15
2.2263659563777075e-7	9.093910110003872e-15
2.698409324782081e-7	8.916826339039363e-15
3.872161657024785e-7	5.362976939810174e-15
4.6146481930427643e-7	4.837597348933351e-15
5.240312710119172e-7	3.652557220614683e-15
5.613594198801112e-7	2.7663343009929603e-15
6.33692304827248e-7	1.2816226070744141e-15
6.958089178787802e-7	1.0355316667827463e-15
8.309878987701692e-7	1.2308924723206137e-15
9.74230417774134e-7	1.5727578108597948e-15
0.0000012349414023272216	3.3695285397978986e-15
0.000001487093221011365	4.092994527694048e-15
0.0000018222778082687323	5.444871760151965e-15
0.000002131844490270932	6.27094053258037e-15
0.000002836602795825091	1.1086745990496188e-14
0.0000034157085151528863	1.3327272622816437e-14
0.000004174199602945381	1.6954543957932827e-14
0.000004880692042355275	1.8647154660457674e-14
0.000007645646010175616	2.405056155648864e-14
0.0000092315878156252	2.5976829562140287e-14
0.000011354397574339297	2.880574434129825e-14
0.000013609181054947723	3.132473378399224e-14
0.000022324228381736057	4.1473388938080863e-14
0.000026966323052071295	4.88003178830497e-14
0.000033045397760998956	6.583608059572227e-14
0.000038305159865222344	7.632571498614111e-14
0.00005138903164887559	1.365291108002553e-13
0.00006194862829751095	1.710204505369881e-13
0.00007558030120022256	2.289056248023353e-13
0.00008799215888867782	2.60775954847212e-13
0.00011589278389965648	4.667847861817956e-13
0.0001397059897174261	5.830330799665804e-13
0.00017044823334387479	7.808438669563661e-13
0.00019844365820013374	8.986993282841455e-13
0.0002616329466055259	1.6113542777657004e-12
0.0003150614712894576	1.9810124160010266e-12
0.00038608643891944994	2.672566465520328e-12
0.000447524694744958	3.0519417083695853e-12
0.0005900313336706693	5.48920787814861e-12
0.0007105288069048426	6.776157573864381e-12
0.0008668761783538	9.0543948632877e-12
0.001009251676975021	1.039477427156383e-11
0.001354035550983382	1.8951014166381897e-11
0.001632250285409658	2.3620389424099255e-11
0.0019836952355864416	3.18506179147559e-11
0.002271329780661647	8.596646398518117e-11
0.0024520037679357154	1.277854986874615e-10
0.0025368657680677033	1.9630478519341936e-10
0.0028348505655377025	5.097052685742069e-10
0.002997774213298998	7.497562489772827e-10
