# FLASH projection
# unpolarised DP
# mass [eV]  kinetic mixing
4.841614255765724651e-07 1
4.841614255765724651e-07 4.851483906559278697e-17
4.841680517389603290e-07 4.852909451676396185e-17
4.841887021509476766e-07 4.853957408661035511e-17
4.842316820489848707e-07 4.854362386749045017e-17
4.842850292865883809e-07 4.855865730649081938e-17
4.843576115105764723e-07 4.858982286960393285e-17
4.844420055168765338e-07 4.863329072748832198e-17
4.845394316963440624e-07 4.861246054194555935e-17
4.846630298459091756e-07 4.862652438509468737e-17
4.847982739764157299e-07 4.865795754419586076e-17
4.849475153946070241e-07 4.868361662298521853e-17
4.851101822989398500e-07 4.872173417467371132e-17
4.852962007517358289e-07 4.874490289224397947e-17
4.854952118848024029e-07 4.878632327610015213e-17
4.857184657147137233e-07 4.881034882405241648e-17
4.859441396189076002e-07 4.884526097704031947e-17
4.861978914867905482e-07 4.886941249111025925e-17
4.864690532916770597e-07 4.891756191813946559e-17
4.867506727417343013e-07 4.895811466896601998e-17
4.870507282710816228e-07 4.900416261035353382e-17
4.873724849453085821e-07 4.905063435570014813e-17
4.877251164530794641e-07 4.911759260541802759e-17
4.880649604306859561e-07 4.914925267524786614e-17
4.884410184729980061e-07 4.921053654574440155e-17
4.888261457826700461e-07 4.926209490924652340e-17
4.892427850114870339e-07 4.933576233849680542e-17
4.896721038108771031e-07 4.936515605872809953e-17
4.901253609166386858e-07 4.943902726994952150e-17
4.905893489979762483e-07 4.950207107364024692e-17
4.910820194099599685e-07 4.955271615685773533e-17
4.915851455631768418e-07 4.963255505524735047e-17
4.921207296983954332e-07 4.969328609028286372e-17
4.926773135723334215e-07 4.974598304862902926e-17
4.932518603401519909e-07 4.983848562618251611e-17
4.938490232373429675e-07 4.991062238239209169e-17
4.944623557680746682e-07 4.998238672570387897e-17
4.951017180434407379e-07 5.005465082453410329e-17
4.957661534319185305e-07 5.013541270927062316e-17
4.964518349681277528e-07 5.022146977062713590e-17
4.971620590052824060e-07 5.029238602584654963e-17
4.978984653565921576e-07 5.039775735915243522e-17
4.986572705867667115e-07 5.050987384762456738e-17
4.994455929600070651e-07 5.056959492828715755e-17
5.002545797516287511e-07 5.072079200236481685e-17
5.010927702973452899e-07 5.079153580504823504e-17
5.019566920564218644e-07 5.089258201533043877e-17
5.028543978390324514e-07 5.102780673025443399e-17
5.037688216697826493e-07 5.107806865431941096e-17
5.047159124621698987e-07 5.120780152554740023e-17
5.056911032988532364e-07 5.131093290542245946e-17
5.067004297343775905e-07 5.143453384786983885e-17
5.077361565642044089e-07 5.154868229242747131e-17
5.088073389945641099e-07 5.166512336079471529e-17
5.099064656670129616e-07 5.178996940908846577e-17
5.110382987553770693e-07 5.190082079610644155e-17
5.121983003020552524e-07 5.203166783656124973e-17
5.134019539911430254e-07 5.216292198315622965e-17
5.146278757405690758e-07 5.232143803068685819e-17
5.158927315631131178e-07 5.244950445296014389e-17
5.171944318689986496e-07 5.260056239421124214e-17
5.185303018523634365e-07 5.273076243961897207e-17
5.199080929911599596e-07 5.288509435975127877e-17
5.213231237919296541e-07 5.305967528675063357e-17
5.227752998194716271e-07 5.317271543827706214e-17
5.242658230159364062e-07 5.338620215898828335e-17
5.257959756436296522e-07 5.348538341288233856e-17
5.273650780282326432e-07 5.363357279830034931e-17
5.289802525931874203e-07 5.382593248106874635e-17
5.306346770424752674e-07 5.396289576496213815e-17
5.323339518748922728e-07 5.413941420199966415e-17
5.340775935307479122e-07 5.432199004481905816e-17
5.358701259191603143e-07 5.449120465945315144e-17
5.377023506051022375e-07 5.464544333489117835e-17
5.395838536466529758e-07 5.485980179676073642e-17
5.415152142462326340e-07 5.501542087366075033e-17
5.434955499776072221e-07 5.519676352273925511e-17
5.455249168174773961e-07 5.538150872904333603e-17
5.476041266747366966e-07 5.557286828513302978e-17
5.497371419773245641e-07 5.577940201435184789e-17
5.519273144502027136e-07 5.599843600413272235e-17
5.541711125481967082e-07 5.618213127641459439e-17
5.564624643949910369e-07 5.634882197464483822e-17
5.588146731696113826e-07 5.656836710987782324e-17
5.612199157033396855e-07 5.676124018330930502e-17
5.636931641024903280e-07 5.700848130544014923e-17
5.662198406444266359e-07 5.716098406832943188e-17
5.688022310367039536e-07 5.737037685183818305e-17
5.714494993763805005e-07 5.758159606251878666e-17
5.741704352095428771e-07 5.776103267532168591e-17
5.769381043387774788e-07 5.798899444096985173e-17
5.797696658580282938e-07 5.818781212741798871e-17
5.826704119245914903e-07 5.841021571266211352e-17
5.856537323528784174e-07 5.862699782590933012e-17
5.886857878829139805e-07 5.883030017900726316e-17
5.918000800229017238e-07 5.902904228573494503e-17
5.949789182734815183e-07 5.925298200537589913e-17
5.982216888364468896e-07 5.951551409215692782e-17
6.015449774304074839e-07 5.971469779739356532e-17
6.049457071939070359e-07 5.985287634670648411e-17
6.084048156475525239e-07 6.017228488617870615e-17
6.119370242130281145e-07 6.031169939564343238e-17
6.155456918839380826e-07 6.056839929328249873e-17
6.192408106681416584e-07 6.076237945196227159e-17
6.230103096896885577e-07 6.092977184686940768e-17
6.268450938495736944e-07 6.111037120176325425e-17
6.307611447844965433e-07 6.124453201169619185e-17
6.347739647043376927e-07 6.141641201811692062e-17
6.388382534249591666e-07 6.160870903140022127e-17
6.429859753744424286e-07 6.179545595557288278e-17
6.472292144964053663e-07 6.197136171794633618e-17
6.515285742784390265e-07 6.209170651847389729e-17
6.559134404325116324e-07 6.222724113999416637e-17
6.603554048748178208e-07 6.235230257096159772e-17
6.649049144457970561e-07 6.249828372793607155e-17
6.695034344767349936e-07 6.260324982270450076e-17
6.741580735248166320e-07 6.276882269036996949e-17
6.789165676064564606e-07 6.281854214165614413e-17
6.837261075159818278e-07 6.283044780168479893e-17
6.885972536492351366e-07 6.293950232722432205e-17
6.935457287520616822e-07 6.291518746686853078e-17
6.985423432785774195e-07 6.292328619067652084e-17
7.035995826011750629e-07 6.292023834952024273e-17
7.087056443433042790e-07 6.287010390550997950e-17
7.138446582235958936e-07 6.277160656550764466e-17
7.190424708881645744e-07 6.269545944809837067e-17
7.242449232594595289e-07 6.256575077636654416e-17
7.294952692086637656e-07 6.242077116474634336e-17
7.347589390987768123e-07 6.224247594108155135e-17
7.400359377058087651e-07 6.204117139953880723e-17
7.453178019650631471e-07 6.171493516392956814e-17
7.505493221029867488e-07 6.150159688757536420e-17
7.558140432317306827e-07 6.117288908057369181e-17
7.610019313852874566e-07 6.089418832662979025e-17
7.661788867995417468e-07 6.037069373001114588e-17
7.712702830336889533e-07 5.989667284023433248e-17
7.763070827483928345e-07 5.943627106768113375e-17
7.812679244676086088e-07 5.894021864579652788e-17
7.861083750065771821e-07 5.839346619837805448e-17
7.908522137345647579e-07 5.790283628664922906e-17
7.954574018355252628e-07 5.730179504915081588e-17
7.999359440886548150e-07 5.667980822894595919e-17
8.042628525109226497e-07 5.614454173623880653e-17
8.084253212600851864e-07 5.553754089780287765e-17
8.124043944656071288e-07 5.495530287782300017e-17
8.162356931318790087e-07 5.440107026380226517e-17
8.198083719876133648e-07 5.389521535842530939e-17
8.232241229654832582e-07 5.327363384963581309e-17
8.264084335386273312e-07 5.274063364913363588e-17
8.294038095421676862e-07 5.224892913596618499e-17
8.321771709616783627e-07 5.179592413774879986e-17
8.347507752074790124e-07 5.136504023211506397e-17
8.371058364092318907e-07 5.093472778750065456e-17
8.392640687859940048e-07 5.056800767153984638e-17
8.412208257046517245e-07 5.018038633202994862e-17
8.429837580899565621e-07 4.985465863370914359e-17
8.445749769285657940e-07 4.954799168833429383e-17
8.459907751433371646e-07 4.927416486635786556e-17
8.472526954723328372e-07 4.903127055826088629e-17
8.483424578862665115e-07 4.878227650665811195e-17
8.493014111218444170e-07 4.853927787945943462e-17
8.501384007264281419e-07 4.834717834047482523e-17
8.508415921816489341e-07 4.818623602688507100e-17
8.514452542867627464e-07 4.796250473481904438e-17
8.519594203956400112e-07 4.783114563712528738e-17
8.523577403876303327e-07 4.764814317385698762e-17
8.526971475009775633e-07 4.749825632846955458e-17
8.529527652135926943e-07 4.745589198510834718e-17
8.531806534747144871e-07 4.725799604988740458e-17
8.533468902062036026e-07 4.713530225426950311e-17
8.534396300518807999e-07 4.702536230166362976e-17
8.535212467961016527e-07 4.693759589089217458e-17
8.535709570438264013e-07 4.686520053176033179e-17
8.536004156813258705e-07 4.676137016989114363e-17
8.536162468873435936e-07 4.666911573261078508e-17
8.536232020172743484e-07 4.660145579067557349e-17
8.536261102807758830e-07 4.653879038037172125e-17
8.536152829005277644e-07 4.652860793438954159e-17
8.536032468207413518e-07 4.639788025384010502e-17
8.535971293764565225e-07 4.639620682139606178e-17
8.535831680848625385e-07 4.630078444066993622e-17
8.535870483935118081e-07 4.622652038469740586e-17
8.536002106806494063e-07 6.670871688901544526e-17
8.536822694011625632e-07 6.672450745537703960e-17
8.538007157125709487e-07 6.671488739909279412e-17
8.539516940724437609e-07 6.677231917330549803e-17
8.541073242950312075e-07 6.677840590247647499e-17
8.543155072430893999e-07 6.684618655960066538e-17
8.545318235628961271e-07 6.689846993505491014e-17
8.547850672217065252e-07 6.698668922892234600e-17
8.550700956100279605e-07 6.694765139857363109e-17
8.553644955529475064e-07 6.699248652073549823e-17
8.556994195917748332e-07 6.706607942052753098e-17
8.560557609861505672e-07 6.714313957056200231e-17
8.564512794132737841e-07 6.717998376233810948e-17
8.568631181994799044e-07 6.725867346307177631e-17
8.573040771629079407e-07 6.737884471998506605e-17
8.577740447154104224e-07 6.736487658505534138e-17
8.582865187665403722e-07 6.740658218330988530e-17
8.588111423457198976e-07 6.750503866122124103e-17
8.593847784535026354e-07 6.760721145263741225e-17
8.599580348574329710e-07 6.765696795659160986e-17
8.605822972459820886e-07 6.794875162680438144e-17
8.612401249786061495e-07 6.781802302655179497e-17
8.619223301243111506e-07 6.792231720729908162e-17
8.626413765367389069e-07 6.805632383752489325e-17
8.633938936100247022e-07 6.813185614756455840e-17
8.641841355417970720e-07 6.822172477015209995e-17
8.649998793519635385e-07 6.833155791205104994e-17
8.658456974365041314e-07 6.843509017541335943e-17
8.667309305635732307e-07 6.856940758039828129e-17
8.676528927628416567e-07 6.871986039571809398e-17
8.686158007992613112e-07 6.880691406253537928e-17
8.696105971778489780e-07 6.893122499026722567e-17
8.706480646972646537e-07 6.904543859230109986e-17
8.717154286648830763e-07 6.926312668135929416e-17
8.728297633184801547e-07 6.939969468830175077e-17
8.739847882395305405e-07 6.948176407813100753e-17
8.751674649752774742e-07 6.963515085612552806e-17
8.764058514930760187e-07 6.978318873939051323e-17
8.776787872698274296e-07 6.992313976380870883e-17
8.790019481822769855e-07 7.022473602604884325e-17
8.803605878680999685e-07 7.028384076769722555e-17
8.817710270832510637e-07 7.045447478186516745e-17
8.832180607917232250e-07 7.065669006826140641e-17
8.847152232416184045e-07 7.080458210210530171e-17
8.862740965798430114e-07 7.098804062776179323e-17
8.878608586976436518e-07 7.122113898280820506e-17
8.895071033878756056e-07 7.135683004578355790e-17
8.912089567632328236e-07 7.157651513427092541e-17
8.929577914442026634e-07 7.189422282299844407e-17
8.947582922832288631e-07 7.200649607136569010e-17
8.966116633184720835e-07 7.223544348646809536e-17
8.985151154711836129e-07 7.255843319378265665e-17
9.004703749888577047e-07 7.288160732908804090e-17
9.025180287169117503e-07 7.286958951683540476e-17
9.046031059214584775e-07 7.312005894051547472e-17
9.067452722167905041e-07 7.341338427541175955e-17
9.089492186723897009e-07 7.376233764720431705e-17
9.112234497963455366e-07 7.388923899705536473e-17
9.135543274392213619e-07 7.408589447696695171e-17
9.159491423731815976e-07 7.443496256274965962e-17
9.184174867037930853e-07 7.470302726482854211e-17
9.209491733528212136e-07 7.495833448257663463e-17
9.235532642001405608e-07 7.520259241177050125e-17
9.262077200806330578e-07 7.555450715548788103e-17
9.289644302349689025e-07 7.576031575286555428e-17
9.317710472002571419e-07 7.605321481516871767e-17
9.346806565944717038e-07 7.632740982441763009e-17
9.376661034862805595e-07 7.662020290784281475e-17
9.407096765187331415e-07 7.703986957384799767e-17
9.438393766059324033e-07 7.726902512259011800e-17
9.470480112769784880e-07 7.753209513169094028e-17
9.503396785136024196e-07 7.786279669950616855e-17
9.537100111985704318e-07 7.821507667054161641e-17
9.571857090265820732e-07 7.852603705429622834e-17
9.607345581313411054e-07 7.886988008302053231e-17
9.643862197190148403e-07 7.929236007860934501e-17
9.681282658298106833e-07 7.967543921143060611e-17
9.719780224849410501e-07 7.993568336315984267e-17
9.759036515992233532e-07 8.033155941641415576e-17
9.799328595049498064e-07 8.067915650624306544e-17
9.840570746418175757e-07 8.103891655385214118e-17
9.883017314094383176e-07 8.139255380731335632e-17
9.926225211151656602e-07 8.177706340375056405e-17
9.970770665699388007e-07 8.218852964838508769e-17
1.001603156611089679e-06 8.259011714337451611e-17
1.006271447126471421e-06 8.297307709108190323e-17
1.011048421989308152e-06 8.334907740833826466e-17
1.015930722723359934e-06 8.372985685238864115e-17
1.020931727623887665e-06 8.408627671039680760e-17
1.026057872159564782e-06 8.453617040826824475e-17
1.031277198309439831e-06 8.490027882020209585e-17
1.036638348756020249e-06 8.539456298239561487e-17
1.042115493437209952e-06 8.582241576682170064e-17
1.047705218369640328e-06 8.614883839374059553e-17
1.053458717739817015e-06 8.695723573984174613e-17
1.059315639312287967e-06 8.703213738968019697e-17
1.065293175818028536e-06 8.733827559039674715e-17
1.071423482104539827e-06 8.772634329866985118e-17
1.077664178727490279e-06 8.810734921074779491e-17
1.084069923441935183e-06 8.856563903431966857e-17
1.090592511881597215e-06 8.888076140157147563e-17
1.097242579275343976e-06 8.929511759498168354e-17
1.104031117073931202e-06 8.990228348931850979e-17
1.110969216395541056e-06 9.011158943531027369e-17
1.118030748060011093e-06 9.046565579431782555e-17
1.125228024130881470e-06 9.085119221068430836e-17
1.132565793153104880e-06 9.116119283349064543e-17
1.140044181495762623e-06 9.150272393668024579e-17
1.147664996211882445e-06 9.202371938251517983e-17
1.155419041795482225e-06 9.225559417683319665e-17
1.163315143436814177e-06 9.248535427152809630e-17
1.171340970670262336e-06 9.287356981392602050e-17
1.179491024259825813e-06 9.303810075854217140e-17
1.187761542405806627e-06 9.323811378140997052e-17
1.196155966198581173e-06 9.347594064133153697e-17
1.204707695690412898e-06 9.384080939974279692e-17
1.213307345798384835e-06 9.383157786715948199e-17
1.222067723281208198e-06 9.411223105291252718e-17
1.230913104650298996e-06 9.450788471330259757e-17
1.239833284542667970e-06 9.441217788344869992e-17
1.248876613413769658e-06 9.432809007033441447e-17
1.257972325847422315e-06 9.429238781798813126e-17
1.267105420050528987e-06 9.424503073562843385e-17
1.276315374387049413e-06 9.412369172142456135e-17
1.285569784557929697e-06 9.405581910600423172e-17
1.294810709290904853e-06 9.379633200090271614e-17
1.304106701594819351e-06 9.356457127025585374e-17
1.313384648145150952e-06 9.336068519845063414e-17
1.322587907347678137e-06 9.289384729443135471e-17
1.331762800400747223e-06 9.245807466895065482e-17
1.340879118534831430e-06 9.193867233488459721e-17
1.349885588498023618e-06 9.130066867691197788e-17
1.358770763845799401e-06 9.072422100997649931e-17
1.367517131226266033e-06 8.992134802781380931e-17
1.376104778717962293e-06 8.919697819905438074e-17
1.384493970923461981e-06 8.838665458051074304e-17
1.392675554412304159e-06 8.751733862567426520e-17
1.400592192935221816e-06 8.662359605168660169e-17
1.408256324136971890e-06 8.574009836703884131e-17
1.415581802793149899e-06 8.471094555314046836e-17
1.422661174902423534e-06 8.370109238303761238e-17
1.429344867263376675e-06 8.274894157679299542e-17
1.435681884725356036e-06 8.192977580435300995e-17
1.441702986353862762e-06 8.089300865152059609e-17
1.447285627045527336e-06 8.008662004785428987e-17
1.452570120945252878e-06 7.912996784852403270e-17
1.457420495671038485e-06 7.838917369610184644e-17
1.461901876629506585e-06 7.766156076935971284e-17
1.465991657525435437e-06 7.688182309179372211e-17
1.469739246219538177e-06 7.613221512320658842e-17
1.473095568607293340e-06 7.555457770767757216e-17
1.476133302266937600e-06 7.494761995118163834e-17
1.478908052548834919e-06 7.439294123871891911e-17
1.481206873079073437e-06 7.395081254679235721e-17
1.483303224910121757e-06 7.354320999910839909e-17
1.485092568197662249e-06 7.297074111779474678e-17
1.486657302574486127e-06 7.257474290406726170e-17
1.487975366068516269e-06 7.237311181907883362e-17
1.489078287886873960e-06 7.177163317877494200e-17
1.490017609581846367e-06 7.152142815660893251e-17
1.490751614572240434e-06 7.116560075697790516e-17
1.491333287548034088e-06 7.089490145053195184e-17
1.491786349589656464e-06 7.064815225988521018e-17
1.492147091082363697e-06 7.037477156817092522e-17
1.492351122829731703e-06 7.012002516527812001e-17
1.492524183986579356e-06 6.988143203036778438e-17
1.492620487555030621e-06 6.978815933869943848e-17
1.492670885438408020e-06 6.954239652447189201e-17
1.492639200773887431e-06 6.938124799939254006e-17
1.492609685566186248e-06 6.915861584207683479e-17
1.492544514502478380e-06 6.905757196280025609e-17
1.492482774518076782e-06 6.883076713365097278e-17
1.492399994772366650e-06 6.878962461644505307e-17
1.492325442082506362e-06 6.860364546408219154e-17
1.492291473864707746e-06 6.848616205136626654e-17
1.492224955140711316e-06 6.849673962047082077e-17
1.492188096379878711e-06 6.824264118432194888e-17
1.492198957024431193e-06 6.813608525216395998e-17
1.492198957024431193e-06 1
