9.999999999999999799e-13 8.944216305218459557e-07
1.052068671023622860e-12 8.502015048859652080e-07
1.106848488549411903e-12 8.081676183173454514e-07
1.164480618372685538e-12 7.682118833515074725e-07
1.225113576604117738e-12 7.302315563585623091e-07
1.288903612390891481e-12 6.941289733445307730e-07
1.356015110565631996e-12 6.598112988145747774e-07
1.426621015260735502e-12 6.271902870524462969e-07
1.500903275579733519e-12 5.961820552022361295e-07
1.579053314474172671e-12 5.667068675689496360e-07
1.661272522034289611e-12 5.386889305832404157e-07
1.747772774464684412e-12 5.120561979030683749e-07
1.838776980082330805e-12 4.867401851511239249e-07
1.934519653744048382e-12 4.626757938115970561e-07
2.035247521183579719e-12 4.398011438334951087e-07
2.141220154815731753e-12 4.180574145100270345e-07
2.252710642645982644e-12 3.973886932248992222e-07
2.370006292009330472e-12 3.777418316765805014e-07
2.493409369951880318e-12 3.590663092108268214e-07
2.623237882163123615e-12 3.413141029100339155e-07
2.759826392466180654e-12 3.244395641053603823e-07
2.903526884977813695e-12 3.083993009940809744e-07
3.054709671159968124e-12 2.931520670603265683e-07
3.213764344100275561e-12 2.786586550122939684e-07
3.381100782480682030e-12 2.648817959631895134e-07
3.557150206821382240e-12 2.517860635966584444e-07
3.742366290721976946e-12 2.393377830702668117e-07
3.937226329963475127e-12 2.275049444227870526e-07
4.142232472483889471e-12 2.162571202626194558e-07
4.357913012397020940e-12 2.055653875256911752e-07
4.584823751389105638e-12 1.954022531016365516e-07
4.823549431001476912e-12 1.857415831370165187e-07
5.074705239490476020e-12 1.765585358337726931e-07
5.338938397147360780e-12 1.678294975701277552e-07
5.616929824163815597e-12 1.595320221796588670e-07
5.909395895340976991e-12 1.516447732324090352e-07
6.217090286163833388e-12 1.441474691696152847e-07
6.540805914998259467e-12 1.370208311509709064e-07
6.881376986415669801e-12 1.302465334803143621e-07
7.239681140910877191e-12 1.238071564822677921e-07
7.616641716552892505e-12 1.176861417086503236e-07
8.013230128396886098e-12 1.118677493594822078e-07
8.430468371788967251e-12 1.063370178090909964e-07
8.869431656014703920e-12 1.010797251332421712e-07
9.331251175078240582e-12 9.608235253836832395e-08
9.817117022752183917e-12 9.133204959884858058e-08
1.032828125941027444e-11 8.681660121296013453e-08
1.086606113854595706e-11 8.252439619251839841e-08
1.143184250129147947e-11 7.844439740544832947e-08
1.202708334768514394e-11 7.456611339449864067e-08
1.265331759388940384e-11 7.087957139913120470e-08
1.331215902504310421e-11 6.737529171119615575e-08
1.400530545393222561e-11 6.404426329847213835e-08
1.473454309619837414e-11 6.087792063336491441e-08
1.550175117335771865e-11 5.786812166720181211e-08
1.630890675549334236e-11 5.500712689346931633e-08
1.715808985610006560e-11 5.228757944616657095e-08
1.805148879221110092e-11 4.970248618209071597e-08
1.899140582361935495e-11 4.724519969841595210e-08
1.998026308572550744e-11 4.490940123931855225e-08
2.102060883130158526e-11 4.268908444769952858e-08
2.211512399725488791e-11 4.057853992021902669e-08
2.326662911331458033e-11 3.857234052592907537e-08
2.447809157044440300e-11 3.666532745075169914e-08
2.575263326771198685e-11 3.485259693191681690e-08
2.709353865732048957e-11 3.312948764824828871e-08
2.850426320853431701e-11 3.149156873387317994e-08
2.998844231231024436e-11 2.993462838453210342e-08
3.154990064958095170e-11 2.845466302719246163e-08
3.319266204733183283e-11 2.704786702511576669e-08
3.492095984787278609e-11 2.571062289190364713e-08
3.673924781802081398e-11 2.443949198936337318e-08
3.865221162631269350e-11 2.323120568526733667e-08
4.066478091781862275e-11 2.208265694827381860e-08
4.278214201767621844e-11 2.099089235839351128e-08
4.500975129608051138e-11 1.995310451245794085e-08
4.735334922917120720e-11 1.896662480506088939e-08
4.981897519205165248e-11 1.802891656640939512e-08
5.241298302206061573e-11 1.713756853943880439e-08
5.514205739240301969e-11 1.629028867941866772e-08
5.801323103833378490e-11 1.548489826010557705e-08
6.103390288028621394e-11 1.471932627128726634e-08
6.421185709064757907e-11 1.399160409331164092e-08
6.755528315331639639e-11 1.329986043490664315e-08
7.107279696773411306e-11 1.264231652127369564e-08
7.477346305177579975e-11 1.201728152008178277e-08
7.866681790071574370e-11 1.142314819359932775e-08
8.276289456246334916e-11 1.085838876578503240e-08
8.707224849239904243e-11 1.032155099370863352e-08
9.160598475443727924e-11 9.811254433200939672e-09
9.637578663841108666e-11 9.326186889129313442e-09
1.013939457675293818e-10 8.865101041171470144e-09
1.066733937734859205e-10 8.426811236410498041e-09
1.122277356208509433e-10 8.010190440504084610e-09
1.180712846666191466e-10 7.614167339587141874e-09
1.242190995452618616e-10 7.237723585456645728e-09
1.306870229743347670e-10 6.879891176953776486e-09
1.374917225806420487e-10 6.539749970810782951e-09
1.446507338521647136e-10 6.216425315560890208e-09
1.521825053264387152e-10 5.909085802427930832e-09
1.601064461318317618e-10 5.616941127411374370e-09
1.684429760042315209e-10 5.339240059070082851e-09
1.772135779080358547e-10 5.075268506778271485e-09
1.864408533970485286e-10 4.824347684487086105e-09
1.961485808579429396e-10 4.585832365269305774e-09
2.063617767863856574e-10 4.359109222159514732e-09
2.171067602537271622e-10 4.143595251022674594e-09
2.284112207303820981e-10 3.938736271396318632e-09
2.403042894406974552e-10 3.744005501450448374e-09
2.528166144331495437e-10 3.558902203401884972e-09
2.659804395593763884e-10 3.382950395898695328e-09
2.798296875655121442e-10 3.215697630064630475e-09
2.944000475100039652e-10 3.056713826055444270e-09
3.097290667331413342e-10 2.905590167136045354e-09
3.258562476153229700e-10 2.761938048434285526e-09
3.428231493733974327e-10 2.625388077668232754e-09
3.606734951574031792e-10 2.495589125277403903e-09
3.794532847236942445e-10 2.372207421515469023e-09
3.992109129748053330e-10 2.254925698182606090e-09
4.199972946715306044e-10 2.143442372790493594e-09
4.418659956385941247e-10 2.037470773062113764e-09
4.648733708020256752e-10 1.936738399772256891e-09
4.890787094139589482e-10 1.840986226033119328e-09
5.145443878390924725e-10 1.749968031223124695e-09
5.413360302965375392e-10 1.663449767846251526e-09
5.695226779712819141e-10 1.581208959693806980e-09
5.991769669310613262e-10 1.503034129761026200e-09
6.303753153071294362e-10 1.428724256447389713e-09
6.631981202212662080e-10 1.358088256642389640e-09
6.977299649665552039e-10 1.290944494367419372e-09
7.340598369757196891e-10 1.227120313710512749e-09
7.722813571388658106e-10 1.166451594852529425e-09
8.124930210614063823e-10 1.108782332043603686e-09
8.547984528840422444e-10 1.053964232444189641e-09
8.993066723187632633e-10 1.001856334799524716e-09
9.461323755890779671e-10 9.523246469666917902e-10
9.953962309984244253e-10 9.052418013623844845e-10
1.047225189888435451e-09 8.604867274452392417e-10
1.101752813788387274e-09 8.179443403906732346e-10
1.159119618598885690e-09 7.775052451575525229e-10
1.219473436696738336e-09 7.390654551858293625e-10
1.282969797894147575e-09 7.025261250017122205e-10
1.349772330233941795e-09 6.677932960428000484e-10
1.420053181653681668e-09 6.347776550496537404e-10
1.493993463605256189e-09 6.033943044024111927e-10
1.571783717773161085e-09 5.735625438119591538e-10
1.653624407094185566e-09 5.452056628042779591e-10
1.739726432343798862e-09 5.182507434643548615e-10
1.830311675620616839e-09 4.926284729323762530e-10
1.925613572129194653e-09 4.682729651701475894e-10
2.025877711735021232e-09 4.451215915393106999e-10
2.131362471841441781e-09 4.231148197558204872e-10
2.242339683219849498e-09 4.021960608064304168e-10
2.359095330508638664e-09 3.823115234336687484e-10
2.481930289186257949e-09 3.634100758150348740e-10
2.611161100917462255e-09 3.454431140807688870e-10
2.747120789270814570e-09 3.283644373320969245e-10
2.890159717909511384e-09 3.121301288385624710e-10
3.040646493467068516e-09 2.966984431089453023e-10
3.198968915434537821e-09 2.820296985453853303e-10
3.365534975507094382e-09 2.680861754046814392e-10
3.540773908965269650e-09 2.548320188043741595e-10
3.725137300800209756e-09 2.422331465241947393e-10
3.919100249433401875e-09 2.302571613658025290e-10
4.123162591029747855e-09 2.188732678454532858e-10
4.337850187559002509e-09 2.080521930053741803e-10
4.563716281924753754e-09 1.977661111402135405e-10
4.801342923653464929e-09 1.879885722450072702e-10
5.051342468816755867e-09 1.786944340006836061e-10
5.314359158053252576e-09 1.698597971221757409e-10
5.591070776755304605e-09 1.614619439029439665e-10
5.882190401699967472e-09 1.534792797978321929e-10
6.188468238624395591e-09 1.458912778940713549e-10
6.510693555481468126e-09 1.386784261276275729e-10
6.849696716357453823e-09 1.318221771091725121e-10
7.206351321293059616e-09 1.253049004306530335e-10
7.581576457522118583e-09 1.191098373298175566e-10
7.976339067929281525e-09 1.132210575961243753e-10
8.391656442830161051e-09 1.076234186072202284e-10
8.828598841495150151e-09 1.023025263906512397e-10
9.288292250172498466e-09 9.724469861067772215e-11
9.771921283717996336e-09 9.243692938501776634e-11
1.028073223830864682e-08 8.786685584104951349e-11
1.081603630310711606e-08 8.352272632547152746e-11
1.137921293915316217e-08 7.939337018567307378e-11
1.197171343418968178e-08 7.546816904511243551e-11
1.259506464258358917e-08 7.173702949883639946e-11
1.325087291997953839e-08 6.819035715893238116e-11
1.394082826282578570e-08 6.481903198317130676e-11
1.466670866343968534e-08 6.161438482339759747e-11
1.543038469183564636e-08 5.856817513336728426e-11
1.623382431612278268e-08 5.567256977870819374e-11
1.707909797389430402e-08 5.292012289451258695e-11
1.796838390767722947e-08 5.030375673876984932e-11
1.890397377819223348e-08 4.781674349240264342e-11
1.988827856988811963e-08 4.545268795910877507e-11
2.092383480396979154e-08 4.320551112052118977e-11
2.201331107493032439e-08 4.106943450439867507e-11
2.315951492743154529e-08 3.903896532565185521e-11
2.436540009125465973e-08 3.710888236199628159e-11
2.563407409296514842e-08 3.527422252791186818e-11
2.696880626390692452e-08 3.353026811238392368e-11
2.837303616516217377e-08 3.187253464760912810e-11
2.985038245118735451e-08 3.029675937747291045e-11
3.140465219496755288e-08 2.879889029614227767e-11
3.303985069871861826e-08 2.737507572859156982e-11
3.476019181541981112e-08 2.602165442626484844e-11
3.657010880777493280e-08 2.473514615240798201e-11
3.847426577258505700e-08 2.351224273286157255e-11
4.047756965997322352e-08 2.234979954930179301e-11
4.258518291843414436e-08 2.124482745305424062e-11
4.480253679829489503e-08 2.019448507868819670e-11
4.713534534786916449e-08 1.919607153762640020e-11
4.958962013837221612e-08 1.824701947298211959e-11
5.217168575554354327e-08 1.734488845776402823e-11
5.488819609789677040e-08 1.648735871947363764e-11
5.774615152359825855e-08 1.567222517495774129e-11
6.075291689016076910e-08 1.489739176017756240e-11
6.391624053344005372e-08 1.416086604031355848e-11
6.724427423484249634e-08 1.346075408634595128e-11
7.074559422819878893e-08 1.279525560493665755e-11
7.442922330043758285e-08 1.216265930908966015e-11
7.830465404301198989e-08 1.156133851768549352e-11
8.238187331399617762e-08 1.098974697257409330e-11
8.667138797389241989e-08 1.044641486247046030e-11
9.118425196146580311e-08 9.929945043428341325e-12
9.593209477938250218e-08 9.439009446173571004e-12
1.009271514630571822e-07 8.972345661058528481e-12
1.061822941099384694e-07 8.528753691855960664e-12
1.117110650504824203e-07 8.107092870044987379e-12
1.175277117462945140e-07 7.706278921654665055e-12
1.236472235053714980e-07 7.325281179122528764e-12
1.300853701090573270e-07 6.963119930998438221e-12
1.368587424502520482e-07 6.618863902678988962e-12
1.439847952876009575e-07 6.291627861694052139e-12
1.514818922258347182e-07 5.980570341387866842e-12
1.593693530381776138e-07 5.684891477141152640e-12
1.676675034527700932e-07 5.403830949569989826e-12
1.763977275314045206e-07 5.136666029412988262e-12
1.855825227755518779e-07 4.882709719079018300e-12
1.952455581016861050e-07 4.641308986076580051e-12
2.054117348353064390e-07 4.411843083782263874e-12
2.161072508808380829e-07 4.193721955230360293e-12
2.273596682327719917e-07 3.986384715818949640e-12
2.391979840020242139e-07 3.789298211030784048e-12
2.516527051405394143e-07 3.601955645460410630e-12
2.647559270567069418e-07 3.423875279621987436e-12
2.785414163241768792e-07 3.254599191186887193e-12
2.930446976972144453e-07 3.093692097465593242e-12
3.083031456568276767e-07 2.940740236105931253e-12
3.243560807235811197e-07 2.795350301129490055e-12
3.412448707852889448e-07 2.657148431570350678e-12
3.590130377007075708e-07 2.525779250115426571e-12
3.777063694539372079e-07 2.400904949274279904e-12
3.973730381485612406e-07 2.282204422728681025e-12
4.180637241455761995e-07 2.169372439628111016e-12
4.398317466650228475e-07 2.062118859708079490e-12
4.627332011878693464e-07 1.960167887212909873e-12
4.868271040122284053e-07 1.863257361704485674e-12
5.121755443364241821e-07 1.771138083933352063e-12
5.388438442608223497e-07 1.683573175038721867e-12
5.669007271207445640e-07 1.600337467429570515e-12
5.964184945842472018e-07 1.521216925780482972e-12
6.274732129711587945e-07 1.446008096653448505e-12
6.601449092734896807e-07 1.374517585330271633e-12
6.945177773823703501e-07 1.306561558510376570e-12
7.306803950529506557e-07 1.241965271595181727e-12
7.687259521663735320e-07 1.180562619343472471e-12
8.087524908770457784e-07 1.122195708742334313e-12
8.508631582640581318e-07 1.066714452995328788e-12
8.951664721378301029e-07 1.013976185583855809e-12
9.417766006869538396e-07 9.638452934092644815e-13
9.908136566858687199e-07 9.161928680724098281e-13
1.042404007021557829e-06 8.664774963948241066e-13
1.096680598336869605e-06 8.185340251496754116e-13
1.153783299629662007e-06 7.732433365152643545e-13
1.213859262690628910e-06 7.304586481373564008e-13
1.277063301308644604e-06 6.900412993447389614e-13
1.343558290220826187e-06 6.518603017645928188e-13
1.413515584835395657e-06 6.157919148029722416e-13
1.487115462808953834e-06 5.817192446145467568e-13
1.564547588616098999e-06 5.495318652619746918e-13
1.646011502308553141e-06 5.191254608370441909e-13
1.731717133723356476e-06 4.904014873838150118e-13
1.821885343465168854e-06 4.632668535280128604e-13
1.916748492056816790e-06 4.376336187777012539e-13
2.016551038724748437e-06 4.134187085173908454e-13
2.121550171362452519e-06 3.905436447719617580e-13
2.232016469295234499e-06 3.689342918678117356e-13
2.348234600554276300e-06 3.485206161669310490e-13
2.470504055456825507e-06 3.292364590952661309e-13
2.599139918382938499e-06 3.112919201215523200e-13
2.734473679737585443e-06 2.946261669901622279e-13
2.876854090190597285e-06 2.788526545803686864e-13
3.026648059395695161e-06 2.639236146635774932e-13
3.184241601504656269e-06 2.497938363968952125e-13
3.350040829913136129e-06 2.364205294074046177e-13
3.524473003801587825e-06 2.234540200605361562e-13
3.707987629168172278e-06 2.092858754991736886e-13
3.901057617190992911e-06 1.960160648333360587e-13
4.104180502904709349e-06 1.835876290318413996e-13
4.317879727332030594e-06 1.719472205616943697e-13
4.542705986374052339e-06 1.604769881134846724e-13
4.779238649935604465e-06 1.495464763580849748e-13
5.028087254942484996e-06 1.393604706445761026e-13
5.289893076098156544e-06 1.298682606989273705e-13
5.565330778427652055e-06 4.270424283961173356e-13
5.855110155867243740e-06 3.413728066930042438e-12
6.159977960380168701e-06 1.015926910704240740e-11
6.480719826311970893e-06 1.930435716968198752e-11
6.818162294944479024e-06 3.883926287798641957e-11
7.173174944465627508e-06 1.065060003684879800e-10
7.546672630843902442e-06 2.596118112835492301e-10
7.939617845382290968e-06 4.500800601100675674e-10
8.353023195026787283e-06 7.802883062490278341e-10
8.787954011821327732e-06 1.504586008557421291e-09
9.245531098233580113e-06 3.943490848420423614e-09
9.726933615426179187e-06 8.064108025039273266e-09
1.023340212191642326e-05 7.286061993637123015e-09
1.076624177045493382e-05 6.583083858783631124e-09
1.132682567136153756e-05 5.947930875364958315e-09
1.191659843098561176e-05 5.374059097077406775e-09
1.253707987440922305e-05 4.855555954508041366e-09
1.318986896198671893e-05 4.387079338256653651e-09
1.387664790981309857e-05 3.963802559476125560e-09
1.459918652473980170e-05 3.581364620762244485e-09
1.535934676510898410e-05 3.235825285037068412e-09
1.615908753895919060e-05 2.923624479502651022e-09
1.700046975206718038e-05 2.641545616406550994e-09
1.788566161883461801e-05 2.386682452714884762e-09
1.881694424970559379e-05 2.156409147249966646e-09
1.979671752951336642e-05 1.948353206792874176e-09
2.082750630190518509e-05 1.760371042416118337e-09
2.191196687578151985e-05 1.590525884204654941e-09
2.305289387051710681e-05 1.437067826821823538e-09
2.425322741760355415e-05 1.298415800330773660e-09
2.551606073727186511e-05 1.173141280517747502e-09
2.684464810961965155e-05 1.059953570885543608e-09
2.824241326078435614e-05 9.576865046784265793e-10
2.971295818577334298e-05 8.652864299300706024e-10
3.126007243068710135e-05 7.913193098242946788e-10
3.288774285825516662e-05 7.237515521685690425e-10
3.460016392185115739e-05 6.589037673836585471e-10
3.640174847446145195e-05 5.984329026594039340e-10
3.829713914046284649e-05 5.469213458152312690e-10
4.029122027951351979e-05 5.008897383443688396e-10
4.238913057338783294e-05 4.599669601689178473e-10
4.459627626819095270e-05 4.252573994100453636e-10
4.691834510607799239e-05 3.946975685338140124e-10
4.936132098237916882e-05 3.647685259907006932e-10
5.193149936590222735e-05 3.416615867405095171e-10
5.463550352214886991e-05 3.230551561145690536e-10
5.748030158125362767e-05 3.083243303237731548e-10
6.047322449462655104e-05 3.049609409291276238e-10
6.362198492657495643e-05 3.044957424995686155e-10
6.693469712958667595e-05 3.044957424995686155e-10
7.041989785449296116e-05 3.046483080982317384e-10
7.408656834939567201e-05 3.104864028559115511e-10
7.794415750404951407e-05 3.320943414515178094e-10
8.200260619934131279e-05 3.764644855114769300e-10
8.627237292461468132e-05 4.651192298524471348e-10
9.076446072885375040e-05 6.651933753531621734e-10
9.549044557518096814e-05 6.244455201253105715e-10
1.004625061717340315e-04 3.879162997834057032e-10
1.056934553557987278e-04 3.140694161443089019e-10
1.111967731120702365e-04 3.045953175850346727e-10
1.169866413101310521e-04 3.058410739925341652e-10
1.230779802506668256e-04 3.216865392366400898e-10
1.294864871145907427e-04 3.923015075026032145e-10
1.362286764141649521e-04 3.327608153856899777e-10
1.433219225503576865e-04 3.140272641755665236e-10
1.507845045861054003e-04 3.133390269254051249e-10
1.586356533508592964e-04 3.157714380628625230e-10
1.668956009978026520e-04 3.144427541774297522e-10
1.755856331414470603e-04 3.148226659451732598e-10
1.847281437099636042e-04 3.114108383620450048e-10
1.943466926536022252e-04 3.274416169180497226e-10
2.044660666579117651e-04 3.270183374287751080e-10
2.151123430182167188e-04 3.267996674635045495e-10
2.263129568399529709e-04 3.167254525048317783e-10
2.380967717380358406e-04 3.162360990009134030e-10
2.504941542174502563e-04 3.170463791906798817e-10
2.635370519267393242e-04 3.200170341534579566e-10
2.772590759860480976e-04 3.333836214042624810e-10
2.916955876018804744e-04 4.744304124033619487e-10
3.068837891917651972e-04 3.285573307824428051e-10
3.228628202536739972e-04 3.086834416355585140e-10
3.396738582272216286e-04 2.903122774428375448e-10
3.573602246065795719e-04 2.882282232806241356e-10
3.759674965785475423e-04 3.418085208027628149e-10
3.955436244734709711e-04 8.354182642474840400e-10
4.161390553316715308e-04 3.529766108741776028e-10
4.378068629038175215e-04 2.950542192206428972e-10
4.606028844202407707e-04 2.947293601315393646e-10
4.845858644816500522e-04 2.842633300853964258e-10
5.098176064420429331e-04 2.546257982170400902e-10
5.363631316739245723e-04 3.088404495013960814e-10
5.642908471262541876e-04 2.151439306725475465e-09
5.936727216069126283e-04 2.382203220322715186e-09
6.245844712439617896e-04 2.210420052896683438e-09
6.571057546036270392e-04 1.984068345695019613e-09
6.913203779678127976e-04 2.286213847380876618e-09
7.273165113001454386e-04 2.465811075822603945e-09
7.651869154570817245e-04 2.465811075822603945e-09
8.050291812296005199e-04 2.423361869855341467e-09
8.469459808314610703e-04 2.030338624130533726e-09
8.910453324821540361e-04 2.354286414322420377e-09
9.374408787663019100e-04 2.354286414322420377e-09
9.862521794868803985e-04 2.228751625375793821e-09
1.037605019766913838e-03 2.266494238202187836e-09
1.091631734193616952e-03 2.300430119772921761e-09
1.148471547840291445e-03 2.290443008753347176e-09
1.208270935044778371e-03 2.265681964102457278e-09
1.271183996869030197e-03 2.216835327396050785e-09
1.337372858212497679e-03 2.106294606996627792e-09
1.407008085602686354e-03 2.093607832643446128e-09
1.480269126739510149e-03 2.193442384100176801e-09
1.557344772926135207e-03 2.073486693097052289e-09
1.638433645577984637e-03 2.121622370061890037e-09
1.723744708063619816e-03 2.108339441283631042e-09
1.813497804196495273e-03 2.142355939060788259e-09
1.907924224765265072e-03 2.057147056024487887e-09
2.007267303562568390e-03 2.090427263621818152e-09
2.111783044448242285e-03 2.071304342406107485e-09
2.221740781062891707e-03 2.118169576270545911e-09
2.337423870891822131e-03 2.110245353025644694e-09
2.459130425468051325e-03 2.102350774864272610e-09
2.587174078595929055e-03 2.094485730882069087e-09
2.721884794575185097e-03 2.086650110589566261e-09
2.863609718508121956e-03 2.078843803910645446e-09
3.012714070881170395e-03 2.072679355212350542e-09
3.169582088726121717e-03 2.071664788895899063e-09
3.334618015786369304e-03 2.070650719204652587e-09
3.508247144239795817e-03 2.069637145895516381e-09
3.690916910662781977e-03 2.068624068725513171e-09
3.883098049059608998e-03 2.067611487451776938e-09
4.085285803928565343e-03 2.066599401831586008e-09
4.298001206490798497e-03 2.065587811622312178e-09
4.521792417370702408e-03 2.064576716581453801e-09
4.757236139187889269e-03 2.063566116466628347e-09
5.004939102700953560e-03 2.062556011035563714e-09
5.265539630332755246e-03 2.061546400046131728e-09
5.539709281106400610e-03 2.060537283256296861e-09
5.828154581230839820e-03 2.059528660424150970e-09
6.131618844795794221e-03 2.058520531307904199e-09
6.450884089267712625e-03 2.057512895665876706e-09
6.786773050723315590e-03 2.056505753256532166e-09
7.140151304013417702e-03 2.055499103838426899e-09
7.511929493320983545e-03 2.054492947170244608e-09
7.903065678861363741e-03 2.053487283010786459e-09
8.314567805772081141e-03 2.052482111118963217e-09
8.747496301554432904e-03 2.051477431253829164e-09
9.202966808760428344e-03 2.050473243174531226e-09
9.682153059967096159e-03 2.049469546640342888e-09
1.018628990244688573e-02 2.049074689815854545e-09
1.071667648032864455e-02 2.049074689815854545e-09
1.127467958244947333e-02 2.049074689815854545e-09
1.186173716452479203e-02 2.049074689815854545e-09
1.247936205471311330e-02 2.049074689815854545e-09
1.312914585212465388e-02 2.049074689815854545e-09
1.381276302832009500e-02 2.049074689815854545e-09
1.453197524236895383e-02 2.049074689815854545e-09
1.528863588058729586e-02 2.049074689815854545e-09
1.608469483265361627e-02 2.049074689815854545e-09
1.692220351641042508e-02 2.049074689815854545e-09
1.780332016430119166e-02 2.049074689815854545e-09
1.873031538506442217e-02 2.049074689815854545e-09
1.970557801501804374e-02 2.049074689815854545e-09
2.073162127401235316e-02 2.049074689815854545e-09
2.181108924191524356e-02 2.049074689815854545e-09
2.294676367231940697e-02 2.049074689815854545e-09
2.414157116103022790e-02 2.049074689815854545e-09
2.539859068780729243e-02 2.049074689815854545e-09
2.672106155079437967e-02 2.049074689815854545e-09
2.811239171408467033e-02 2.049074689815854545e-09
2.957616658993256556e-02 2.049074689815854545e-09
3.111615827824363092e-02 2.049074689815854545e-09
3.273633528715247376e-02 2.049074689815854545e-09
3.444087275973823498e-02 2.049074689815854545e-09
3.623416323323149640e-02 2.049074689815854545e-09
3.812082795843887983e-02 2.049074689815854545e-09
4.010572880855495931e-02 2.049074689815854545e-09
4.219398080805024376e-02 2.049074689815854545e-09
4.439096531392184436e-02 2.049074689815854545e-09
4.670234388327349634e-02 2.049074689815854545e-09
4.913407286296377074e-02 2.049074689815854545e-09
5.169241873891614741e-02 2.049074689815854545e-09
5.438397428464812611e-02 2.049074689815854545e-09
5.721567555063263727e-02 2.049074689815854545e-09
6.019481973827286309e-02 2.049074689815854545e-09
6.332908400455126985e-02 2.049074689815854545e-09
6.662654524581163029e-02 2.049074689815854545e-09
7.009570091165631678e-02 2.049074689815854545e-09
7.374549090259562012e-02 2.049074689815854545e-09
7.758532060787844131e-02 2.049074689815854545e-09
8.162508514287236672e-02 2.049074689815854545e-09
8.587519484845179685e-02 2.049074689815854545e-09
9.034660211810534303e-02 2.049074689815854545e-09
9.505082962189512208e-02 2.049074689815854545e-09
1.000000000000000056e-01 2.049074689815854545e-09
