2.000000000000000000e+11 5.859025265996613968e-03
3.000000000000000000e+11 5.740003984894509297e-03
4.000000000000000000e+11 5.559862076452994593e-03
5.000000000000000000e+11 5.307493469022974905e-03
6.000000000000000000e+11 4.968825645382066863e-03
7.000000000000000000e+11 4.455382967573128308e-03
7.100000000000000000e+11 4.385425346554290560e-03
8.000000000000000000e+11 1.533442384573967542e-06
1.000000000000000000e+12 1.015986916272361608e-06
1.075000000000000000e+12 1.104578116877940336e-06
1.225000000000000000e+12 1.125018249376835058e-06
1.400000000000000000e+12 1.081613470401145377e-06
1.600000000000000000e+12 1.151061684974049567e-06
1.850000000000000000e+12 1.416129953867009588e-06
2.150000000000000000e+12 2.344957330542655474e-06
2.900000000000000000e+12 3.509127035417505843e-06
3.200000000000000000e+12 5.363528985616588300e-06
3.500000000000000000e+12 5.990736468186999279e-06
4.000000000000000000e+12 9.099317901295325545e-06
5.000000000000000000e+12 1.993776735922661583e-05
6.000000000000000000e+12 4.991172376014598594e-02
7.000000000000000000e+12 5.917040234497318585e-02
8.000000000000000000e+12 6.836098562762904507e-02
9.000000000000000000e+12 7.749347631066183517e-02
1.000000000000000000e+13 8.647547924700908772e-02
