1.000000000000000000e+06 5.961030285383236982e-03
1.000000000000000000e+07 5.956821325207717691e-03
1.000000000000000000e+08 5.957694024836425808e-03
1.000000000000000000e+09 5.958531515367295264e-03
1.000000000000000000e+10 5.960075799204008970e-03
1.000000000000000000e+11 5.932054871044334723e-03
2.000000000000000000e+11 5.865268829638357016e-03
3.000000000000000000e+11 5.742652985856353150e-03
4.000000000000000000e+11 5.562453155413717674e-03
5.000000000000000000e+11 5.310886002817374711e-03
6.000000000000000000e+11 4.968450890130458181e-03
7.000000000000000000e+11 4.465676364869168753e-03
7.100000000000000000e+11 4.399742306219053475e-03
8.000000000000000000e+11 3.503782684361103801e-03
1.000000000000000000e+12 3.126674542532680533e-03
1.075000000000000000e+12 3.065297169756683350e-03
1.225000000000000000e+12 3.126690186867331616e-03
1.400000000000000000e+12 3.239722755557141159e-03
1.600000000000000000e+12 3.425661489279363536e-03
1.850000000000000000e+12 4.462271683074122731e-03
2.150000000000000000e+12 5.862286003454943335e-03
2.900000000000000000e+12 1.007721667157589554e-02
3.200000000000000000e+12 1.229422825837222372e-02
3.500000000000000000e+12 1.496034754801771338e-02
4.000000000000000000e+12 2.062647228747811062e-02
5.000000000000000000e+12 3.661531627359771585e-02
6.000000000000000000e+12 5.076008686223418970e-02
7.000000000000000000e+12 5.999187540357761583e-02
