2.000000000000000000e+11 7.557187162023006055e-03
2.500000000000000000e+11 6.448431339477478375e-03
3.000000000000000000e+11 5.219323991978944838e-03
3.500000000000000000e+11 3.826636937882174280e-03
4.000000000000000000e+11 1.479464564642383196e-06
4.100000000000000000e+11 1.136419769741889970e-06
4.200000000000000000e+11 1.184062106669233313e-06
4.400000000000000000e+11 1.091338573633241714e-06
4.500000000000000000e+11 1.167017665722692564e-06
5.000000000000000000e+11 1.192162025153625085e-06
5.500000000000000000e+11 1.321715929627467246e-06
6.000000000000000000e+11 1.801906742466457186e-06
6.500000000000000000e+11 1.854022363440738424e-06
7.000000000000000000e+11 1.791031007015550907e-06
7.100000000000000000e+11 1.793565873657235784e-06
7.500000000000000000e+11 1.187905737946780442e-06
8.000000000000000000e+11 1.836622503088278821e-04
8.100000000000000000e+11 4.672108860078629314e-03
8.200000000000000000e+11 4.842299853582001518e-03
8.300000000000000000e+11 5.150553788948975149e-03
8.400000000000000000e+11 5.445726986143289115e-03
8.500000000000000000e+11 5.739949016277560295e-03
9.000000000000000000e+11 7.099566671624183214e-03
9.500000000000000000e+11 2.098081161629335514e-02
1.000000000000000000e+12 2.392094363723101108e-02
1.010000000000000000e+12 2.447037830331945385e-02
1.075000000000000000e+12 1.127851923385720170e-02
1.225000000000000000e+12 1.466772731733740828e-02
1.400000000000000000e+12 1.851722161076508472e-02
1.600000000000000000e+12 2.285049719111907629e-02
1.700000000000000000e+12 2.491452867809370794e-02
1.850000000000000000e+12 2.799350096261613366e-02
2.150000000000000000e+12 6.491233344322037968e-02
2.900000000000000000e+12 4.901552449135979095e-02
3.200000000000000000e+12 5.519090823784504607e-02
3.500000000000000000e+12 6.074520169057311125e-02
4.000000000000000000e+12 1.312357245337710254e-01
5.000000000000000000e+12 8.943709740761036919e-02
6.000000000000000000e+12 1.081506878669498545e-01
7.000000000000000000e+12 1.278358159550988526e-01
8.000000000000000000e+12 2.691818974038435730e-01
9.000000000000000000e+12 3.038125195407467283e-01
1.000000000000000000e+13 1.833304456400205451e-01
