# Polarisation haloscope (post-discovery mode) https://arxiv.org/abs/2209.12901
# data direct from author
# m_a [eV]	1/fa [GeV^-1]
4.706224849841282201e-07 3.700000000000000164e-03
4.706224849841282201e-07 2.423710186038544907e-16
4.738879609717650886e-07 2.437201761956533133e-16
4.771760948938750944e-07 2.450855186272904409e-16
4.804870439655133784e-07 2.464672515826321655e-16
4.838209664925956740e-07 2.478655835341410608e-16
4.871780218794630529e-07 2.492807257831806112e-16
4.905583706365045857e-07 2.507128925009364837e-16
4.939621743878326255e-07 2.521623007699653390e-16
4.973895958790067955e-07 2.536291706263763581e-16
5.008407989848212921e-07 2.551137251026634801e-16
5.043159487171359161e-07 2.566161902711899304e-16
5.078152112327670320e-07 2.581367952883413073e-16
5.113387538414331605e-07 2.596757724393569422e-16
5.148867450137498046e-07 2.612333571838467790e-16
5.184593543892914036e-07 2.628097882020128550e-16
5.220567527846975439e-07 2.644053074415763677e-16
5.223368823763891712e-07 2.645288725041098046e-16
5.256791122018419569e-07 2.658572153108659274e-16
5.293266058360566796e-07 2.673130643814068220e-16
5.329994080844093658e-07 2.687865804326344930e-16
5.366976945540476201e-07 2.702779910489826541e-16
5.404216420705915059e-07 2.717875269442444613e-16
5.441714286865887343e-07 2.733154220073919697e-16
5.479472336900292506e-07 2.748619133491034458e-16
5.517492376129128676e-07 2.764272413490068664e-16
5.555776222398877301e-07 2.780116497036596717e-16
5.594325706169378030e-07 2.796153854752656098e-16
5.633142670601351570e-07 2.812386991411483456e-16
5.672228971644549341e-07 2.828818446439927303e-16
5.711586478126433593e-07 2.845450794428608793e-16
5.751217071841613499e-07 2.862286645650066278e-16
5.791122647641758759e-07 2.879328646584874745e-16
5.831305113526218361e-07 2.896579480455980752e-16
5.871766390733262972e-07 2.914041867771329275e-16
5.912508413831881072e-07 2.931718566874911648e-16
5.953533130814370245e-07 2.949612374506440188e-16
5.994842503189409159e-07 2.967726126369683032e-16
5.999550880703262897e-07 2.969780403235154601e-16
6.036438506075864348e-07 2.984283620356645384e-16
6.078323128297236501e-07 3.000817724770495842e-16
6.120498372476702854e-07 3.017555532319015079e-16
6.162966255132942029e-07 3.034499712913062221e-16
6.205728806776500970e-07 3.051652973822350432e-16
6.248788072006888211e-07 3.069018060231002707e-16
6.292146109610350070e-07 3.086597755801785615e-16
6.335804992658254581e-07 3.104394883249150684e-16
6.379766808606282228e-07 3.122412304921297385e-16
6.424033659394190549e-07 3.140652923391304582e-16
6.468607661546320942e-07 3.159119682057549814e-16
6.513490946272810636e-07 3.177815565753544139e-16
6.558685659571435694e-07 3.196743601367321560e-16
6.604193962330305293e-07 3.215906858470588625e-16
6.650018030431117152e-07 3.235308449957724935e-16
6.696160054853215532e-07 3.254951532694837193e-16
6.742622241778349095e-07 3.274839308179034909e-16
6.789406812696112741e-07 3.294975023208049558e-16
6.836516004510238597e-07 3.315361970560444196e-16
6.879571248513451098e-07 3.334076753116049906e-16
6.883952069645495809e-07 3.335792965708873836e-16
6.931717276155400310e-07 3.354408871693398024e-16
6.979813907830666803e-07 3.373257610145210999e-16
7.028244264308353190e-07 3.392342284137849381e-16
7.077010661181889092e-07 3.411666040877274760e-16
7.126115430111744941e-07 3.431232072367383377e-16
7.175560918936920574e-07 3.451043616086057452e-16
7.225349491787221566e-07 3.471103955671916928e-16
7.275483529196232249e-07 3.491416421621896834e-16
7.325965428215229999e-07 3.511984391999942673e-16
7.376797602527730560e-07 3.532811293156866701e-16
7.427982482564912163e-07 3.553900600461640726e-16
7.479522515621828447e-07 3.575255839044294520e-16
7.531420165974375239e-07 3.596880584550566297e-16
7.583677914997191190e-07 3.618778463908597611e-16
7.636298261282241323e-07 3.640953156107739242e-16
7.689283720758305860e-07 3.663408392989774742e-16
7.742636826811279011e-07 3.686147960052719403e-16
7.796360130405236458e-07 3.709175697267372157e-16
7.850456200204508681e-07 3.732495499906938896e-16
7.874985766198617814e-07 3.743060525134966044e-16
7.904927622696420267e-07 3.754685330409290552e-16
7.959777002314977897e-07 3.775988021472656593e-16
8.015006961565414897e-07 3.797561577667503900e-16
8.070620141149507638e-07 3.819409673318609770e-16
8.126619200091945450e-07 3.841536035885680786e-16
8.183006815867389787e-07 3.863944446775839610e-16
8.239785684528511741e-07 3.886638742169121082e-16
8.296958520834914679e-07 3.909622813857163993e-16
8.354528058382870053e-07 3.932900610095280945e-16
8.412497049736118343e-07 3.956476136468224816e-16
8.470868266557402682e-07 3.980353456769738592e-16
8.529644499741016815e-07 4.004536693896244546e-16
8.588828559546259365e-07 4.029030030754826103e-16
8.648423275731726679e-07 4.053837711185746921e-16
8.708431497690722689e-07 4.078964040899828177e-16
8.768856094587426870e-07 4.104413388430797937e-16
8.829699955494083929e-07 4.130190186102957740e-16
8.890965989529167589e-07 4.156298931014399597e-16
8.952657125996399866e-07 4.182744186035973101e-16
8.997956058524029135e-07 4.202213425869481086e-16
9.014776314524917028e-07 4.208731075284180791e-16
9.077326525210223283e-07 4.232898716573453331e-16
9.140310748756223386e-07 4.257378652915851097e-16
9.203731996618230385e-07 4.282175192155025678e-16
9.267593301146882874e-07 4.307292705389364912e-16
9.331897715733238557e-07 4.332735627951342007e-16
9.396648314954690500e-07 4.358508460402578773e-16
9.461848194721991931e-07 4.384615769545004075e-16
9.527500472427299601e-07 4.411062189448311145e-16
9.593608287093147819e-07 4.437852422493980477e-16
9.660174799522646456e-07 4.464991240436226253e-16
9.727203192450537620e-07 4.492483485480015694e-16
9.794696670695385247e-07 4.520334071376547379e-16
9.862658461312830882e-07 4.548547984536448857e-16
9.931091813749800272e-07 4.577130285160939098e-16
9.999999999999999547e-07 4.606086108391388151e-16
1.006938631476027116e-06 4.635420665477402224e-16
1.013925407558814200e-06 4.665139244963877911e-16
1.020960662306047480e-06 4.695247213897289828e-16
1.026189589478331414e-06 4.717689590638147474e-16
1.028044732093309784e-06 4.724869300079835412e-16
1.035177955630176236e-06 4.752395848762532467e-16
1.042360673976401061e-06 4.780284012843389094e-16
1.049593230558226563e-06 4.808538863735160977e-16
1.056875971184804981e-06 4.837165548414331679e-16
1.064209244064724734e-06 4.866169290604544024e-16
1.071593399822671139e-06 4.895555391979336872e-16
1.079028791516183681e-06 4.925329233384373665e-16
1.086515774652537176e-06 4.955496276079583799e-16
1.094054707205743622e-06 4.986062063001523479e-16
1.101645949633656974e-06 5.017032220046255837e-16
1.109289864895222755e-06 5.048412457373197982e-16
1.116986818467822540e-06 5.080208570730147005e-16
1.124737178364750789e-06 5.112426442799933572e-16
1.132541315152812586e-06 5.145072044569048275e-16
1.140399601970032987e-06 5.178151436718542433e-16
1.148312414543511196e-06 5.211670771037737843e-16
1.156280131207375345e-06 5.245636291860907153e-16
1.164303132920875317e-06 5.280054337527483014e-16
1.168113929793979787e-06 5.296398068836859493e-16
1.172381803286599682e-06 5.312906312385446409e-16
1.180516528568805485e-06 5.344387125027241320e-16
1.188707697711903258e-06 5.376288470676286234e-16
1.196955702359042833e-06 5.408616343488138395e-16
1.205260936870841443e-06 5.441376828181339222e-16
1.213623798344241863e-06 5.474576101471046732e-16
1.222044686631488693e-06 5.508220433526108967e-16
1.230524004359261563e-06 5.542316189450108921e-16
1.239062156947915701e-06 5.576869830786581165e-16
1.247659552630868398e-06 5.611887917048966158e-16
1.256316602474121423e-06 5.647377107275658216e-16
1.265033720395903716e-06 5.683344161610512994e-16
1.273811323186478410e-06 5.719795942909417938e-16
1.282649830528059960e-06 5.756739418373133778e-16
1.291549665014882683e-06 5.794181661206996737e-16
1.300511252173409911e-06 5.832129852307922226e-16
1.309535020482667643e-06 5.870591281979074885e-16
1.318621401394748467e-06 5.909573351672833083e-16
1.327086896465448704e-06 5.946095427568062682e-16
1.327770829355428974e-06 5.948757077135987813e-16
1.336983741824945150e-06 5.984427476273484940e-16
1.346260579298911120e-06 6.020582016088944319e-16
1.355601785329368979e-06 6.057227701378573912e-16
1.365007806546013744e-06 6.094371644097308010e-16
1.374479092677536677e-06 6.132021065071062367e-16
1.384016096573130180e-06 6.170183295737272959e-16
1.393619274224143468e-06 6.208865779914146318e-16
1.403289084785873119e-06 6.248076075599034613e-16
1.413025990599533632e-06 6.287821856796606006e-16
1.422830457214351858e-06 6.328110915377075539e-16
1.432702953409829350e-06 6.368951162965182865e-16
1.442643951218158886e-06 6.410350632860382239e-16
1.452653925946781160e-06 6.452317481988686546e-16
1.462733356201129952e-06 6.494859992886914771e-16
1.472882723907501804e-06 6.537986575719612121e-16
1.483102514336102726e-06 6.581705770329417847e-16
1.493393216124253090e-06 6.626026248321327458e-16
1.503755321299738418e-06 6.670956815181412385e-16
1.504805731277402138e-06 6.675489714750653278e-16
1.514189325304352035e-06 6.712024741984784577e-16
1.524695727017573021e-06 6.753156863591630494e-16
1.535275028780421201e-06 6.794856677926148520e-16
1.545927736419478793e-06 6.837132524863244324e-16
1.556654359271061967e-06 6.879992873446140912e-16
1.567455410205595074e-06 6.923446323969310620e-16
1.578331405652116359e-06 6.967501610095799487e-16
1.589282865622976392e-06 7.012167601009778195e-16
1.600310313738701654e-06 7.057453303604822501e-16
1.611414277253020128e-06 7.103367864708441824e-16
1.622595287078087214e-06 7.149920573343702048e-16
1.633853877809860288e-06 7.197120863028298502e-16
1.645190587753660682e-06 7.244978314111880818e-16
1.656605958949915221e-06 7.293502656152259743e-16
1.668100537200059127e-06 7.342703770331036299e-16
1.679674872092653225e-06 7.392591691909566384e-16
1.691329517029647040e-06 7.443176612725643412e-16
1.703039800695579431e-06 7.494357175153465866e-16
1.703065029252842653e-06 7.494456677945821300e-16
1.714881969870540874e-06 7.540783948640949559e-16
1.726780903884356185e-06 7.587760155576878827e-16
1.738762400216250434e-06 7.635394957846908587e-16
1.750827031735723228e-06 7.683698165700118129e-16
1.762975375287203917e-06 7.732679742997041243e-16
1.775208011717636075e-06 7.782349809706253214e-16
1.787525525904235186e-06 7.832718644442549518e-16
1.799928506782476521e-06 7.883796687047593833e-16
1.812417547374235695e-06 7.935594541213492904e-16
1.824993244816150497e-06 7.988122977150221223e-16
1.837656200388172474e-06 8.041392934297600580e-16
1.850407019542302094e-06 8.095415524082472457e-16
1.863246311931559818e-06 8.150202032722098675e-16
1.876174691439119582e-06 8.205763924074249766e-16
1.889192776207664635e-06 8.262112842534991843e-16
1.902301188668946019e-06 8.319260615984938104e-16
1.915500555573527830e-06 8.377219258784676955e-16
1.923784419605057685e-06 8.413673283724314399e-16
1.928791508020777896e-06 8.433561350009807190e-16
1.942174681489024486e-06 8.486664491639918281e-16
1.955650715865946999e-06 8.540523032189934900e-16
1.969220255479173340e-06 8.595148365280486739e-16
1.982883949127071257e-06 8.650552064662345389e-16
1.996642450109793374e-06 8.706745887164139194e-16
2.010496416260497127e-06 8.763741775689307811e-16
2.024446509976801877e-06 8.821551862263346657e-16
2.038493398252464128e-06 8.880188471132117281e-16
2.052637752709252226e-06 8.939664121912063788e-16
2.066880249629081940e-06 8.999991532793351984e-16
2.081221569986337122e-06 9.061183623796672746e-16
2.095662399480430927e-06 9.123253520084653302e-16
2.110203428568596572e-06 9.186214555328961111e-16
2.124845352498883082e-06 9.250080275133743253e-16
2.139588871343421664e-06 9.314864440516808467e-16
2.154434690031882236e-06 9.380581031449021209e-16
2.169054993832367648e-06 9.445759852486211407e-16
2.169383518385181950e-06 9.447082058397977026e-16
2.184436071149428344e-06 9.507317399080541705e-16
2.199593068030074676e-06 9.568421844137767386e-16
2.214855233726359433e-06 9.630408658743099317e-16
2.230223297965936432e-06 9.693291319675749709e-16
2.245697995539771724e-06 9.757083518805110153e-16
2.261280066337279372e-06 9.821799166633774444e-16
2.276970255381679993e-06 9.887452395900071090e-16
2.292769312865648563e-06 9.954057565241430801e-16
2.308677994187167203e-06 1.002162926291922202e-15
2.324697059985645631e-06 1.009018231060641925e-15
2.340827276178294449e-06 1.015973176723902903e-15
2.357069413996727979e-06 1.023029293293231894e-15
2.373424250023866521e-06 1.030188135296323789e-15
2.389892566231047836e-06 1.037451282181972591e-15
2.406475150015421527e-06 1.044820338731840051e-15
2.423172794237600930e-06 1.052296935479165079e-15
2.439986297259550047e-06 1.059882729134526382e-15
2.441238882686348927e-06 1.060445018270850436e-15
2.456916462982790237e-06 1.066799867778683381e-15
2.473964100886811470e-06 1.073755856601811527e-15
2.491130026067785964e-06 1.080813681847711854e-15
2.508415059277541444e-06 1.087974916397683152e-15
2.525820026962784695e-06 1.095241158444516585e-15
2.543345761304648260e-06 1.102614031911813523e-15
2.560993100258456944e-06 1.110095186880366435e-15
2.578762887593798400e-06 1.117686300021751557e-15
2.596655972934872394e-06 1.125389075039249676e-15
2.614673211801092052e-06 1.133205243116203113e-15
2.632815465648020122e-06 1.141136563371977527e-15
2.651083601908536042e-06 1.149184823325606429e-15
2.669478494034318111e-06 1.157351839367290192e-15
2.688001021537607292e-06 1.165639457237864719e-15
2.706652070033241224e-06 1.174049552516375469e-15
2.725432531281028316e-06 1.182584031115918341e-15
2.742796666615101137e-06 1.190527447592772120e-15
2.744343303228362398e-06 1.191166445355071457e-15
2.763385290053166867e-06 1.198995196704381944e-15
2.782559402207125977e-06 1.206940000329063905e-15
2.801866556459194808e-06 1.215002666539871411e-15
2.821307675939470909e-06 1.223185034990142167e-15
2.840883690183301427e-06 1.231488975164246369e-15
2.860595535175739201e-06 1.239916386874325721e-15
2.880444153396297871e-06 1.248469200765449582e-15
2.900430493863991580e-06 1.257149378829319412e-15
2.920555512182745261e-06 1.265958914926708475e-15
2.940820170587060722e-06 1.274899835318730274e-15
2.961225437988031288e-06 1.283974199207132933e-15
2.981772290019673234e-06 1.293184099283755805e-15
3.002461709085549440e-06 1.302531662289291685e-15
3.023294684405776334e-06 1.312019049581559720e-15
3.044272212064305695e-06 1.321648457713395721e-15
3.065395295056523666e-06 1.331422119020350187e-15
3.076500408375758530e-06 1.336566798892486549e-15
3.086664943337274561e-06 1.340820509062663117e-15
3.108082173869063814e-06 1.349789334062291012e-15
3.129648010670750519e-06 1.358892812348905492e-15
3.151363484866482632e-06 1.368133065249677482e-15
3.173229634734973124e-06 1.377512248718558335e-15
3.195247505759213607e-06 1.387032553915460925e-15
3.217418150676371776e-06 1.396696207795216490e-15
3.239742629528195378e-06 1.406505473706608191e-15
3.262222009711673251e-06 1.416462652001548634e-15
3.284857366030040257e-06 1.426570080654613554e-15
3.307649780744242162e-06 1.436830135893153538e-15
3.330600343624588972e-06 1.447245232838049843e-15
3.353710152002929200e-06 1.457817826155442486e-15
3.376980310825094755e-06 1.468550410719503559e-15
3.400411932703702440e-06 1.479445522286487526e-15
3.424006137971425965e-06 1.490505738180296106e-15
3.445229349531425203e-06 1.500520472261106184e-15
3.447764054734464061e-06 1.501601117628470515e-15
3.471686818926559579e-06 1.511754011081409015e-15
3.495775574363278632e-06 1.522061084372687876e-15
3.520031472796675139e-06 1.532524787635991167e-15
3.544455673970435632e-06 1.543147611243453712e-15
3.569049345675229049e-06 1.553932086481352401e-15
3.593813663804625731e-06 1.564880786237384296e-15
3.618749812411284082e-06 1.575996325699611787e-15
3.643858983763540840e-06 1.587281363067316005e-15
3.669142378402493475e-06 1.598738600274019194e-15
3.694601205199302815e-06 1.610370783722749029e-15
3.720236681413065301e-06 1.622180705033919771e-15
3.746050032748996951e-06 1.634171201805922771e-15
3.772042493416992980e-06 1.646345158388679325e-15
3.798215306190736308e-06 1.658705506670454489e-15
3.824569722466998750e-06 1.671255226877987649e-15
3.851107002325569028e-06 1.683997348390383394e-15
3.852339611961678178e-06 1.684585977700767428e-15
3.877828414589461564e-06 1.695585645774822142e-15
3.904735236885555569e-06 1.707286536573985778e-15
3.931828755705770305e-06 1.719167171291348937e-15
3.959110266468458876e-06 1.731230430929074277e-15
3.986581073580438997e-06 1.743479244085547528e-15
4.014242490499326145e-06 1.755916587757772495e-15
4.042095839796309714e-06 1.768545488157480201e-15
4.070142453219439079e-06 1.781369021541204820e-15
4.098383671757261184e-06 1.794390315054505060e-15
4.126820845702951947e-06 1.807612547590636308e-15
4.155455334718879651e-06 1.821038950663883542e-15
4.184288507901584231e-06 1.834672809297810629e-15
4.213321743847289341e-06 1.848517462928731676e-15
4.242556430717776958e-06 1.862576306324578180e-15
4.271993966306776970e-06 1.876852790519511852e-15
4.301393863006293762e-06 1.891230388872861434e-15
4.301635758106799779e-06 1.891337308207750399e-15
4.331483223376402566e-06 1.904451026332591001e-15
4.361537789208005296e-06 1.917768135960869995e-15
4.391800892596086187e-06 1.931291920137626962e-15
4.422273980505897255e-06 1.945025716407135724e-15
4.452958509942660131e-06 1.958972917734568803e-15
4.483855948021190477e-06 1.973136973443412664e-15
4.514967772036101769e-06 1.987521390168968234e-15
4.546295469532399562e-06 2.002129732828131134e-15
4.577840538376616169e-06 2.016965625605796378e-15
4.609604486828439149e-06 2.032032752958150204e-15
4.641588833612781958e-06 2.047334860633120428e-15
4.673795107992463609e-06 2.062875756708346212e-15
4.706224849841281354e-06 2.078659312646881822e-15
4.738879609717650886e-06 2.094689464371008287e-15
4.771760948938750521e-06 2.110970213354434993e-15
4.796389551642163884e-06 2.123223409871881094e-15
4.804870439655133784e-06 2.127037733184937514e-15
4.838209664925956952e-06 2.141996936698841795e-15
4.871780218794630952e-06 2.157190409156629772e-15
4.905583706365045857e-06 2.172621958435105297e-15
4.939621743878325620e-06 2.188295455920225682e-15
4.973895958790067320e-06 2.204214837584374880e-15
5.008407989848212285e-06 2.220384105082153209e-15
5.043159487171358525e-06 2.236807326864902918e-15
5.078152112327670320e-06 2.253488639314380979e-15
5.113387538414331605e-06 2.270432247895869814e-15
5.148867450137497411e-06 2.287642428331040697e-15
5.184593543892912765e-06 2.305123527790997801e-15
5.220567527846975439e-06 2.322879966109724159e-15
5.256791122018419569e-06 2.340916237018394570e-15
5.293266058360566796e-06 2.359236909400849313e-15
5.329994080844093235e-06 2.377846628570605723e-15
5.341514002973826357e-06 2.383674498226906843e-15
5.366976945540475778e-06 2.395321416087596004e-15
5.404216420705915271e-06 2.412425372728912132e-15
5.441714286865887343e-06 2.429799626972516548e-15
5.479472336900292930e-06 2.447448600648951115e-15
5.517492376129128041e-06 2.465376789654527463e-15
5.555776222398877724e-06 2.483588765211178477e-15
5.594325706169377607e-06 2.502089175147883167e-15
5.633142670601352205e-06 2.520882745204134278e-15
5.672228971644549552e-06 2.539974280355795745e-15
5.711586478126434016e-06 2.559368666163713267e-15
5.751217071841612652e-06 2.579070870145546966e-15
5.791122647641757912e-06 2.599085943171130255e-15
5.831305113526219844e-06 2.619419020881823086e-15
5.871766390733262549e-06 2.640075325134269008e-15
5.912508413831880860e-06 2.661060165468938626e-15
5.941529977420130455e-06 2.676074541698901976e-15
5.953533130814370033e-06 2.681690093381974871e-15
5.994842503189408736e-06 2.700981819626995038e-15
6.036438506075863713e-06 2.720580854838941393e-15
6.078323128297236501e-06 2.740492254362885635e-15
6.120498372476703066e-06 2.760721158532677902e-15
6.162966255132942877e-06 2.781272794119968290e-15
6.205728806776500758e-06 2.802152475808098002e-15
6.248788072006888211e-06 2.823365607691367761e-15
6.292146109610350494e-06 2.844917684800100390e-15
6.335804992658254581e-06 2.866814294651911331e-15
6.379766808606282652e-06 2.889061118829730613e-15
6.424033659394190549e-06 2.911663934586919048e-15
6.468607661546320942e-06 2.934628616480035956e-15
6.513490946272809365e-06 2.957961138029709290e-15
6.558685659571435694e-06 2.981667573410056994e-15
6.601565266227198409e-06 3.004342647478083216e-15
6.604193962330304870e-06 3.005599877553163497e-15
6.650018030431117999e-06 3.027398754636696101e-15
6.696160054853215108e-06 3.049547474850295582e-15
6.742622241778348883e-06 3.072051822872279989e-15
6.789406812696113165e-06 3.094917680958506066e-15
6.836516004510238809e-06 3.118151030609575112e-15
6.883952069645496021e-06 3.141757954266665012e-15
6.931717276155400522e-06 3.165744637036633356e-15
6.979813907830666803e-06 3.190117368446802630e-15
7.028244264308352554e-06 3.214882544229969426e-15
7.077010661181888244e-06 3.240046668140217887e-15
7.126115430111745365e-06 3.265616353799955866e-15
7.175560918936921209e-06 3.291598326578809243e-15
7.225349491787221566e-06 3.317999425504896205e-15
7.275483529196232884e-06 3.344826605209004142e-15
7.325965428215230423e-06 3.372086937902344792e-15
7.327440214804173830e-06 3.372878670907795823e-15
7.376797602527730984e-06 3.396847422051675001e-15
7.427982482564910469e-06 3.421920142926788118e-15
7.479522515621828658e-06 3.447398233411704191e-15
7.531420165974376510e-06 3.473288430139288744e-15
7.583677914997190766e-06 3.499597583749670799e-15
7.636298261282241959e-06 3.526332660842091431e-15
7.689283720758305013e-06 3.553500745960441822e-15
7.742636826811276894e-06 3.581109043613046549e-15
7.796360130405236247e-06 3.609164880327243532e-15
7.850456200204509316e-06 3.637675706739473362e-15
7.904927622696420267e-06 3.666649099721356082e-15
7.959777002314978321e-06 3.696092764542470899e-15
8.015006961565413626e-06 3.726014537070455323e-15
8.070620141149507638e-06 3.756422386009013025e-15
8.125365849036343910e-06 3.786622187790175372e-15
8.126619200091945026e-06 3.787247686625207867e-15
8.183006815867388940e-06 3.815220744531444590e-15
8.239785684528511741e-06 3.843648792341307878e-15
8.296958520834915102e-06 3.872539421981120543e-15
8.354528058382871747e-06 3.901900354194572714e-15
8.412497049736117495e-06 3.931739440751805317e-15
8.470868266557402259e-06 3.962064666696553729e-15
8.529644499741016815e-06 3.992884152632112855e-15
8.588828559546258094e-06 4.024206157046776799e-15
8.648423275731726255e-06 4.056039078679379498e-15
8.708431497690724595e-06 4.088391458925767766e-15
8.768856094587426870e-06 4.121271984286737656e-15
8.829699955494083082e-06 4.154689488858298734e-15
8.890965989529167165e-06 4.188652956864924958e-15
8.952657125996400501e-06 4.223171525236529759e-15
9.002298478266314744e-06 4.251118700693033809e-15
9.014776314524917239e-06 4.257474797933346992e-15
9.077326525210224130e-06 4.289235577664811054e-15
9.140310748756222539e-06 4.321516060414097525e-15
9.203731996618229962e-06 4.354324952607037004e-15
9.267593301146882451e-06 4.387671108775373473e-15
9.331897715733238134e-06 4.421563534100687682e-15
9.396648314954690500e-06 4.456011387002170147e-15
9.461848194721992990e-06 4.491023981769167533e-15
9.527500472427300024e-06 4.526610791239210811e-15
9.593608287093146548e-06 4.562781449522283286e-15
9.660174799522645609e-06 4.599545754772271969e-15
9.727203192450536350e-06 4.636913672006204997e-15
9.794696670695385670e-06 4.674895335972292709e-15
9.862658461312830035e-06 4.713501054067521031e-15
9.931091813749799848e-06 4.752741309305650702e-15
9.965662500728457717e-06 4.772593966637240368e-15
1.000000000000000082e-05 4.790437889097696343e-15
1.006938631476027116e-05 4.826549637504476758e-15
1.013925407558814327e-05 4.863255569120344433e-15
1.020960662306047607e-05 4.900565674613281317e-15
1.028044732093309699e-05 4.938490114999635828e-15
1.035177955630176194e-05 4.977039224574319861e-15
1.042360673976401146e-05 5.016223513891562320e-15
1.049593230558226690e-05 5.056053672797280967e-15
1.056875971184804981e-05 5.096540573513889865e-15
1.064209244064724650e-05 5.137695273778421185e-15
1.071593399822671096e-05 5.179529020035021631e-15
1.079028791516183512e-05 5.222053250682586284e-15
1.086515774652537261e-05 5.265279599378608260e-15
1.094054707205743495e-05 5.309219898400212109e-15
1.101645949633656847e-05 5.353886182063240266e-15
1.102354994099692209e-05 5.358037442395783445e-15
1.109289864895222712e-05 5.394783173215039590e-15
1.116986818467822625e-05 5.435895230218355819e-15
1.124737178364750747e-05 5.477687216693962615e-15
1.132541315152812671e-05 5.520170603409550524e-15
1.140399601970033156e-05 5.563357057132647078e-15
1.148312414543511069e-05 5.607258444006472889e-15
1.156280131207375302e-05 5.651886832984096920e-15
1.164303132920875528e-05 5.697254499322086871e-15
1.172381803286599682e-05 5.743373928134647833e-15
1.180516528568805612e-05 5.790257818009201371e-15
1.188707697711903513e-05 5.837919084684699570e-15
1.196955702359042875e-05 5.886370864793484183e-15
1.205260936870841401e-05 5.935626519667985415e-15
1.213623798344241821e-05 5.985699639213337140e-15
1.218552577554442922e-05 6.015295965842036127e-15
1.222044686631488650e-05 6.034275828369216911e-15
1.230524004359261647e-05 6.080371168309161473e-15
1.239062156947915659e-05 6.127232225036738401e-15
1.247659552630868525e-05 6.174871953658382420e-15
1.256316602474121465e-05 6.223303531042548443e-15
1.265033720395903801e-05 6.272540359643390590e-15
1.273811323186478452e-05 6.322596071390808858e-15
1.282649830528059917e-05 6.373484531647728830e-15
1.291549665014882683e-05 6.425219843235991779e-15
1.300511252173409911e-05 6.477816350531995844e-15
1.309535020482667473e-05 6.531288643633188752e-15
1.318621401394748424e-05 6.585651562596905398e-15
1.327770829355429101e-05 6.640920201752477187e-15
1.336983741824945150e-05 6.697109914088133286e-15
1.346091564284742845e-05 6.753178928980443834e-15
1.346260579298911035e-05 6.754120780842952353e-15
1.355601785329368979e-05 6.805853783302111058e-15
1.365007806546013744e-05 6.858449667138859191e-15
1.374479092677536677e-05 6.911923069838180911e-15
1.384016096573130180e-05 6.966288879858802621e-15
1.393619274224143468e-05 7.021562240965017531e-15
1.403289084785873161e-05 7.077758556633510370e-15
1.413025990599533632e-05 7.134893494536700829e-15
1.422830457214351858e-05 7.192982991103633601e-15
1.432702953409829478e-05 7.252043256160008529e-15
1.442643951218159013e-05 7.312090777648623286e-15
1.452653925946781202e-05 7.373142326431565717e-15
1.462733356201129868e-05 7.435214961175810858e-15
1.472882723907501804e-05 7.498326033323347567e-15
1.483102514336102853e-05 7.562493192147540265e-15
1.486147211032716794e-05 7.581576352318630518e-15
1.493393216124253386e-05 7.622690953332059959e-15
1.503755321299738461e-05 7.681776551669763526e-15
1.514189325304351951e-05 7.741851644316287022e-15
1.524695727017576197e-05 7.802933059882056821e-15
1.535275028780421074e-05 7.865037915984454315e-15
1.545927736419478539e-05 7.928183624241223407e-15
1.556654359271061883e-05 7.992387895349966382e-15
1.567455410205594862e-05 8.057668744256211518e-15
1.578331405652119409e-05 8.124044495410827074e-15
1.589282865622976477e-05 8.191533788118596044e-15
1.600310313738701696e-05 8.260155581979840214e-15
1.611414277253019959e-05 8.329929162425964420e-15
1.622595287078087002e-05 8.400874146351453249e-15
1.633853877809863804e-05 8.473010487843310994e-15
1.639863026392271808e-05 8.511591443159809635e-15
1.645190587753660725e-05 8.542559679418427063e-15
1.656605958949915094e-05 8.608990994773418746e-15
1.668100537200059254e-05 8.676538670469292384e-15
1.679674872092653225e-05 8.745221734544589241e-15
1.691329517029650513e-05 8.815059542263505604e-15
1.703065029252842484e-05 8.886071781774018137e-15
1.714881969870540916e-05 8.958278479864512717e-15
1.726780903884356100e-05 9.031700007819737168e-15
1.738762400216250392e-05 9.106357087378894131e-15
1.750827031735726955e-05 9.182270796796823850e-15
1.762975375287203833e-05 9.259462577010308990e-15
1.775208011717636033e-05 9.337954237911737109e-15
1.787525525904235524e-05 9.417767964731067420e-15
1.799928506782476860e-05 9.498926324529104258e-15
1.808562521880066203e-05 9.555689414525897534e-15
1.812417547374239337e-05 9.578637306043855728e-15
1.824993244816150412e-05 9.653385053671438886e-15
1.837656200388172051e-05 9.729392917436066750e-15
1.850407019542302264e-05 9.806682418929252856e-15
1.863246311931559903e-05 9.885275450311527088e-15
1.876174691439123267e-05 9.965194280724923471e-15
1.889192776207664550e-05 1.004646156281677151e-14
1.902301188668945850e-05 1.012910033937703299e-14
1.915500555573528338e-05 1.021313405009034235e-14
1.928791508020777557e-05 1.029858653840576241e-14
1.942174681489028298e-05 1.038548205852550667e-14
1.955650715865946999e-05 1.047384528251493634e-14
1.969220255479173340e-05 1.056370130753637854e-14
1.982883949127071257e-05 1.065507566320792690e-14
1.993700066367021847e-05 1.072786455936661718e-14
1.996642450109793374e-05 1.074579485023174657e-14
2.010496416260501278e-05 1.082995988591186778e-14
2.024446509976801623e-05 1.091554795144901681e-14
2.038493398252464128e-05 1.100258339565125830e-14
2.052637752709252056e-05 1.109109098705266967e-14
2.066880249629082024e-05 1.118109592118187864e-14
2.081221569986341357e-05 1.127262382795643043e-14
2.095662399480430758e-05 1.136570077920555310e-14
2.110203428568596656e-05 1.146035329632396058e-14
2.124845352498882828e-05 1.155660835805787351e-14
2.139588871343421495e-05 1.165449340842699869e-14
2.154434690031886725e-05 1.175403636478360150e-14
2.169383518385182289e-05 1.185526562601159327e-14
2.184436071149428344e-05 1.195821008086842295e-14
2.196869016754811232e-05 1.204382781938971069e-14
2.199593068030074845e-05 1.206081530004199213e-14
2.214855233726359179e-05 1.215564612441541554e-14
2.230223297965941006e-05 1.225208462363951712e-14
2.245697995539771554e-05 1.235015835226149599e-14
2.261280066337279372e-05 1.244989534030829145e-14
2.276970255381680078e-05 1.255132410152508492e-14
2.292769312865648647e-05 1.265447364175763815e-14
2.308677994187171946e-05 1.275937346747984486e-14
2.324697059985645546e-05 1.286605359446936426e-14
2.326174823827772628e-05 1.352121736254186813e-14
2.326174823827772628e-05 3.700000000000000164e-03
