# Polarisation haloscope (scanning) https://arxiv.org/abs/2209.12901
# data direct from author
# m_a [eV]	1/fa [GeV^-1]
4.706224849841281142e-07 3.700000000000000164e-03
4.706224849841281142e-07 2.899984684266807140e-14
4.738879609717650886e-07 2.921670055055694520e-14
4.771760948938750944e-07 2.943683410814063826e-14
4.804870439655133784e-07 2.966029863997415044e-14
4.838209664925956740e-07 2.988714609680599570e-14
4.871780218794630529e-07 3.011742926947813944e-14
4.905583706365045857e-07 3.035120180306985803e-14
4.911662014394170359e-07 3.039307126420186094e-14
4.939621743878326255e-07 3.056716279127660156e-14
4.973895958790067955e-07 3.078175493110257550e-14
5.008407989848212921e-07 3.099960321389177358e-14
5.043159487171359161e-07 3.122075859728415460e-14
5.078152112327670320e-07 3.144527286620966392e-14
5.113387538414331605e-07 3.167319864687540623e-14
5.148867450137498046e-07 3.190458942099895559e-14
5.184593543892912977e-07 3.213949954029329948e-14
5.220567527846975439e-07 3.237798424120676789e-14
5.256791122018419569e-07 3.262009965992348852e-14
5.293266058360566796e-07 3.286590284762905698e-14
5.329994080844093658e-07 3.311545178604562508e-14
5.366976945540476201e-07 3.336880540324269914e-14
5.404216420705915059e-07 3.362602358972716990e-14
5.441714286865887343e-07 3.388716721481873957e-14
5.475118124382943587e-07 3.412132164633706416e-14
5.479472336900292506e-07 3.414891351074216027e-14
5.517492376129128676e-07 3.438868267085518008e-14
5.555776222398877301e-07 3.463211639468122589e-14
5.594325706169378030e-07 3.487927253924125505e-14
5.633142670601351570e-07 3.513020991032623439e-14
5.672228971644549341e-07 3.538498827870860417e-14
5.711586478126434652e-07 3.564366839664163208e-14
5.751217071841613499e-07 3.590631201465379490e-14
5.791122647641758759e-07 3.617298189864157047e-14
5.831305113526219420e-07 3.644374184726761981e-14
5.871766390733261913e-07 3.671865670966959110e-14
5.912508413831881072e-07 3.699779240348472677e-14
5.953533130814370245e-07 3.728121593319772057e-14
5.994842503189409159e-07 3.756899540881562369e-14
6.036438506075864348e-07 3.786120006487774547e-14
6.078323128297236501e-07 3.815790027980581184e-14
6.099339925445385674e-07 3.830690820193947864e-14
6.120498372476703913e-07 3.844253104357947541e-14
6.162966255132942029e-07 3.871501338386767432e-14
6.205728806776500970e-07 3.899169443394253662e-14
6.248788072006888211e-07 3.927264113657059494e-14
6.292146109610350070e-07 3.955792154434487172e-14
6.335804992658254581e-07 3.984760483886240972e-14
6.379766808606282228e-07 4.014176135024766433e-14
6.424033659394190549e-07 4.044046257702667394e-14
6.468607661546320942e-07 4.074378120635973288e-14
6.513490946272808518e-07 4.105179113463887153e-14
6.558685659571435694e-07 4.136456748845641655e-14
6.604193962330305293e-07 4.168218664595316366e-14
6.650018030431118211e-07 4.200472625855121156e-14
6.696160054853215532e-07 4.233226527308011563e-14
6.742622241778348036e-07 4.266488395430334752e-14
6.789406812696112741e-07 4.300266390785198363e-14
6.789862248133982032e-07 4.300593134115443958e-14
6.836516004510237539e-07 4.330856473852880296e-14
6.883952069645495809e-07 4.361885492762552619e-14
6.931717276155400310e-07 4.393396788813595229e-14
6.979813907830666803e-07 4.425398129831132674e-14
7.028244264308353190e-07 4.457897413859322388e-14
7.077010661181889092e-07 4.490902671436917374e-14
7.126115430111744941e-07 4.524422067914119127e-14
7.175560918936920574e-07 4.558463905811633356e-14
7.225349491787221566e-07 4.593036627222668139e-14
7.275483529196233307e-07 4.628148816258637487e-14
7.325965428215229999e-07 4.663809201539553578e-14
7.376797602527730560e-07 4.700026658729751344e-14
7.427982482564910045e-07 4.736810213119929924e-14
7.479522515621828447e-07 4.774169042256356647e-14
7.531420165974375239e-07 4.812112478618077291e-14
7.553341778999962095e-07 4.828137318653285937e-14
7.583677914997190131e-07 4.848190173309907050e-14
7.636298261282241323e-07 4.883054700986897295e-14
7.689283720758305860e-07 4.918465749893216873e-14
7.742636826811277952e-07 4.954432209547325503e-14
7.796360130405236458e-07 4.990963120066239289e-14
7.850456200204509740e-07 5.028067674824674184e-14
7.904927622696420267e-07 5.065755223162869104e-14
7.959777002314977897e-07 5.104035273144222142e-14
8.015006961565413838e-07 5.142917494363569124e-14
8.070620141149507638e-07 5.182411720807080811e-14
8.126619200091945450e-07 5.222527953764880615e-14
8.183006815867389787e-07 5.263276364797172963e-14
8.239785684528511741e-07 5.304667298755070015e-14
8.296958520834914679e-07 5.346711276857118898e-14
8.354528058382870053e-07 5.389418999822496930e-14
8.396097282625019738e-07 5.420394173736965282e-14
8.412497049736118343e-07 5.431445686586933972e-14
8.470868266557402682e-07 5.470698660535635386e-14
8.529644499741016815e-07 5.510572438116517399e-14
8.588828559546259365e-07 5.551077219344133603e-14
8.648423275731726679e-07 5.592223378867679631e-14
8.708431497690723748e-07 5.634021469086142390e-14
8.768856094587426870e-07 5.676482223321029201e-14
8.829699955494081811e-07 5.719616559047964270e-14
8.890965989529167589e-07 5.763435581188199451e-14
8.952657125996400925e-07 5.807950585461170226e-14
9.014776314524918087e-07 5.853173061799381798e-14
9.077326525210223283e-07 5.899114697826638810e-14
9.140310748756223386e-07 5.945787382400986285e-14
9.203731996618231444e-07 5.993203209223528643e-14
9.267593301146882874e-07 6.041374480514372587e-14
9.325402200119689612e-07 6.085301858580252949e-14
9.331897715733238557e-07 6.089766093053833232e-14
9.396648314954690500e-07 6.134053388840778576e-14
9.461848194721991931e-07 6.179047607954580278e-14
9.527500472427299601e-07 6.224760485340601140e-14
9.593608287093147819e-07 6.271203958989425378e-14
9.660174799522646456e-07 6.318390173595132280e-14
9.727203192450537620e-07 6.366331484281786776e-14
9.794696670695385247e-07 6.415040460399658987e-14
9.862658461312830882e-07 6.464529889392471563e-14
9.931091813749800272e-07 6.514812780736940745e-14
9.999999999999997430e-07 6.565902369956265892e-14
1.006938631476027116e-06 6.617812122708645348e-14
1.013925407558814200e-06 6.670555738952542803e-14
1.020960662306047480e-06 6.724147157190088751e-14
1.028044732093309572e-06 6.778600558790039504e-14
1.034903825665194284e-06 6.831772288713494948e-14
1.035177955630176236e-06 6.833694570379995543e-14
1.042360673976401061e-06 6.883772525166092862e-14
1.049593230558226563e-06 6.934657512226326139e-14
1.056875971184804981e-06 6.986363068702851194e-14
1.064209244064724734e-06 7.038902968434230843e-14
1.071593399822671139e-06 7.092291226261638513e-14
1.079028791516183681e-06 7.146542102416039383e-14
1.086515774652537176e-06 7.201670106988161518e-14
1.094054707205743622e-06 7.257690004482781733e-14
1.101645949633656974e-06 7.314616818458860968e-14
1.109289864895222755e-06 7.372465836257496927e-14
1.116986818467822540e-06 7.431252613819012955e-14
1.124737178364750789e-06 7.490992980591181163e-14
1.132541315152812586e-06 7.551703044530278717e-14
1.140399601970032987e-06 7.613399197196714030e-14
1.147529941563651620e-06 7.669810584502869577e-14
1.148312414543511196e-06 7.675411114412739847e-14
1.156280131207375345e-06 7.732167589285969508e-14
1.164303132920875528e-06 7.789847772377571947e-14
1.172381803286599682e-06 7.848467321829902499e-14
1.180516528568805485e-06 7.908042172419026085e-14
1.188707697711903258e-06 7.968588540635110185e-14
1.196955702359042833e-06 8.030122929859104275e-14
1.205260936870841443e-06 8.092662135637894357e-14
1.213623798344241863e-06 8.156223251059738739e-14
1.222044686631488693e-06 8.220823672231861945e-14
1.230524004359261563e-06 8.286481103862479911e-14
1.239062156947915701e-06 8.353213564948923834e-14
1.247659552630868398e-06 8.421039394574212815e-14
1.256316602474121423e-06 8.489977257814131411e-14
1.265033720395903716e-06 8.560046151756812634e-14
1.271298654310802643e-06 8.610649172153522976e-14
1.273811323186478410e-06 8.629012787793294442e-14
1.282649830528059960e-06 8.693492509363929625e-14
1.291549665014882683e-06 8.759032273810242749e-14
1.300511252173409911e-06 8.825650241149197995e-14
1.309535020482667643e-06 8.893364895517895430e-14
1.318621401394748467e-06 8.962195051180308823e-14
1.327770829355428974e-06 9.032159858648797043e-14
1.336983741824945150e-06 9.103278810922875535e-14
1.346260579298911120e-06 9.175571749847512202e-14
1.355601785329368979e-06 9.249058872593164101e-14
1.365007806546013744e-06 9.323760738260259781e-14
1.374479092677536677e-06 9.399698274610161892e-14
1.384016096573130180e-06 9.476892784925408335e-14
1.393619274224143468e-06 9.555365955001681810e-14
1.403289084785873119e-06 9.635139860273975334e-14
1.407138955005016983e-06 9.666898334584308940e-14
1.413025990599533632e-06 9.710846009630974519e-14
1.422830457214351858e-06 9.784281088937534194e-14
1.432702953409829350e-06 9.858935917044976397e-14
1.442643951218158886e-06 9.934831611540886209e-14
1.452653925946781160e-06 1.001198967069509910e-13
1.462733356201129952e-06 1.009043198057643040e-13
1.472882723907501804e-06 1.017018082230633214e-13
1.483102514336102938e-06 1.025125887945249245e-13
1.493393216124253301e-06 1.033368924556511162e-13
1.503755321299738207e-06 1.041749543185847114e-13
1.514189325304352035e-06 1.050270137504103572e-13
1.524695727017573021e-06 1.058933144529662040e-13
1.535275028780420990e-06 1.067741045441984866e-13
1.545927736419478581e-06 1.076696366410895615e-13
1.556039132678819063e-06 1.085271523004313531e-13
1.556654359271061967e-06 1.085743752144652031e-13
1.567455410205595074e-06 1.093990113191394104e-13
1.578331405652116359e-06 1.102374785007475769e-13
1.589282865622976392e-06 1.110900185716654791e-13
1.600310313738701654e-06 1.119568777430579978e-13
1.611414277253019705e-06 1.128383067077531591e-13
1.622595287078087214e-06 1.137345607247255776e-13
1.633853877809860288e-06 1.146458997052168688e-13
1.645190587753660894e-06 1.155725883005285852e-13
1.656605958949915221e-06 1.165148959915202651e-13
1.668100537200058916e-06 1.174730971798445292e-13
1.679674872092653225e-06 1.184474712809585769e-13
1.691329517029647040e-06 1.194383028189406479e-13
1.703065029252842653e-06 1.204458815231529229e-13
1.714881969870540874e-06 1.214705024267851441e-13
1.719144833212887844e-06 1.218399364385944962e-13
1.726780903884355973e-06 1.224389823403196436e-13
1.738762400216250434e-06 1.233828164349780528e-13
1.750827031735723651e-06 1.243426482600558670e-13
1.762975375287203917e-06 1.253187604217570349e-13
1.775208011717636287e-06 1.263114407157958885e-13
1.787525525904235609e-06 1.273209822259487910e-13
1.799928506782476521e-06 1.283476834245320698e-13
1.812417547374235695e-06 1.293918482748387733e-13
1.824993244816150497e-06 1.304537863355780232e-13
1.837656200388172474e-06 1.315338128673545507e-13
1.850407019542302094e-06 1.326322489412283773e-13
1.863246311931560030e-06 1.337494215494010113e-13
1.876174691439119582e-06 1.348856637180627956e-13
1.889192776207664423e-06 1.360413146224516410e-13
1.897544587105649890e-06 1.367857701662161810e-13
1.902301188668945808e-06 1.371696322028002613e-13
1.915500555573527830e-06 1.382345163250699420e-13
1.928791508020777896e-06 1.393176287610458000e-13
1.942174681489024486e-06 1.404192946004363761e-13
1.955650715865946999e-06 1.415398449534669679e-13
1.969220255479173340e-06 1.426796170660236601e-13
1.982883949127071257e-06 1.438389544370540033e-13
1.996642450109793374e-06 1.450182069382771478e-13
2.010496416260497127e-06 1.462177309362404931e-13
2.024446509976801877e-06 1.474378894167767954e-13
2.038493398252464128e-06 1.486790521119068716e-13
2.052637752709252226e-06 1.499415956292358852e-13
2.066880249629081940e-06 1.512259035838981455e-13
2.081221569986337122e-06 1.525323667330940665e-13
2.092482646044732045e-06 1.535649760404674959e-13
2.095662399480430927e-06 1.538289963319590463e-13
2.110203428568596572e-06 1.550332484701850987e-13
2.124845352498883082e-06 1.562583186139829078e-13
2.139588871343421664e-06 1.575045815176927456e-13
2.154434690031882236e-06 1.587724189328808505e-13
2.169383518385181950e-06 1.600622197430605873e-13
2.184436071149428344e-06 1.613743801010703910e-13
2.199593068030074676e-06 1.627093035691605187e-13
2.214855233726359433e-06 1.640674012618497520e-13
2.230223297965936432e-06 1.654490919915982691e-13
2.245697995539771724e-06 1.668548024173609576e-13
2.261280066337279372e-06 1.682849671960753654e-13
2.276970255381679569e-06 1.697400291371428552e-13
2.292769312865648139e-06 1.712204393599680650e-13
2.305298100361739892e-06 1.724024497405927249e-13
2.308677994187167203e-06 1.726912330491263123e-13
2.324697059985645631e-06 1.740562799732195539e-13
2.340827276178294449e-06 1.754451568522739254e-13
2.357069413996727979e-06 1.768582965819961501e-13
2.373424250023866098e-06 1.782961402044993996e-13
2.389892566231047836e-06 1.797591370661416890e-13
2.406475150015421527e-06 1.812477449784947742e-13
2.423172794237600507e-06 1.827624303825049204e-13
2.439986297259550047e-06 1.843036685159072603e-13
2.456916462982790237e-06 1.858719435839666211e-13
2.473964100886811470e-06 1.874677489336022496e-13
2.491130026067785540e-06 1.890915872309722160e-13
2.508415059277541020e-06 1.907439706425843665e-13
2.525820026962784695e-06 1.924254210200032701e-13
2.537411596147436435e-06 1.935506743980815640e-13
2.543345761304648260e-06 1.940724633938761468e-13
2.560993100258456944e-06 1.956234026750136953e-13
2.578762887593798400e-06 1.972016808841691192e-13
2.596655972934872394e-06 1.988077990719967340e-13
2.614673211801092052e-06 2.004422677889936148e-13
2.632815465648020122e-06 2.021056072706651929e-13
2.651083601908536042e-06 2.037983476263723972e-13
2.669478494034318111e-06 2.055210290319436685e-13
2.688001021537607292e-06 2.072742019261224544e-13
2.706652070033241224e-06 2.090584272109291190e-13
2.725432531281028316e-06 2.108742764560212555e-13
2.744343303228361975e-06 2.127223321071238380e-13
2.763385290053166867e-06 2.146031876986207484e-13
2.782559402207126400e-06 2.165174480703864617e-13
2.790324463240341897e-06 2.172931046880111071e-13
2.801866556459195231e-06 2.183376032730788464e-13
2.821307675939470909e-06 2.201038700448593906e-13
2.840883690183301004e-06 2.219015703069671607e-13
2.860595535175739201e-06 2.237312851022135143e-13
2.880444153396297871e-06 2.255936065687218562e-13
2.900430493863991580e-06 2.274891381573994996e-13
2.920555512182745261e-06 2.294184948537627531e-13
2.940820170587060722e-06 2.313823034041930319e-13
2.961225437988031288e-06 2.333812025467224453e-13
2.981772290019672810e-06 2.354158432464373882e-13
3.002461709085549016e-06 2.374868889355918969e-13
3.023294684405776334e-06 2.395950157585337387e-13
3.044272212064305695e-06 2.417409128215314347e-13
3.065395295056523666e-06 2.439252824476055143e-13
3.065615978322570124e-06 2.439479660393410721e-13
3.086664943337274561e-06 2.459083629163723707e-13
3.108082173869063814e-06 2.479245211660632030e-13
3.129648010670750519e-06 2.499768980186134335e-13
3.151363484866482632e-06 2.520661685108396030e-13
3.173229634734973124e-06 2.541930206572428452e-13
3.195247505759213607e-06 2.563581557057223525e-13
3.217418150676371353e-06 2.585622883984062641e-13
3.239742629528195378e-06 2.608061472377348783e-13
3.262222009711673251e-06 2.630904747578782311e-13
3.284857366030040257e-06 2.654160278016059779e-13
3.307649780744242585e-06 2.677835778027305965e-13
3.330600343624588548e-06 2.701939110742094875e-13
3.353710152002929200e-06 2.726478291020583914e-13
3.365217618890742119e-06 2.738725198858779783e-13
3.376980310825094755e-06 2.750069863677127121e-13
3.400411932703702440e-06 2.772726202943024173e-13
3.424006137971425541e-06 2.795793022337184009e-13
3.447764054734464061e-06 2.819143470689866193e-13
3.471686818926559579e-06 2.838239054881083730e-13
3.495775574363278209e-06 2.857617518251252880e-13
3.520031472796675139e-06 2.877283271117942437e-13
3.544455673970435632e-06 2.897240795256462236e-13
3.569049345675229049e-06 2.917494645089028683e-13
3.593813663804625307e-06 2.938049448894210449e-13
3.618749812411284082e-06 2.958909910036770954e-13
3.643858983763540840e-06 2.980080808218365045e-13
3.669142378402493899e-06 3.001567000749509431e-13
3.694601205199302392e-06 3.023373423842978320e-13
3.720236681413065725e-06 3.045505093929265458e-13
3.746050032748996951e-06 3.067967108994276138e-13
3.753777696657383058e-06 3.074678521260752798e-13
3.772042493416993404e-06 3.089007006551321208e-13
3.798215306190736308e-06 3.109617139462229120e-13
3.824569722466998750e-06 3.130535593317948570e-13
3.851107002325569028e-06 3.151767211977395140e-13
3.877828414589461564e-06 3.173316918211675756e-13
3.904735236885555569e-06 3.195189715022193216e-13
3.931828755705770305e-06 3.217390686981222530e-13
3.959110266468458876e-06 3.239925001595087807e-13
3.986581073580438997e-06 3.262797910690657619e-13
4.014242490499326145e-06 3.286014751825305758e-13
4.042095839796309714e-06 3.309580949720813985e-13
4.070142453219439079e-06 3.333502017721726688e-13
4.098383671757261184e-06 3.357783559278405854e-13
4.126820845702951947e-06 3.382431269455344727e-13
4.155455334718879651e-06 3.407450936465115287e-13
4.184288507901584231e-06 3.432848443228375654e-13
4.205757876954660037e-06 3.451842489725337672e-13
4.213321743847289341e-06 3.457888160043202768e-13
4.242556430717776958e-06 3.481199795454860775e-13
4.271993966306776970e-06 3.504864226924748803e-13
4.301635758106799779e-06 3.528887046392978303e-13
4.331483223376402566e-06 3.553273937470117409e-13
4.361537789208005296e-06 3.578030676974837104e-13
4.391800892596086187e-06 3.603163136497672335e-13
4.422273980505897255e-06 3.628677283991438804e-13
4.452958509942660131e-06 3.654579185388739121e-13
4.483855948021190477e-06 3.680875006246973307e-13
4.514967772036101769e-06 3.707571013421462544e-13
4.546295469532399562e-06 3.734673576766983524e-13
4.577840538376616169e-06 3.762189170868356105e-13
4.609604486828438302e-06 3.790124376800507854e-13
4.641588833612781958e-06 3.818485883918503704e-13
4.673795107992463609e-06 3.847280491678186431e-13
4.704865061356613410e-06 3.875272322449960736e-13
4.706224849841281354e-06 3.876379318720022779e-13
4.738879609717651733e-06 3.902817823328031481e-13
4.771760948938750521e-06 3.929660880644366207e-13
4.804870439655133784e-06 3.956914956244760431e-13
4.838209664925956952e-06 3.984586622308277202e-13
4.871780218794630952e-06 4.012682559412137083e-13
4.905583706365045857e-06 4.041209558357208935e-13
4.939621743878325620e-06 4.070174522024660316e-13
4.973895958790067320e-06 4.099584467264265319e-13
5.008407989848212285e-06 4.129446526815026168e-13
5.043159487171357678e-06 4.159767951258507423e-13
5.078152112327670320e-06 4.190556111005577000e-13
5.113387538414331605e-06 4.221818498317065421e-13
5.148867450137498258e-06 4.253562729358912814e-13
5.184593543892912765e-06 4.285796546292512984e-13
5.220567527846976286e-06 4.318527819400671084e-13
5.255586219523285317e-06 4.350643349992967393e-13
5.256791122018419569e-06 4.351642041933221774e-13
5.293266058360566796e-06 4.381704648553254604e-13
5.329994080844093235e-06 4.412232092209327105e-13
5.366976945540475778e-06 4.443231859323359175e-13
5.404216420705915271e-06 4.474711560404810394e-13
5.441714286865887343e-06 4.506678932147117388e-13
5.479472336900292930e-06 4.539141839559989144e-13
5.517492376129128888e-06 4.572108278138123726e-13
5.555776222398877724e-06 4.605586376067126902e-13
5.594325706169377607e-06 4.639584396467077498e-13
5.633142670601352205e-06 4.674110739674505343e-13
5.672228971644549552e-06 4.709173945563462904e-13
5.711586478126434863e-06 4.744782695906240383e-13
5.751217071841613499e-06 4.780945816774597730e-13
5.791122647641757912e-06 4.817672280982019445e-13
5.831305113526218997e-06 4.854971210567812066e-13
5.862764318452110145e-06 4.884327083076242107e-13
5.871766390733261702e-06 4.891920421416091224e-13
5.912508413831880860e-06 4.926188650136953789e-13
5.953533130814370033e-06 4.960991990267340801e-13
5.994842503189407889e-06 4.996339121708509800e-13
6.036438506075863713e-06 5.032238868927409568e-13
6.078323128297236501e-06 5.068700203406730140e-13
6.120498372476702219e-06 5.105732246136881334e-13
6.162966255132942029e-06 5.143344270150797464e-13
6.205728806776500758e-06 5.181545703102062008e-13
6.248788072006888211e-06 5.220346129887304410e-13
6.292146109610350494e-06 5.259755295313528378e-13
6.335804992658255428e-06 5.299783106811139089e-13
6.379766808606281805e-06 5.340439637193590172e-13
6.424033659394191396e-06 5.381735127464260367e-13
6.468607661546320942e-06 5.423679989671505983e-13
6.513490946272809365e-06 5.466284809812715120e-13
6.531606642595964356e-06 5.483476611455782260e-13
6.558685659571435694e-06 5.506710323109176045e-13
6.604193962330304023e-06 5.545864564153886008e-13
6.650018030431117999e-06 5.585635897297638373e-13
6.696160054853215108e-06 5.626034398400221714e-13
6.742622241778348883e-06 5.667070311878756445e-13
6.789406812696113165e-06 5.708754053572383241e-13
6.836516004510238809e-06 5.751096213656249090e-13
6.883952069645496021e-06 5.794107559605390744e-13
6.931717276155400522e-06 5.837799039209590954e-13
6.979813907830666803e-06 5.882181783639981973e-13
7.028244264308352554e-06 5.927267110568256596e-13
7.077010661181889092e-06 5.973066527339584363e-13
7.126115430111745365e-06 6.019591734199897307e-13
7.175560918936920362e-06 6.066854627578676174e-13
7.225349491787221566e-06 6.114867303428149914e-13
7.267852321384628830e-06 6.156122478481672104e-13
7.275483529196232884e-06 6.162820436965490507e-13
7.325965428215229576e-06 6.206955794680894273e-13
7.376797602527730984e-06 6.251792429960833715e-13
7.427982482564910469e-06 6.297341858765442273e-13
7.479522515621828658e-06 6.343615790432914846e-13
7.531420165974376510e-06 6.390626130973951484e-13
7.583677914997190766e-06 6.438384986423006125e-13
7.636298261282241959e-06 6.486904666246983601e-13
7.689283720758305013e-06 6.536197686812633950e-13
7.742636826811276894e-06 6.586276774913589150e-13
7.796360130405236247e-06 6.637154871357957119e-13
7.850456200204509316e-06 6.688845134617789664e-13
7.904927622696420267e-06 6.741360944541181700e-13
7.959777002314978321e-06 6.794715906128286119e-13
8.015006961565413626e-06 6.848923853372311620e-13
8.070620141149507638e-06 6.903998853166523326e-13
8.078004195910567687e-06 6.911280316376875765e-13
8.126619200091945026e-06 6.954636769684112178e-13
8.183006815867388940e-06 7.005277091296821160e-13
8.239785684528511741e-06 7.056728597427640720e-13
8.296958520834915102e-06 7.109004683781822117e-13
8.354528058382871747e-06 7.162118971837042884e-13
8.412497049736117495e-06 7.216085312698868196e-13
8.470868266557402259e-06 7.270917791022467472e-13
8.529644499741016815e-06 7.326630729001883716e-13
8.588828559546258094e-06 7.383238690428048117e-13
8.648423275731726255e-06 7.440756484816573874e-13
8.708431497690724595e-06 7.499199171606803469e-13
8.768856094587426870e-06 7.558582064433013118e-13
8.829699955494083082e-06 7.618920735469296067e-13
8.890965989529167165e-06 7.680231019849271803e-13
8.952657125996400501e-06 7.742529020161853081e-13
8.969075635065217351e-06 7.759071684895952775e-13
9.014776314524917239e-06 7.800721964018594378e-13
9.077326525210224130e-06 7.858016592250668423e-13
9.140310748756222539e-06 7.916235514013309398e-13
9.203731996618229962e-06 7.975394066825525666e-13
9.267593301146882451e-06 8.035507847520450109e-13
9.331897715733238134e-06 8.096592716682387631e-13
9.396648314954690500e-06 8.158664803160150672e-13
9.461848194721992990e-06 8.221740508658312475e-13
9.527500472427300024e-06 8.285836512407596866e-13
9.593608287093144854e-06 8.350969775915715171e-13
9.660174799522645609e-06 8.417157547800313344e-13
9.727203192450536350e-06 8.484417368705037005e-13
9.794696670695385670e-06 8.552767076300537994e-13
9.862658461312830035e-06 8.622224810371664425e-13
9.931091813749799848e-06 8.692809017992329653e-13
9.948634601098495925e-06 8.710859732992954318e-13
1.000000000000000251e-05 8.758673277715144378e-13
1.006938631476027116e-05 8.823602327279056076e-13
1.013925407558814327e-05 8.889585750747646934e-13
1.020960662306047607e-05 8.956641122143359154e-13
1.028044732093309699e-05 9.024786313470048246e-13
1.035177955630176194e-05 9.094039499820822305e-13
1.042360673976401146e-05 9.164419164573820719e-13
1.049593230558226690e-05 9.235944104677798318e-13
1.056875971184805150e-05 9.308633436028897302e-13
1.064209244064724650e-05 9.382506598940146799e-13
1.071593399822671096e-05 9.457583363705570202e-13
1.079028791516183681e-05 9.533883836260152346e-13
1.086515774652537261e-05 9.611428463937612331e-13
1.094054707205743495e-05 9.690238041327579359e-13
1.101645949633656847e-05 9.770333716233817507e-13
1.102509339282140202e-05 9.779401501804181253e-13
1.109289864895222712e-05 9.843833291544740277e-13
1.116986818467822625e-05 9.917526291887022583e-13
1.124737178364750747e-05 9.992423318372887676e-13
1.132541315152812671e-05 1.006854452151236704e-12
1.140399601970032987e-05 1.014591039437901427e-12
1.148312414543511069e-05 1.022454177849154288e-12
1.156280131207375302e-05 1.030445986979689281e-12
1.164303132920875528e-05 1.038568622475668025e-12
1.172381803286599682e-05 1.046824276653888687e-12
1.180516528568805612e-05 1.055215179131636158e-12
1.188707697711903343e-05 1.063743597467439867e-12
1.196955702359043044e-05 1.072411837812880988e-12
1.205260936870841401e-05 1.081222245575671818e-12
1.213623798344241821e-05 1.090177206094201570e-12
1.220787435779743121e-05 1.097901891029878432e-12
1.222044686631488650e-05 1.099128660272156857e-12
1.230524004359261647e-05 1.107369197169155197e-12
1.239062156947915659e-05 1.115745086019761463e-12
1.247659552630868525e-05 1.124258600018892370e-12
1.256316602474121465e-05 1.132912051092720976e-12
1.265033720395903801e-05 1.141707790564574846e-12
1.273811323186478452e-05 1.150648209832369310e-12
1.282649830528059917e-05 1.159735741057727672e-12
1.291549665014882683e-05 1.168972857867030912e-12
1.300511252173409741e-05 1.178362076064589552e-12
1.309535020482667643e-05 1.187905954358136180e-12
1.318621401394748594e-05 1.197607095096888661e-12
1.327770829355429101e-05 1.207468145022353065e-12
1.336983741824945150e-05 1.217491796032127414e-12
1.346260579298911035e-05 1.227680785956913475e-12
1.350715395750800863e-05 1.232579071535827832e-12
1.355601785329368979e-05 1.237441443061874236e-12
1.365007806546013913e-05 1.246819167437367217e-12
1.374479092677536677e-05 1.256351733684100306e-12
1.384016096573130350e-05 1.266041751305627580e-12
1.393619274224143468e-05 1.275891874364090768e-12
1.403289084785873161e-05 1.285904802247343043e-12
1.413025990599533632e-05 1.296083280449368475e-12
1.422830457214351858e-05 1.306430101364183777e-12
1.432702953409829478e-05 1.316948105093490104e-12
1.442643951218159013e-05 1.327640180268300281e-12
1.452653925946781202e-05 1.338509264884774729e-12
1.462733356201129868e-05 1.349558347154552021e-12
1.472882723907501804e-05 1.360790466369765945e-12
1.483102514336102853e-05 1.372208713783053793e-12
1.493358810420321389e-05 1.383776801917156624e-12
1.493393216124253386e-05 1.383811925028881890e-12
1.503755321299738461e-05 1.394322594506940481e-12
1.514189325304351951e-05 1.405007601178731682e-12
1.524695727017576197e-05 1.415869891778298328e-12
1.535275028780421074e-05 1.426912463450289194e-12
1.545927736419478539e-05 1.438138364618874467e-12
1.556654359271061883e-05 1.449550695871624380e-12
1.567455410205594862e-05 1.461152610858776308e-12
1.578331405652119747e-05 1.472947317208023223e-12
1.589282865622976477e-05 1.484938077455145801e-12
1.600310313738701696e-05 1.497128209990812923e-12
1.611414277253019959e-05 1.509521090023694360e-12
1.622595287078087002e-05 1.522120150560337182e-12
1.633853877809863804e-05 1.534928883401972729e-12
1.645190587753660725e-05 1.547950840158575616e-12
1.650038915565250777e-05 1.553521621244245556e-12
1.656605958949915094e-05 1.560351791502302622e-12
1.668100537200059254e-05 1.572340470740493025e-12
1.679674872092653225e-05 1.584528895628233217e-12
1.691329517029650513e-05 1.596920452155461305e-12
1.703065029252842484e-05 1.609518584342488816e-12
1.714881969870540916e-05 1.622326795241372901e-12
1.726780903884356100e-05 1.635348647954550086e-12
1.738762400216250392e-05 1.648587766671208152e-12
1.750827031735726616e-05 1.662047837721568824e-12
1.762975375287203833e-05 1.675732610649433859e-12
1.775208011717636033e-05 1.689645899303378448e-12
1.787525525904235524e-05 1.703791582946758934e-12
1.799928506782476521e-05 1.718173607387057293e-12
1.812417547374239337e-05 1.732795986124739686e-12
1.822006924451217465e-05 1.744088659623182483e-12
1.824993244816150412e-05 1.747272274565354541e-12
1.837656200388172389e-05 1.760736101377355481e-12
1.850407019542302264e-05 1.774425117468107090e-12
1.863246311931559903e-05 1.788343149583813680e-12
1.876174691439123267e-05 1.802494090156248667e-12
1.889192776207664550e-05 1.816881898437234200e-12
1.902301188668945850e-05 1.831510601652857195e-12
1.915500555573527999e-05 1.846384296177592849e-12
1.928791508020777896e-05 1.861507148728888135e-12
1.942174681489027959e-05 1.876883397582396557e-12
1.955650715865946999e-05 1.892517353808283987e-12
1.969220255479173340e-05 1.908413402529039986e-12
1.982883949127071257e-05 1.924576004198986467e-12
1.996642450109793374e-05 1.941009695906092766e-12
2.010496416260501278e-05 1.957719092696295436e-12
2.010757588029085771e-05 1.958032132304621461e-12
2.024446509976801623e-05 1.972886710844816247e-12
2.038493398252464128e-05 1.988274139871952861e-12
2.052637752709252056e-05 2.003919910294328306e-12
2.066880249629082024e-05 2.019828422867630352e-12
2.081221569986341357e-05 2.036004153999734292e-12
2.095662399480430758e-05 2.052451657058532850e-12
2.110203428568596656e-05 2.069175563702517589e-12
2.124845352498882828e-05 2.086180585234331540e-12
2.139588871343421495e-05 2.103471513977917489e-12
2.154434690031887064e-05 2.121053224679486878e-12
2.169383518385182289e-05 2.138930675932791181e-12
2.184436071149428344e-05 2.157108911629207888e-12
2.199593068030074845e-05 2.175593062432847084e-12
2.214855233726359179e-05 2.194388347281381413e-12
2.217976479060578291e-05 2.198219574437064874e-12
2.230223297965941006e-05 2.211830458116396069e-12
2.245697995539771554e-05 2.229140628555628480e-12
2.261280066337279372e-05 2.246742368689867172e-12
2.276970255381680078e-05 2.264640655563441007e-12
2.292769312865648647e-05 2.282840551889165317e-12
2.308677994187171946e-05 2.301347207530483147e-12
2.324697059985645546e-05 2.320165861009325451e-12
2.324697059985645546e-05 3.700000000000000164e-03
