# ADMX 2025 rescaled to fixed polarisation scenario 
#  m_X [eV]	chi
4.509005858970171438e-06 8.468155004976335221e+00
4.509005858970171438e-06 4.012129837463899759e-15
4.511287148645969219e-06 5.312360867056023212e-15
4.513569592519119486e-06 4.225084844975611114e-15
4.515853191173559978e-06 5.260555323385497240e-15
4.516995423726338516e-06 5.793015911741476276e-15
4.520423855163655007e-06 5.255236302082431519e-15
4.523854888804643868e-06 4.602706091830777458e-15
4.524999145293791316e-06 5.732172315035016544e-15
4.527288526624404667e-06 4.805813377879168037e-15
4.528433651612311556e-06 5.481590187092759592e-15
4.529579066246267933e-06 4.637465562718783086e-15
4.531870764745400012e-06 5.774001007811213284e-15
4.534163622708113721e-06 5.379279599305180179e-15
4.536457640721047140e-06 5.768162834372018322e-15
4.537605084929742955e-06 4.588758621682030022e-15
4.538752819371100079e-06 8.412654764794305962e+00
4.625665460816450071e-06 8.254587551899271958e+00
4.626835469105899579e-06 4.870657054336126891e-15
4.627420584223443130e-06 5.704689759742894509e-15
4.629176373579627428e-06 6.226351133973124461e-15
4.635033817644979851e-06 3.937490369109010740e-15
4.639725108806647943e-06 4.607650805765382523e-15
4.639725108806647943e-06 5.350105207841340264e-15
4.643246692941965265e-06 4.644796422251285088e-15
4.644421148199639745e-06 5.535916254798947081e-15
4.647946296662031863e-06 5.729629461834771424e-15
4.649121940629818606e-06 4.248652124612095532e-15
4.650297881963076898e-06 6.476490452060445883e-15
4.653827490907912385e-06 4.474161213740527448e-15
4.657359778850881942e-06 5.668017948863760768e-15
4.657359778850881942e-06 6.298408361437027702e-15
4.660894747825344910e-06 4.127650478238788197e-15
4.663252884275108331e-06 5.562227798898836224e-15
4.666792326158220092e-06 5.607068953173503810e-15
4.670334454502735901e-06 3.578970323725134311e-15
4.670334454502735901e-06 5.361955723391517390e-15
4.670334454502735901e-06 6.225955144872659693e-15
4.673879271347679208e-06 5.647984744208269867e-15
4.675061474759854770e-06 5.126260999541325126e-15
4.677426778733650640e-06 6.216514806279796299e-15
4.678609879446567974e-06 4.989089640309637417e-15
4.682160977397515146e-06 5.255228433354763813e-15
4.684529873298795156e-06 6.207088781955283137e-15
4.686899967720984658e-06 5.113312738392604945e-15
4.689271261270444891e-06 5.779836436053606088e-15
4.692830451285515129e-06 6.196109816267101964e-15
4.696392342750941302e-06 5.285550195969879273e-15
4.696392342750941302e-06 4.632769619504565187e-15
4.697580240582739217e-06 6.299600797410908716e-15
4.698768438879480112e-06 5.471886274647263742e-15
4.704713939997964783e-06 3.947957381790492624e-15
4.705903942681018961e-06 5.810245456681151854e-15
4.707094246361405124e-06 8.111790105248347871e+00
4.805730733743206182e-06 7.945297530718079315e+00
4.807554179595462731e-06 5.118158751574181948e-15
4.809378317320612214e-06 6.207474276560675206e-15
4.813028669439731267e-06 5.436706938617951689e-15
4.814246069074065978e-06 6.201197812216994442e-15
4.817900115851154354e-06 5.479150290806589614e-15
4.820337687710027331e-06 6.193361155408801834e-15
4.823996358068694817e-06 7.915213382829453082e+00
4.826437014264750186e-06 7.911210779142964888e+00
4.828878905288172120e-06 4.626032292765667778e-15
4.830100314055362716e-06 6.808174585540268264e-15
4.832544058491311558e-06 5.809136951476050380e-15
4.833766394316386348e-06 7.899215108326700374e+00
4.898994569379594546e-06 7.794040183421012458e+00
4.900233713088687640e-06 4.558670272001721462e-15
4.901473170224773190e-06 5.529607110587746402e-15
4.903953025095050792e-06 5.929357943783274496e-15
4.906434134624879594e-06 5.240287716695521834e-15
4.907675160085492024e-06 6.700558845298338884e-15
4.916371132040323798e-06 5.862632577747937701e-15
4.920102692461664868e-06 5.365334927112121290e-15
4.923837085163728012e-06 6.447875256762398321e-15
4.925082512498311766e-06 5.174768925672890136e-15
4.930067372797153126e-06 6.496569378830003203e-15
4.931314376010545735e-06 5.400387808964877011e-15
4.935057278459638842e-06 5.789332671431695034e-15
4.937554124897844743e-06 6.429962387584591947e-15
4.941301763360423701e-06 5.936482971116057567e-15
4.946303039769958971e-06 4.974589162880711367e-15
4.952561754290125502e-06 6.298790096227020211e-15
4.955067456955456449e-06 5.715503556319701221e-15
4.960082666138576885e-06 5.512500263191460931e-15
4.963847403923102354e-06 4.702401621401413522e-15
4.966358816458156842e-06 5.362280701532748760e-15
4.967614999170203197e-06 7.686376770036327244e+00
4.975158770729122117e-06 7.674722012240438929e+00
4.976417179287282308e-06 5.843017532033312338e-15
4.978934951383538354e-06 5.074010795375596046e-15
4.982713998185758472e-06 5.391856329930513074e-15
4.982713998185758472e-06 4.602978161163016883e-15
4.986495913311189239e-06 5.986988199734093343e-15
4.989018784649415461e-06 6.591309358253418103e-15
4.994068357241684394e-06 5.720924563666421813e-15
4.994068357241684394e-06 5.193776490583773242e-15
4.994068357241684394e-06 4.841168410910967921e-15
5.000387510736902807e-06 6.518783229520841946e-15
5.001652300611479949e-06 5.712249996682144593e-15
5.001652300611479949e-06 4.833827807273345173e-15
5.005448590042243060e-06 6.864785873465017118e-15
5.009247760883512823e-06 6.282480596489360091e-15
5.009247760883512823e-06 4.826498334102005059e-15
5.014317807979561743e-06 6.733252142698844534e-15
5.019392986659987249e-06 6.000249414981888280e-15
5.020662583748697040e-06 6.549766222132518042e-15
5.027015387764366258e-06 6.956536244207051136e-15
5.027015387764366258e-06 4.767358653178433859e-15
5.032103418140413472e-06 6.949502392797122668e-15
5.032103418140413472e-06 4.846985812656214046e-15
5.039745121181741815e-06 6.699280482032498723e-15
5.041019866106216616e-06 6.297988929426557094e-15
5.042294933462586004e-06 4.837189057244662083e-15
5.047398428838579520e-06 4.706562376515569894e-15
5.047398428838579520e-06 6.401562353213420366e-15
5.053785062569195156e-06 6.337532034534231954e-15
5.058900187534786858e-06 6.732823915250406246e-15
5.058900187534786858e-06 4.614047167428262785e-15
5.062739928516156289e-06 6.161712307829009893e-15
5.064020489709755402e-06 7.540048585840998463e+00
5.070428155862544177e-06 7.530519979453386803e+00
5.072993491940091127e-06 4.601228863723693493e-15
5.075560125925613291e-06 4.977415115969250933e-15
5.078128058475794984e-06 5.337246438516366765e-15
5.079412511917928106e-06 5.478445174122210597e-15
5.081982393547046681e-06 6.084673037685118213e-15
5.083267821898415818e-06 5.238954737670083930e-15
5.083267821898415818e-06 6.029909265467881621e-15
5.085839654085856670e-06 6.409254806118374110e-15
5.085839654085856670e-06 5.870041963873599583e-15
5.087126058086415406e-06 6.132174939775287752e-15
5.090987222702948900e-06 5.514237029436741467e-15
5.101297995350848887e-06 6.676866201217953767e-15
5.102588309359085126e-06 6.276917279596447101e-15
5.103878949737247457e-06 5.697096877030023880e-15
5.105169916567874161e-06 4.114606815565271494e-15
5.107752829916885557e-06 6.494916837750658594e-15
5.110337050066938842e-06 5.740121147772565710e-15
5.112922577679188972e-06 4.854956649636207445e-15
5.115509413415153433e-06 6.316328082397249859e-15
5.119392121198887745e-06 5.340957745611620750e-15
5.120687011905853826e-06 6.365638472007531209e-15
5.125869850837722386e-06 5.241271977859626804e-15
5.128463237126405746e-06 4.714302288058414212e-15
5.131057935514807431e-06 5.973747348663423674e-15
5.133653946666792901e-06 5.008348204916351309e-15
5.136251271246533396e-06 5.863733731325305695e-15
5.137550426279448987e-06 3.982286902157556699e-15
5.140149722246893882e-06 5.558337768629077206e-15
5.140149722246893882e-06 6.015817226913244576e-15
5.145352260116159497e-06 3.976248609902705966e-15
5.146653717138390707e-06 5.699616757904780606e-15
5.149257618831377424e-06 6.499433142407147730e-15
5.150560063668672315e-06 5.355496192897783750e-15
5.153165941741440198e-06 5.948118901011308150e-15
5.157077231096201159e-06 5.443569875305255490e-15
5.157077231096201159e-06 4.182007493888671636e-15
5.160991489147225498e-06 5.114908419506969438e-15
5.162296901930581085e-06 4.766449114687986714e-15
5.166215121748633008e-06 5.339267560916535014e-15
5.168828920352775083e-06 3.593465834299640172e-15
5.172752098018954408e-06 5.193768713880633413e-15
5.176678253404698491e-06 5.422958292096747696e-15
5.177987633972662911e-06 5.009296402338052205e-15
5.181917763167193770e-06 5.276513108117827240e-15
5.185850875357536389e-06 4.158803665082257468e-15
5.187162576033560983e-06 5.364644457427298505e-15
5.193726057783882304e-06 3.870582578536291668e-15
5.193726057783882304e-06 5.647959373862595586e-15
5.197668132553260144e-06 5.353801407405959583e-15
5.205561260550821554e-06 6.152751476080755386e-15
5.205561260550821554e-06 5.206589556408767670e-15
5.206877946739581216e-06 3.727446736739998437e-15
5.212148022741709020e-06 5.200009818633864782e-15
5.214785060670901808e-06 4.063673089835275054e-15
5.216104079912633950e-06 6.140315499651479255e-15
5.221383494029382033e-06 4.094361802876325114e-15
5.222704182268102992e-06 5.189499529084882402e-15
5.222704182268102992e-06 5.567478419323328315e-15
5.227990276595409581e-06 4.464813981214605332e-15
5.231958358148928700e-06 4.345341991283823948e-15
5.235929451504379666e-06 5.176391535726806155e-15
5.238578521426789015e-06 4.378157857739545623e-15
5.239903558947751940e-06 4.188884778302381850e-15
5.250515931741047359e-06 4.292097978527703964e-15
5.255830175380651121e-06 4.600058442957102229e-15
5.258489313889649943e-06 5.338588439395853365e-15
5.258489313889649943e-06 5.020072732888493726e-15
5.259819387614036357e-06 4.360477428365510060e-15
5.261149797765093120e-06 4.135465554699243760e-15
5.269139328398651421e-06 5.422268525637205473e-15
5.277140991855298281e-06 4.703876115095341074e-15
5.278475783304737339e-06 5.508653258816828836e-15
5.281146379148928647e-06 4.578007166865290928e-15
5.281146379148928647e-06 3.675027885575409806e-15
5.283818326156318141e-06 5.551658282443959994e-15
5.286491625010502914e-06 4.820997695612654292e-15
5.289166276395427343e-06 5.644385264318436270e-15
5.291842280995412734e-06 5.212514536068209905e-15
5.294519639495084477e-06 5.891969253673466793e-15
5.299878420933859681e-06 4.766745137587792417e-15
5.301218963551573908e-06 5.884523379124117285e-15
5.303901066096790881e-06 4.890376819433841806e-15
5.305242626195833893e-06 5.153856087095950974e-15
5.310612260770672535e-06 5.721271298239913014e-15
5.313299115767458315e-06 4.968287733417019378e-15
5.318676904616852243e-06 5.140838124384998983e-15
5.320022202092429673e-06 6.346339327582521377e-15
5.320022202092429673e-06 5.611648045242064276e-15
5.326080252907581051e-06 6.311327424121722910e-15
5.330796839114289234e-06 4.495685360333760281e-15
5.337542065865010112e-06 5.259520189892570441e-15
5.342944391911326882e-06 4.292637548631808245e-15
5.344295827565624906e-06 4.853412996418129299e-15
5.345647605049856261e-06 5.439433156390443413e-15
5.353765453227243937e-06 5.527489107995605784e-15
5.357828999028376056e-06 4.592499219819397121e-15
5.364608430430611792e-06 5.141811405246369513e-15
5.367322604288412698e-06 3.114213481630724129e-15
5.368680206128041241e-06 3.310967950207921462e-15
5.372755072332002306e-06 3.308456808117678391e-15
5.375473367907670431e-06 5.602782819384268213e-15
5.379553390169413188e-06 5.953751623361845788e-15
5.379553390169413188e-06 5.549548452399725822e-15
5.382275125290909643e-06 5.261846526379902251e-15
5.386360310134557985e-06 4.690211615672965256e-15
5.387722727340514932e-06 5.541133740888133814e-15
5.389085489154050708e-06 5.209215982250942613e-15
5.390448595662351260e-06 4.407034984726804092e-15
5.395904470387144660e-06 5.248555794020751659e-15
5.398634478185969677e-06 5.727781973932891089e-15
5.398634478185969677e-06 5.064698696128029954e-15
5.404098638148766931e-06 5.333521738395341371e-15
5.404098638148766931e-06 4.674816539145761789e-15
5.409568328592321818e-06 5.281509836295539300e-15
5.416413227413476750e-06 5.092633012684882897e-15
5.416413227413476750e-06 4.960123403321043673e-15
5.416413227413476750e-06 4.831061675736613610e-15
5.419153611427620454e-06 5.413013890485967568e-15
5.421895381913617146e-06 5.087483779986446282e-15
5.427383085107470123e-06 4.821297106281556800e-15
5.430129019219314857e-06 5.307954463141457693e-15
5.432876342611055550e-06 5.212838262102228361e-15
5.438375160046108228e-06 4.769453019123873402e-15
5.439750733803503819e-06 5.160697913117276956e-15
5.439750733803503819e-06 7.019248197317331517e+00
