# ADMX 2024 rescaled to fixed polarisation scenario 
#  m_X [eV]	chi
3.273468271334791755e-06 1.166437471426486816e+01
3.273468271334791755e-06 2.943619456226167915e-15
3.273796498905907774e-06 4.019681619959167352e-15
3.274288840262581802e-06 3.765680936365724036e-15
3.274288840262581802e-06 4.075556836912837893e-15
3.275109409190371426e-06 4.268547803754594436e-15
3.275437636761487445e-06 4.368553284385525237e-15
3.275601750547045454e-06 3.764171594997062574e-15
3.275601750547045454e-06 4.073923292638047838e-15
3.275929978118161473e-06 3.816686628888955596e-15
3.276586433260393510e-06 4.110765635460194173e-15
3.276914660831509529e-06 3.905323299070177856e-15
3.276914660831509529e-06 3.710519943507326273e-15
3.277407002188183557e-06 3.850624240842779812e-15
3.277735229759299576e-06 3.491912931316024149e-15
3.277899343544857585e-06 3.904150137865517636e-15
3.277899343544857585e-06 4.071067738928254084e-15
3.278227571115973181e-06 3.921960607788718972e-15
3.278719912472647209e-06 3.778125599170798054e-15
3.278884026258205218e-06 4.165612770744421760e-15
3.279048140043763228e-06 3.622856222461213439e-15
3.279212253829321237e-06 3.795171303397673085e-15
3.279540481400437256e-06 3.656169315504193873e-15
3.279540481400437256e-06 3.957033562459738984e-15
3.280032822757111284e-06 3.901610704996778074e-15
3.280032822757111284e-06 4.049538668458382155e-15
3.280361050328227303e-06 3.440765085579144793e-15
3.280361050328227303e-06 4.125179980455399652e-15
3.280525164113785312e-06 3.919213770383317128e-15
3.280853391684901331e-06 4.011035557849340942e-15
3.281017505470459340e-06 3.654523408381153537e-15
3.281345733041574936e-06 4.047918393913210791e-15
3.281673960612690954e-06 2.868754337051214203e-15
3.281673960612690954e-06 3.845617511429292123e-15
3.281838074398248964e-06 3.881367567599208964e-15
3.282002188183806973e-06 3.917449977203879946e-15
3.282658643326039011e-06 4.008829745637282218e-15
3.282658643326039011e-06 2.662194822328148915e-15
3.282822757111597020e-06 3.826430947488999694e-15
3.283150984682713039e-06 4.045692632332979602e-15
3.283315098468271048e-06 4.694805890678437940e-15
3.283479212253829058e-06 4.102136191755086072e-15
3.283643326039387067e-06 3.897320720714732296e-15
3.283807439824945077e-06 3.117272328388484021e-15
3.283807439824945077e-06 3.861037656657388626e-15
3.284135667396061095e-06 3.265377211547132083e-15
3.284135667396061095e-06 4.737503231157415516e-15
3.284299781181619105e-06 4.158743745571549766e-15
3.284628008752734700e-06 4.356330095141537731e-15
3.284956236323850719e-06 4.157912675529636541e-15
3.285284463894966738e-06 3.279454948554713704e-15
3.285448577680524747e-06 4.157289590943406870e-15
3.285940919037198775e-06 3.115248361471422197e-15
3.286105032822756785e-06 4.314049537431096594e-15
3.286269146608314794e-06 3.665695345927920947e-15
3.286433260393872803e-06 4.234098363006001232e-15
3.286597374179430813e-06 3.262931398958380266e-15
3.286925601750546832e-06 4.393974196794617459e-15
3.286925601750546832e-06 3.647954572097468744e-15
3.287089715536104841e-06 3.911386822366308608e-15
3.287417943107220860e-06 3.698664852663757611e-15
3.287582056892778446e-06 3.201820917230311198e-15
3.287582056892778446e-06 3.546839055167156506e-15
3.287910284463894464e-06 3.965363212633826330e-15
3.287910284463894464e-06 4.232196283978312616e-15
3.288238512035010483e-06 4.153762302698084406e-15
3.288402625820568493e-06 3.928054832335085391e-15
3.288402625820568493e-06 3.464432363693226805e-15
3.288730853391684511e-06 3.873232694291423378e-15
3.288894967177242521e-06 3.528969274677639844e-15
3.289223194748358540e-06 3.908849790981535095e-15
3.289387308533916549e-06 4.269835579575737968e-15
3.289551422319474558e-06 3.321227119133659009e-15
3.289879649890590577e-06 3.871880196135813843e-15
3.290207877461706596e-06 4.430619377432875740e-15
3.290536105032822615e-06 3.853142399192527197e-15
3.290700218818380201e-06 3.478155186781631093e-15
3.291028446389496219e-06 3.906705641328902388e-15
3.291356673960612238e-06 3.816509675876987934e-15
3.291356673960612238e-06 3.397514487212652131e-15
3.291684901531728257e-06 3.798418900558170467e-15
3.291849015317286266e-06 3.542241573716336998e-15
3.292341356673960295e-06 3.923355577584185188e-15
3.292669584245076313e-06 3.524923770774122031e-15
3.292833698030634323e-06 4.052603773139417649e-15
3.293490153172866360e-06 3.657658276155268526e-15
3.293490153172866360e-06 3.958645048898444737e-15
3.293654266958424370e-06 4.166267439220801281e-15
3.294638949671772003e-06 3.539241966897694778e-15
3.294638949671772003e-06 4.031585843690368289e-15
3.295131291028446031e-06 3.794446120766767146e-15
3.295295404814004040e-06 3.993456730742328178e-15
3.295295404814004040e-06 3.919838508604644374e-15
3.295787746170678068e-06 4.048971383082659121e-15
3.296115973741794087e-06 3.537655995525211276e-15
3.296115973741794087e-06 4.048568186091663354e-15
3.297264770240699729e-06 3.991071549033685725e-15
3.297264770240699729e-06 3.375687541122849903e-15
3.297757111597373758e-06 5.475180079420164300e-15
3.297921225382931767e-06 4.065218246461485265e-15
3.298249452954047786e-06 4.502825214977580491e-15
3.298413566739605795e-06 3.916132881355446316e-15
3.299234135667395842e-06 3.915158880472999920e-15
3.299398249452953852e-06 3.634164284059429988e-15
3.299398249452953852e-06 3.951556466581514364e-15
3.300054704595185466e-06 3.616578984494882378e-15
3.300054704595185466e-06 4.256033375878810021e-15
3.300054704595185466e-06 3.633441367003338973e-15
3.300218818380743475e-06 4.081329042924078382e-15
3.300547045951859494e-06 4.315199141717094350e-15
3.301039387308533522e-06 4.023768937939714322e-15
3.301203501094091531e-06 3.769889447699434992e-15
3.301203501094091531e-06 4.137449014895422672e-15
3.301531728665207550e-06 4.156326716274622551e-15
3.302352297592997597e-06 3.966429428545110289e-15
3.302680525164113616e-06 2.502399060725476689e-15
3.303172866520787221e-06 3.820588070834550523e-15
3.303665207877461249e-06 4.077071393113605938e-15
3.303665207877461249e-06 4.412571450310481815e-15
3.304157549234135277e-06 3.982745803749277844e-15
3.304321663019693286e-06 4.290266306532555649e-15
3.304814004376367315e-06 3.926772198726433870e-15
3.304814004376367315e-06 4.349908803530278704e-15
3.305798687089715371e-06 4.093437324640211782e-15
3.305798687089715371e-06 4.348613116645229081e-15
3.306619256017504994e-06 4.169280990970748166e-15
3.306619256017504994e-06 3.711556833621402936e-15
3.306947483588621013e-06 1.154628572772816852e+01
3.307768052516411060e-06 1.154342140255508120e+01
3.308096280087527079e-06 3.181965730632193024e-15
3.308260393873085088e-06 3.868320401172414978e-15
3.308424507658643098e-06 4.109259054967037656e-15
3.309573304157548740e-06 4.088768699119126175e-15
3.309573304157548740e-06 3.316526351823358641e-15
3.309737417943106749e-06 3.830788543417238491e-15
3.309901531728664759e-06 3.441929728887318744e-15
3.310229759299780777e-06 3.794750064596765437e-15
3.310393873085338787e-06 3.362299481998193273e-15
3.310886214442012815e-06 3.724056420951276189e-15
3.311214442013128834e-06 3.299498593316663054e-15
3.311706783369802862e-06 3.973666895940671966e-15
3.312363238512034900e-06 3.722395817757787383e-15
3.312363238512034900e-06 3.954441706242487588e-15
3.312691466083150495e-06 4.220121680147035117e-15
3.313676148796498551e-06 3.880004810353399292e-15
3.313676148796498551e-06 4.218867640621122542e-15
3.313676148796498551e-06 3.618505472058580386e-15
3.313676148796498551e-06 3.808478041620692907e-15
3.314496717724288598e-06 3.453183698454541379e-15
3.314660831509846608e-06 3.951700642213206642e-15
3.315645514223194664e-06 3.295089100063756753e-15
3.315809628008752250e-06 3.913750549708169628e-15
3.316301969365426278e-06 3.516122640268888710e-15
3.316301969365426278e-06 3.895008941990145739e-15
3.316630196936542297e-06 3.324900158327402304e-15
3.317778993435448363e-06 3.768544610535807989e-15
3.317943107221006372e-06 3.277525793671261821e-15
3.318107221006564381e-06 3.733277681745967910e-15
3.318763676148795995e-06 3.353819883192488289e-15
3.319420131291028033e-06 3.697243738496773696e-15
3.319420131291028033e-06 3.512819702011908693e-15
3.319584245076586042e-06 3.662825313206155206e-15
3.319912472647702061e-06 3.415625422395685258e-15
3.320404814004376089e-06 3.594413681724859450e-15
3.320733041575492108e-06 3.320792165116613041e-15
3.321225382932166136e-06 3.627113528065752543e-15
3.322210065645513769e-06 3.461229428994516453e-15
3.322210065645513769e-06 3.870038059976070322e-15
3.322210065645513769e-06 3.609210447299134367e-15
3.322866520787745807e-06 3.780318744177255243e-15
3.322866520787745807e-06 3.642225272588117819e-15
3.323687089715535854e-06 3.557611819681653118e-15
3.323687089715535854e-06 4.128621063920306026e-15
3.323687089715535854e-06 3.692497207041916418e-15
3.324179431072209882e-06 3.674816398667718733e-15
3.324179431072209882e-06 3.427146072578863216e-15
3.324507658643325901e-06 3.573317067573019714e-15
3.324835886214441920e-06 3.270731094108877083e-15
3.324835886214441920e-06 3.606360039232557936e-15
3.325164113785557515e-06 3.506751557949140868e-15
3.325328227571115524e-06 3.830605279342815954e-15
3.325328227571115524e-06 3.425962101211232985e-15
3.325656455142231543e-06 3.639169764735208158e-15
3.325820568927789552e-06 3.179765009927754253e-15
3.326148796498905571e-06 3.938052125143623740e-15
3.326477024070021590e-06 3.393064701301693759e-15
3.326641137855579599e-06 3.587675375173139189e-15
3.326641137855579599e-06 3.829093471829303192e-15
3.326969365426695618e-06 2.882841707896570839e-15
3.327133479212253628e-06 3.537433326637933756e-15
3.327297592997811637e-06 4.066988105289249056e-15
3.327461706783369646e-06 3.954852308987215740e-15
3.327789934354485665e-06 3.792325567022813546e-15
3.328118161925601684e-06 3.954072233578625262e-15
3.328282275711159270e-06 3.162667143255206025e-15
3.328282275711159270e-06 2.881704510924306985e-15
3.328610503282275289e-06 3.652892758163522718e-15
3.328774617067833298e-06 4.008847640371092872e-15
3.329102844638949317e-06 3.669381708975986923e-15
3.329102844638949317e-06 4.083734867988308951e-15
3.329431072210065336e-06 3.651992469126480865e-15
3.329431072210065336e-06 4.083332278372326348e-15
3.329595185995623345e-06 3.825696264115858606e-15
3.329595185995623345e-06 4.121295161104182234e-15
3.330579868708971401e-06 3.702036147450585757e-15
3.330579868708971401e-06 4.044124279380512214e-15
3.330908096280087420e-06 3.549899346817950149e-15
3.331400437636761025e-06 3.859361742296081570e-15
3.331728665207877044e-06 3.325264805565805202e-15
3.331728665207877044e-06 3.582197018909329052e-15
3.331728665207877044e-06 3.931456806005889136e-15
3.332056892778993062e-06 3.565221225259359869e-15
3.332221006564551072e-06 4.175918002002011227e-15
3.332549234135667091e-06 3.822305079128215298e-15
3.333041575492341119e-06 2.972831415374681687e-15
3.333041575492341119e-06 3.699301909881074122e-15
3.333205689277899128e-06 3.547452385951292150e-15
3.333369803063457138e-06 3.875065350729093769e-15
3.333533916849015147e-06 3.099473679492190101e-15
3.333698030634573156e-06 3.965859091340683587e-15
3.333862144420131166e-06 4.040142731757934436e-15
3.334190371991247184e-06 3.856132362833627199e-15
3.334354485776805194e-06 3.680684026910448895e-15
3.334846827133478799e-06 3.964492922135485246e-15
3.335010940919036808e-06 3.819483680785574137e-15
3.335175054704594817e-06 3.595180187059826405e-15
3.335503282275710836e-06 3.945317542952723360e-15
3.335503282275710836e-06 3.594826406187598476e-15
3.335995623632384864e-06 3.800635736017672520e-15
3.335995623632384864e-06 3.644806101078611161e-15
3.336323851203500883e-06 3.889685873769615477e-15
3.336652078774616902e-06 3.527341950456095597e-15
3.336816192560174911e-06 3.853097879934205669e-15
