# ADMX SLIC rescaled to fixed polarisation scenario 
#  m_X [eV]	chi
1.750098619329388456e-07 1.689086826220795983e-09
1.750394477317554326e-07 8.828530498738680331e-10
1.750690335305719932e-07 1.271351752579495634e-09
1.750788954635108467e-07 6.645858975715550031e-10
1.750986193293885537e-07 6.127607374959755480e-10
1.751282051282051408e-07 8.473495938060055556e-10
1.751479289940828478e-07 1.494488539695896546e-09
1.751577909270217013e-07 8.472064684875314814e-10
1.751873767258382619e-07 8.470633915113176822e-10
1.751972386587771154e-07 4.149849154007052967e-08
1.773274161735700315e-07 3.937114520589131492e-08
1.773274161735700315e-07 2.381596527065682321e-10
1.773570019723865921e-07 2.108525385596910099e-10
1.773865877712031527e-07 2.108173710711893766e-10
1.773964497041420062e-07 2.195269698662658709e-10
1.773964497041420062e-07 3.935582399083454961e-08
1.800690335305719983e-07 3.877170501928537845e-08
1.800690335305719983e-07 2.648633953966536076e-10
1.800887573964497053e-07 1.695557032479152722e-10
1.800986193293885588e-07 1.838653480150615731e-10
1.801183431952662659e-07 2.251544304097557077e-10
1.801380670611439994e-07 2.441429623531914782e-10
