# ADMX 2021 rescaled to fixed polarisation scenario 
#  m_X [eV]	chi
3.312870397404704033e-06 1.152564270610113084e+01
3.312870397404704033e-06 5.880207469981556249e-15
3.314263179237631835e-06 5.725976647102020680e-15
3.325274488600522588e-06 5.916325485342447340e-15
3.336572897285435068e-06 6.000988311619301903e-15
3.348547039740470548e-06 6.044933391738979550e-15
3.359903568532035829e-06 6.179307357090335760e-15
3.366641299450302279e-06 6.031005059377601624e-15
3.373121603811840909e-06 6.339936477351278098e-15
3.379884630981346506e-06 6.199722966004413155e-15
3.384384387672343791e-06 6.409351282584431067e-15
3.395211183202667591e-06 6.432694684889972791e-15
3.406267133008921371e-06 6.301586940301243564e-15
3.407472424979724374e-06 6.378194608156423751e-15
3.418721816707218221e-06 6.284930451943892177e-15
3.423864395782644113e-06 6.029907870916824191e-15
3.426876137694872274e-06 5.743987330934412218e-15
3.431042579075425990e-06 5.684062747908711408e-15
3.434256690997567331e-06 5.907653080289837652e-15
3.436273388674204404e-06 6.125246968228136799e-15
3.447113138686131425e-06 6.147873030854403901e-15
3.456822435117599353e-06 6.026575329249537151e-15
3.458898215733982021e-06 5.766399143396803642e-15
3.460112435793457714e-06 6.298320337166906338e-15
3.468046072743152748e-06 6.095498185906342881e-15
3.471129697215463735e-06 6.355713068321267241e-15
3.479407310856216196e-06 6.121806409340263624e-15
3.480504190321708748e-06 5.871796006987600930e-15
3.483386687521724079e-06 6.415429713257032589e-15
3.491421967327077009e-06 6.032358911378664859e-15
3.494100393928861177e-06 6.165402423691502923e-15
3.494253446877534655e-06 6.396011600386723361e-15
3.500069458927123002e-06 5.904710622032308768e-15
3.505562359196179064e-06 6.062526190607003441e-15
3.505949243038659197e-06 6.256508531001720665e-15
3.517654437187860054e-06 6.178674030995487182e-15
3.524864036612212017e-06 6.037781837747621990e-15
3.530613087996756035e-06 6.252812401527906324e-15
3.533298954672433971e-06 6.085055964397661563e-15
3.542130322384428469e-06 6.295308566559331486e-15
3.553178832116788482e-06 6.258361460390985426e-15
3.559785617734523272e-06 6.090610464188180575e-15
3.565535306839686587e-06 6.326328410171804323e-15
3.574606244931062677e-06 5.968796984369833483e-15
3.576909691808597249e-06 6.280792852617938576e-15
3.578891727493917517e-06 6.635490601091263595e-15
3.588092910643575963e-06 6.300022217285672961e-15
3.590370698644421580e-06 6.067870070417948483e-15
3.591123208975398807e-06 6.568179770389063250e-15
3.601628593313508304e-06 6.367087253174724555e-15
3.602997566909975881e-06 6.507253843503613969e-15
3.612211354420113319e-06 6.405287118453468294e-15
3.615139767504731117e-06 6.267958557816442141e-15
3.623430135557872894e-06 5.998739562790620901e-15
3.625837241023372145e-06 6.298435531417877945e-15
3.628107816301703414e-06 6.558203669965743795e-15
3.636210056772100672e-06 6.363012723785730401e-15
3.636507659727854328e-06 6.859120741878603598e-15
3.638011907395119098e-06 6.585050499889446560e-15
3.647727291159773106e-06 6.937504503732843655e-15
3.651068275920945762e-06 6.678104551045859321e-15
3.660315896188159037e-06 6.759528014001500861e-15
3.660583738848337623e-06 6.139442221470962721e-15
3.661642355076661806e-06 6.417362427482048456e-15
3.673922303325223172e-06 6.496851062381846836e-15
3.682636117869694198e-06 6.313117062075777877e-15
3.685272529936548957e-06 6.649506217714814457e-15
3.686966240875912488e-06 6.467116582092086615e-15
3.698028142741281536e-06 6.647580302886447359e-15
3.699469623239696277e-06 6.398647745990627429e-15
3.708099026763990451e-06 6.698684469805057681e-15
3.714717716499954930e-06 6.436281089970931595e-15
3.717812787239794725e-06 6.701943994957652632e-15
3.719619412241782209e-06 6.232376877532479656e-15
3.727812246553122541e-06 6.152114595275520374e-15
3.727946167883211623e-06 6.448848358131161851e-15
3.736870198333702030e-06 6.392165400597466618e-15
3.741807025547445309e-06 6.107013634853877664e-15
3.744597053257637258e-06 5.810958163242283399e-15
3.753346580156799044e-06 5.983305139828833630e-15
3.765565307225891443e-06 6.022398751081561857e-15
3.769060016220600262e-06 5.780195276873232649e-15
3.769442648592283957e-06 6.321627526012965823e-15
3.775666801838335053e-06 5.770080901578158752e-15
3.777630981346309941e-06 6.022462301422185288e-15
3.778648783454987721e-06 6.654994751250029409e-15
3.780886299831555158e-06 6.292276551039889453e-15
3.789951743714517286e-06 6.759823543917141299e-15
3.790398148148148404e-06 6.512351752792750508e-15
3.790594566098945469e-06 6.131347373176149058e-15
3.791773073803730825e-06 6.304023287074857645e-15
3.801558258988915773e-06 6.726579250325183330e-15
3.802607309407947969e-06 6.441931438284259751e-15
3.806772262773722762e-06 6.284225104097992038e-15
3.814117103721726635e-06 6.378480793525897551e-15
3.814164720194647084e-06 6.622718596335444403e-15
3.818021654501217032e-06 6.055797576679832711e-15
3.823164233576642501e-06 5.855999297417125654e-15
3.823699918896998826e-06 6.346914755927448339e-15
3.825306974858069497e-06 6.639893982989830928e-15
3.826378345498783842e-06 6.128185286615959429e-15
3.833036148766075894e-06 6.834143123265532794e-15
3.837306326034063385e-06 6.346268941484906675e-15
3.838788388753717241e-06 6.568456021947795562e-15
3.844591646390916696e-06 6.859053552790156304e-15
3.849003172558561458e-06 6.607283334833594272e-15
3.853028690186536870e-06 6.406922618553699170e-15
3.860305082454717491e-06 6.734078542968596618e-15
3.865893015600400969e-06 6.441378602026479550e-15
3.866447607461476630e-06 6.187233411139635339e-15
3.868697485806975061e-06 6.729362435701442210e-15
3.876411354420113263e-06 6.139718847523357495e-15
3.877000608272506576e-06 6.059503695604101870e-15
3.878804082184373888e-06 6.396345194976521105e-15
3.889094734543639635e-06 6.270114001943767182e-15
3.890534540336815659e-06 6.540454249329298658e-15
3.890660583941605582e-06 6.200254310286075414e-15
3.901629378596531951e-06 6.651180712843368675e-15
3.901951182232204152e-06 6.317715218941107776e-15
3.905659772911597942e-06 6.246218829983240031e-15
3.911373749662070497e-06 6.805354054464199455e-15
3.913159367396593276e-06 6.535535511251974039e-15
3.914689896883327207e-06 6.372677886217298000e-15
3.924532378813400446e-06 6.716020982526808689e-15
3.924623033252230839e-06 6.479851479886427202e-15
3.929497769667477297e-06 6.048516563174692368e-15
3.931678774186073086e-06 6.252721017308885607e-15
3.936976760870921962e-06 6.732917512763453325e-15
3.937158069748581052e-06 5.836224025034974214e-15
3.937800892133008812e-06 6.506018391801883986e-15
3.941015004055150154e-06 4.780707062124720399e-15
3.941372127602054371e-06 5.293099582811023834e-15
3.941818532035685489e-06 4.991391698497009870e-15
3.942086374695863652e-06 6.050040195009753435e-15
3.943514868883482214e-06 4.581202458153984154e-15
3.944994380720658037e-06 4.359896412893056218e-15
3.945695202117215318e-06 6.315586492657512626e-15
3.946371857258718491e-06 4.150974741600497423e-15
3.949432916232186354e-06 6.614506475936874203e-15
3.953004151701231912e-06 3.963132184822879201e-15
3.953692889970262562e-06 3.823815321196608054e-15
3.964840246398640193e-06 4.027516597606840795e-15
3.965962634688911799e-06 3.857407217875724004e-15
3.975451917506661498e-06 3.764429977835907938e-15
3.976638077858880527e-06 3.626932424886016213e-15
3.977052016515520353e-06 3.906682314231020151e-15
3.977155907001892320e-06 4.067173395046938368e-15
3.988544901570448894e-06 3.960177159474181716e-15
3.988814617256223034e-06 4.108665859522734932e-15
3.988934490894344403e-06 3.808508700710958003e-15
3.995654906731548717e-06 3.787708178581898379e-15
4.000105215546821604e-06 4.093024644701067025e-15
4.001011759935117055e-06 3.934957063478886930e-15
4.011230987585002127e-06 4.060062851055205027e-15
4.018019768856447753e-06 3.793925145085411339e-15
4.018086729521492082e-06 3.953131409329402112e-15
4.028197789943228102e-06 3.999772926901304049e-15
4.035831305758312940e-06 3.687341367241625008e-15
4.036682100090644920e-06 3.856908354101840929e-15
4.038688294133549217e-06 3.587483643787219250e-15
4.044295133819951184e-06 3.700350710946300323e-15
4.048546783625730610e-06 3.846484301904134459e-15
4.058222952149229199e-06 3.724525990606170708e-15
4.060034542505345182e-06 3.880525695245435093e-15
4.064008353609083275e-06 4.072434245724439187e-15
4.070524807976718903e-06 4.221796695253180069e-15
4.070710372172658964e-06 3.794896586762545628e-15
4.072463940358100574e-06 4.419564416739329795e-15
4.073984004685951290e-06 3.998072621346188988e-15
4.078016524736415501e-06 4.557960918077732387e-15
4.082600754881777046e-06 4.217998854369828442e-15
4.084816752275389088e-06 4.397565238723031660e-15
4.085721465260881013e-06 4.683230811260766204e-15
4.087792781832928182e-06 4.189304468696986022e-15
4.091721140848877958e-06 4.555622815886457934e-15
4.091792565558258632e-06 4.836046996063461721e-15
4.095139323369250038e-06 5.006356523441802692e-15
4.102256285482562523e-06 3.882132348837651524e-15
4.103625259079030100e-06 4.770276236034391267e-15
4.104934712084347539e-06 4.041332971890049983e-15
4.105202554744525702e-06 4.201772650854618727e-15
4.106006082725061037e-06 5.017517749124790322e-15
4.106095363611787091e-06 4.543926718474247813e-15
4.107220302784535883e-06 4.341100654798091995e-15
4.115172253762278026e-06 4.819645394156824614e-15
4.117505460935387666e-06 4.560394474987285849e-15
4.117638106824237732e-06 3.919177326855553497e-15
4.117638106824237732e-06 3.819825048214999161e-15
4.117638106824237732e-06 4.060019751489330831e-15
4.117791159772911209e-06 4.350698059953826224e-15
4.117791159772911209e-06 4.200520923294030408e-15
4.121297463687974183e-06 4.990157102123366984e-15
4.123148012976479547e-06 5.771380653274677776e-15
4.123148012976479547e-06 5.571170975872616620e-15
4.123267054158781517e-06 5.185282439088562805e-15
4.123454118873826502e-06 5.348204598480035008e-15
4.134575966477426349e-06 5.330150901808480862e-15
4.134835692693356689e-06 5.154888451477709941e-15
4.134933090024330566e-06 5.729798434310071350e-15
4.134933090024330566e-06 5.531031247560544718e-15
4.135097916276748614e-06 4.947672004672654894e-15
4.143504055150040244e-06 5.543801148347041828e-15
4.144789699918897458e-06 4.857159670397852023e-15
4.145799849380140718e-06 5.169580987414467855e-15
4.147010359065103217e-06 5.342283079676096813e-15
4.152610705596107095e-06 5.048008412392953596e-15
4.154386925342553135e-06 4.616132179320090974e-15
4.155289132197891264e-06 4.391196820079065776e-15
4.155765296927097451e-06 3.711928590060424189e-15
4.155824817518247589e-06 4.205571511202853476e-15
4.156360502838604762e-06 4.869878437529510544e-15
4.156360502838604762e-06 4.058215824957152098e-15
4.157342592592593053e-06 3.875522910506861848e-15
4.157431873479318260e-06 3.441482488093466379e-15
4.157431873479318260e-06 3.561073718333863666e-15
4.159574614760746103e-06 5.318228101910538269e-15
4.161230369387303712e-06 5.596410162794434569e-15
4.164127939983779105e-06 5.805867372218431770e-15
4.164127939983779105e-06 5.007940958384955312e-15
4.167788456339550717e-06 6.081587199792849854e-15
4.167877737226277618e-06 4.682938810747354735e-15
4.171665797705943231e-06 6.209243912961808229e-15
4.175645174371451961e-06 5.269921380883452426e-15
4.176716545012165459e-06 5.552930019150339301e-15
4.177175703858185046e-06 4.958932567616433730e-15
4.177787915652878957e-06 4.770321073447728007e-15
4.178502162746688238e-06 5.941546609231791768e-15
4.179287834549878193e-06 5.749867661176524624e-15
4.183721660739908344e-06 6.135699184927768777e-15
4.187235456757354379e-06 5.328143790121314920e-15
4.188903386050283299e-06 5.547892861119118101e-15
4.191228747327287586e-06 5.856835946760756345e-15
4.194365966619712619e-06 5.108642632666852798e-15
4.195806421883064057e-06 4.875154681376416628e-15
4.196179778318464768e-06 4.706417440209664370e-15
4.196215490673154681e-06 5.654527555824427930e-15
4.199674487313172740e-06 5.348746977146018531e-15
4.202215166261151625e-06 4.978904052461469831e-15
4.203500811030007992e-06 5.205424965152485216e-15
4.205911394971613998e-06 5.754727180927254765e-15
4.206286374695863595e-06 5.531027676206049888e-15
4.213602305642451602e-06 5.509369821180387421e-15
4.214393079210597622e-06 5.727038856816980443e-15
4.214393079210597622e-06 9.060132696321238299e+00
