# ADMX 2019 rescaled to fixed polarisation scenario 
#  m_X [eV]	chi
2.801448275862068918e-06 1.430570397272375349e-14
2.804960815047021853e-06 1.213392324990170948e-14
2.805384012539185056e-06 1.323687798745626536e-14
2.807034482758620405e-06 1.430080631383893601e-14
2.809362068965516964e-06 1.226534016349106036e-14
2.810106896551724252e-06 1.281515488863372831e-14
2.811224137931034549e-06 1.344190285320607789e-14
2.812620689655172315e-06 1.426029978649757300e-14
2.815134482758620378e-06 1.280312553130189685e-14
2.815879310344827243e-06 1.223695251841296304e-14
2.815879310344827243e-06 1.162964045031289231e-14
2.815879310344827243e-06 1.105246888880582050e-14
2.815879310344827243e-06 1.054859365556410322e-14
2.816810344827586036e-06 1.341524530753239149e-14
2.818206896551724225e-06 1.420790516938299900e-14
2.821931034482758550e-06 1.337198087424171046e-14
2.825189655172413478e-06 1.245807522516026178e-14
2.826785714285714205e-06 1.174025046319079064e-14
2.827517241379310460e-06 1.330317162691893263e-14
2.828913793103448226e-06 1.131390343149899711e-14
2.830775862068965388e-06 1.250990750801454068e-14
2.832903940886699409e-06 1.177182585371370410e-14
2.834127586206896703e-06 1.110308814934435785e-14
2.836268965517241334e-06 1.269694643588246281e-14
2.837293103448275667e-06 9.768195253874746435e-15
2.837293103448275667e-06 9.375747999593738721e-15
2.837642241379310215e-06 1.156495131447536418e-14
2.837758620689655064e-06 1.048207423885080200e-14
2.841575862068965352e-06 1.289557364307936504e-14
2.841948275862068785e-06 1.226263512739522399e-14
2.842879310344827578e-06 1.127744343509344281e-14
2.843810344827585947e-06 9.275236686824696239e-15
2.844431034482758758e-06 9.579749003764622222e-15
2.844741379310344740e-06 1.075626646090152266e-14
2.844741379310344740e-06 1.023690441963633625e-14
2.845465517241379262e-06 1.165611288037652200e-14
2.847068965517241298e-06 1.317450487681003475e-14
2.847068965517241298e-06 1.252066268931348011e-14
2.850637931034482632e-06 1.177842075441197131e-14
2.852655172413792785e-06 1.314870592616462037e-14
2.853120689655172182e-06 1.238855525180162692e-14
2.855913793103448137e-06 1.253494572839839530e-14
2.858520689655172164e-06 1.295579904848443864e-14
2.863827586206896605e-06 1.333096102970254323e-14
2.866288177339901382e-06 1.244424718512960189e-14
2.869413793103448092e-06 1.387172891189727959e-14
2.869480295566502413e-06 1.312717551578465911e-14
2.873137931034482840e-06 1.261937432580037256e-14
2.875000000000000002e-06 1.384477574747476088e-14
2.875000000000000002e-06 1.316697406645689387e-14
2.880586206896551489e-06 1.368667131315252105e-14
2.880586206896551489e-06 1.314608612327509696e-14
2.885839901477832644e-06 1.367625037198751104e-14
2.887452586206896316e-06 1.309397914991197178e-14
2.887568965517241165e-06 1.273511182535643737e-14
2.892948275862068805e-06 1.340679343522182655e-14
2.898275862068965589e-06 1.324254380719611709e-14
2.903862068965517075e-06 1.334382120898624090e-14
2.903862068965517075e-06 1.274449167103215057e-14
2.909215517241379287e-06 1.245627312103126385e-14
2.909448275862068986e-06 1.322437459602687594e-14
2.911568965517241274e-06 1.177358144993757156e-14
2.914103448275862103e-06 1.257462250126619861e-14
2.915499999999999869e-06 1.306463847563868733e-14
2.920620689655172382e-06 1.299800913114744880e-14
2.926206896551723869e-06 1.310687227034430180e-14
2.931443965517241232e-06 1.320892759672552860e-14
2.933003448275862040e-06 1.269122864139252447e-14
2.934586206896551734e-06 1.213009907573773305e-14
2.937379310344827689e-06 1.332277665664557620e-14
2.938682758620689491e-06 1.249592300002097658e-14
2.942965517241379176e-06 1.316652065300247629e-14
2.943896551724137969e-06 1.250690658473533969e-14
2.944943965517241187e-06 1.185050949900390637e-14
2.946037931034482599e-06 1.115361860349459094e-14
2.947853448275861991e-06 1.091050563875509216e-14
2.949482758620689455e-06 1.304487498877853250e-14
2.949948275862068852e-06 1.227125706771573835e-14
2.952182758620689447e-06 1.107388950313154179e-14
2.952741379310344807e-06 1.165876404242217789e-14
2.953672413793103176e-06 1.287984962975463241e-14
2.956279310344827627e-06 1.236896419912888828e-14
2.958073667711598711e-06 1.156814536124671823e-14
2.961586206896551645e-06 1.234680012593598204e-14
2.963115763546798052e-06 1.168541444751472279e-14
2.966241379310344762e-06 1.134876109511657632e-14
2.967327586206896546e-06 1.232291073026510259e-14
2.970896551724137880e-06 1.095290754610012449e-14
2.971827586206896249e-06 1.294679208388164482e-14
2.971827586206896249e-06 1.171842714377888228e-14
2.973091133004925797e-06 1.223954145104479009e-14
2.977480295566502480e-06 1.210357368350724294e-14
2.977879310344827556e-06 1.288627174303222979e-14
2.982844827586206655e-06 1.294770144625507521e-14
2.986351724137930961e-06 1.168619428023690351e-14
2.986724137931034394e-06 1.245238903233903467e-14
2.988586206896551556e-06 1.309450214863096315e-14
2.989982758620689322e-06 1.187173981988362718e-14
2.992521943573667694e-06 1.220974231812231211e-14
2.994172413793103466e-06 1.307007182595728139e-14
2.997741379310344800e-06 1.228443109272200372e-14
2.999758620689654953e-06 1.304573249249591353e-14
3.003017241379310304e-06 1.215710387444566307e-14
3.005344827586206863e-06 1.274821047473162996e-14
3.008349529780564208e-06 1.156500825350329743e-14
3.011263546798029529e-06 1.239590090652956182e-14
3.011280172413792897e-06 9.449409395202803477e-15
3.011396551724137746e-06 1.092080430841463205e-14
3.012327586206896539e-06 1.012022517189498515e-14
3.013258620689654908e-06 7.973697336794089656e-15
3.014189655172413701e-06 8.119114351476917528e-15
3.014306034482758550e-06 1.175099351687969523e-14
3.014375862068965629e-06 8.669125286838029915e-15
3.015027586206896530e-06 1.303484099452984603e-14
3.015120689655172494e-06 9.809833815258641064e-15
3.015120689655172494e-06 9.322978084381302144e-15
3.016051724137930863e-06 1.017764371796832697e-14
3.016583743842364157e-06 1.088222377391465801e-14
3.019310344827586215e-06 1.211075006414044908e-14
3.019310344827586215e-06 1.152598732165654228e-14
3.020241379310344584e-06 1.340451536527839097e-14
3.020573891625615763e-06 1.266089872774125509e-14
3.025827586206896494e-06 1.337976828566295278e-14
3.025827586206896494e-06 1.271573900745503414e-14
3.026199999999999927e-06 1.192532429262538145e-14
3.031347290640394084e-06 1.261590193232266230e-14
3.031413793103447981e-06 1.335511241253811791e-14
3.031506896551723945e-06 1.209276421938933146e-14
3.036068965517241098e-06 1.169153197092655394e-14
3.036534482758620495e-06 1.202503907214713623e-14
3.036999999999999891e-06 1.316198015371770671e-14
3.036999999999999891e-06 1.250875956015745135e-14
3.042543887147335185e-06 1.212066485514780012e-14
3.042586206896551801e-06 1.297168472552156735e-14
3.046310344827586126e-06 1.171831695882344672e-14
3.048172413793103288e-06 1.287488671959619024e-14
3.048770935960590902e-06 1.211791868394219880e-14
3.051431034482758639e-06 1.174423019826856657e-14
3.053758620689655198e-06 1.281504315450374131e-14
3.054107758620689322e-06 1.204918891382365679e-14
3.058181034482758617e-06 1.166251978309809508e-14
3.059344827586206685e-06 1.261204521254812049e-14
3.059810344827586081e-06 1.201823300632150206e-14
3.061051724137930856e-06 1.086587161508641153e-14
3.063534482758620406e-06 1.146178642250260233e-14
3.064931034482758595e-06 1.230744532412953153e-14
3.067165517241379190e-06 1.074956054447242815e-14
3.068655172413792919e-06 1.161655127982793323e-14
3.070517241379310082e-06 1.222440672273996081e-14
3.070517241379310082e-06 1.053033136820883513e-14
3.070982758620689478e-06 1.104727133294111159e-14
3.075172413793103199e-06 1.150213277467352843e-14
3.076568965517241388e-06 1.220467438950302904e-14
3.077633004926108398e-06 9.864298189721657630e-15
3.078275862068965559e-06 8.895928677672962504e-15
3.078431034482758550e-06 1.054790958434977028e-14
3.078431034482758550e-06 8.040118844215195014e-15
3.078431034482758550e-06 7.717098830538327480e-15
3.079051724137930938e-06 9.444530443598801176e-15
3.079362068965517343e-06 8.565739737639076845e-15
3.080293103448275713e-06 1.119839624311364246e-14
3.081689655172413478e-06 1.259161338809901846e-14
3.081689655172413478e-06 1.196669972957684498e-14
3.082620689655172271e-06 1.032345468484414721e-14
3.082620689655172271e-06 9.759223357577727091e-15
3.082775862068965262e-06 9.157135977435146827e-15
3.083551724137931064e-06 1.080184852143998242e-14
3.085413793103448226e-06 1.156980313480939050e-14
3.086500000000000010e-06 1.193116714982645286e-14
3.087648275862068821e-06 1.265289945146150393e-14
3.089137931034482551e-06 1.360594367673875405e-14
3.090534482758620317e-06 1.298896895606434091e-14
