# ADMX Sidecar (Runs A and C) rescaled to fixed polarisation scenario 
#  m_X [eV]	chi
1.737859778597786211e-05 2.478611495256696884e+00
1.737859778597786211e-05 6.435363758664534455e-13
1.740719557195572262e-05 7.204150559327706286e-13
1.743948339483395070e-05 7.190812644896332423e-13
1.747361623616236595e-05 6.649356603282618509e-13
1.750313653136531666e-05 6.150315094585356680e-13
1.752896678966789980e-05 6.380159179388147183e-13
1.755571955719557314e-05 6.370436597823796579e-13
1.757416974169742114e-05 6.363748615841448820e-13
1.782970479704797180e-05 2.415900472502445329e+00
2.966598746081504565e-05 1.451992531873869785e+00
2.966598746081504565e-05 1.846545387891149201e-12
2.966927899686520211e-05 1.991951849910578531e-12
2.967163009404388384e-05 1.917612739265646815e-12
2.967539184952977936e-05 1.991541526493952290e-12
2.968479623824451307e-05 1.990910589683526577e-12
2.969420062695924678e-05 2.067272401790392962e-12
2.970407523510971615e-05 2.066585172689793625e-12
2.971536050156739592e-05 1.988862803135145859e-12
2.971818181818181671e-05 2.314715710618069600e-12
2.972053291536049844e-05 2.228331429507241800e-12
2.972241379310344451e-05 1.413025841643134742e-12
2.972335423197491923e-05 1.412981133888501530e-12
2.972429467084639396e-05 1.309651031951036345e-12
2.972570532915360097e-05 2.314129861136869234e-12
2.972711598746081136e-05 2.403536012466929937e-12
2.972852664576802176e-05 2.313910244029606153e-12
2.973369905956112767e-05 2.403003867077481768e-12
2.974075235109717625e-05 2.402433972723880637e-12
2.974968652037617429e-05 2.401712494473034108e-12
2.975485893416927681e-05 2.401294994566180498e-12
2.976050156739811839e-05 2.493714217907628522e-12
2.976708463949843131e-05 2.310912982532131767e-12
2.977319749216300856e-05 2.224389826266890395e-12
2.978213166144200321e-05 2.140903452636301623e-12
2.978683385579937006e-05 2.060843450046244065e-12
2.978824451410658046e-05 1.983996578090773758e-12
2.978824451410658046e-05 1.446033257292779428e+00
