# ADMX 2018 rescaled to fixed polarisation scenario 
#  m_X [eV]	chi
2.667590909090909123e-06 1.281090494414086408e-14
2.668031034482758634e-06 1.376234403332580323e-14
2.668310344827586103e-06 1.188578723059278787e-14
2.672965517241379220e-06 1.268398300821165402e-14
2.674362068965516986e-06 1.343022810326030933e-14
2.675293103448275779e-06 1.182128684361383711e-14
2.678551724137930707e-06 1.011332591661059102e-14
2.678810344827586256e-06 1.274249989180677142e-14
2.680214285714285754e-06 8.123603237595861900e-15
2.680413793103448292e-06 9.019002708009838365e-15
2.680413793103448292e-06 8.571395415380419143e-15
2.680646551724137991e-06 1.174773987300235440e-14
2.680746305418719048e-06 1.064241227195429767e-14
2.680746305418719048e-06 9.542627341138580200e-15
2.681344827586206662e-06 1.111455225399961818e-14
2.682741379310344851e-06 7.310953713327793486e-15
2.683206896551723824e-06 7.755564341003442267e-15
2.684137931034482617e-06 1.235387138800472254e-14
2.684417241379310085e-06 1.002722240096473668e-14
2.684869458128078872e-06 6.994867845159594843e-15
2.685999999999999779e-06 1.167469704228619217e-14
2.685999999999999779e-06 1.054463729036648722e-14
2.685999999999999779e-06 9.523962393426994602e-15
2.685999999999999779e-06 9.051294277002071805e-15
2.685999999999999779e-06 8.602084374611947039e-15
2.685999999999999779e-06 8.175168470210379889e-15
2.686775862068965581e-06 6.738278490197419331e-15
2.687163793103448270e-06 5.957458650150457688e-15
2.687263546798029327e-06 1.104982269783954315e-14
2.687396551724137968e-06 7.765402604185666627e-15
2.687396551724137968e-06 7.380010676899699791e-15
2.687396551724137968e-06 6.334845529970315161e-15
2.687862068965516941e-06 1.001437127562661039e-14
2.687862068965516941e-06 5.720669165539931981e-15
2.687862068965516941e-06 5.459867390019478343e-15
2.689956896551724225e-06 1.216266642522344716e-14
2.690655172413792896e-06 1.375122195548143064e-14
2.690655172413792896e-06 1.313359426309803004e-14
2.695310344827586014e-06 1.232878421473917100e-14
2.697358620689655104e-06 1.012408126507264619e-14
2.697637931034482572e-06 1.055869697860536406e-14
2.698103448275861969e-06 1.107679733688050254e-14
2.698568965517241365e-06 1.184147709359991213e-14
2.703689655172413879e-06 1.159831203096458929e-14
2.703689655172413879e-06 1.102269527872200499e-14
2.703689655172413879e-06 1.047564601497069270e-14
2.708943349753694610e-06 9.084067206267907559e-15
2.709275862068965365e-06 1.115660977122608204e-14
2.709275862068965365e-06 1.060291441750511788e-14
2.709275862068965365e-06 1.007669860739272092e-14
2.709275862068965365e-06 9.576598548847225446e-15
2.710539408866994914e-06 8.680591773989644887e-15
2.710672413793103131e-06 8.100758468360279041e-15
2.711417241379310420e-06 6.252147031860435537e-15
2.712068965517241320e-06 7.375178135547867455e-15
2.712068965517241320e-06 7.009152797183047326e-15
2.712348275862068789e-06 6.615553982820280347e-15
2.712720689655172221e-06 7.771628822389697765e-15
2.714862068965517276e-06 1.132417824065544684e-14
2.714862068965517276e-06 1.076216657177640839e-14
2.714862068965517276e-06 1.022804717986826884e-14
2.714862068965517276e-06 9.720435789198549472e-15
2.714862068965517276e-06 9.238016824747244193e-15
2.715327586206896248e-06 8.728527168237316709e-15
2.715327586206896248e-06 8.309423247542790817e-15
2.716724137931034438e-06 7.813024511107451921e-15
2.719982758620689366e-06 1.162089810929368028e-14
2.720448275862068762e-06 1.233636292034110919e-14
2.722310344827585924e-06 1.113463545821204267e-14
2.726034482758620672e-06 1.231108316835710633e-14
2.726034482758620672e-06 1.170009204386942348e-14
2.727697044334975297e-06 1.106560731917077708e-14
2.728175862068965303e-06 1.055927954560504602e-14
2.729426108374384241e-06 6.691525537124926326e-15
2.729758620689654997e-06 9.518189492452792046e-15
2.729758620689654997e-06 9.045807881383211337e-15
2.729758620689654997e-06 8.602950308245199269e-15
2.729970219435736387e-06 7.197992405253916577e-15
2.730091133004925752e-06 1.007692312958133563e-14
2.730224137931034393e-06 6.390789702404050368e-15
2.730689655172413790e-06 7.751115657722693866e-15
2.731022167487684545e-06 8.207777225173177780e-15
2.733762068965517213e-06 1.030780613554133732e-14
2.733948275862068718e-06 1.094703725318474842e-14
2.735344827586206907e-06 9.260043280663922586e-15
2.735344827586206907e-06 8.800473299738151227e-15
2.735544334975369445e-06 9.792227212252385511e-15
2.739068965517241231e-06 1.053216769374422548e-14
2.739534482758620628e-06 1.121822572134479253e-14
2.744655172413793142e-06 1.081221325210783874e-14
2.745120689655172538e-06 1.145966366352515577e-14
2.746051724137930907e-06 8.121736942790954257e-15
2.746517241379310304e-06 9.621997923243613952e-15
2.746517241379310304e-06 9.144464366647123719e-15
2.746517241379310304e-06 8.690630492745965335e-15
2.746982758620689700e-06 1.023429155047307497e-14
2.750241379310344628e-06 1.169591784951214291e-14
2.750241379310344628e-06 1.111545698339140604e-14
2.754431034482758349e-06 1.214975558631571078e-14
2.756106896551724007e-06 1.072171071538747221e-14
2.756293103448275935e-06 1.138903143307622161e-14
2.759551724137930863e-06 1.236966867863290083e-14
2.761413793103448025e-06 1.174784287448446666e-14
2.761413793103448025e-06 1.116480500283440187e-14
2.761413793103448025e-06 1.061070292504969715e-14
2.763076354679802649e-06 9.537323990419896661e-15
2.763275862068965611e-06 1.007730527550782262e-14
2.764672413793103376e-06 9.097268345809779043e-15
2.764672413793103376e-06 8.645776780010030792e-15
2.764672413793103376e-06 8.216692449683606192e-15
2.764672413793103376e-06 7.677521638251093662e-15
2.765137931034482773e-06 1.234467913734994901e-14
2.766999999999999935e-06 1.111079941010485610e-14
2.766999999999999935e-06 1.055937759508653060e-14
2.767199507389162473e-06 1.175173152077131770e-14
2.768396551724137701e-06 9.535160825533721951e-15
2.769094827586206796e-06 7.862857288949747499e-15
2.769194581280788276e-06 9.970815667334112971e-15
2.769327586206896494e-06 8.296196741750464981e-15
2.769513793103447998e-06 8.868181199269952077e-15
2.769793103448275890e-06 7.534395314674416962e-15
2.770724137931034260e-06 1.377576965593964168e-14
2.770724137931034260e-06 1.320363114003474078e-14
2.771003448275862152e-06 1.473338181331895483e-14
2.772120689655172449e-06 1.112168263351202061e-14
2.772120689655172449e-06 1.056972069112909580e-14
2.772586206896551845e-06 1.170877881908653884e-14
2.772741379310344836e-06 9.915909351978000833e-15
2.776310344827586170e-06 1.507150223362244460e-14
2.782362068965517053e-06 1.508664239302306853e-14
2.785155172413793008e-06 1.145713211944931481e-14
2.786551724137930774e-06 1.060456929241240094e-14
2.786551724137930774e-06 1.007827135192474343e-14
2.786551724137930774e-06 9.403639721997669495e-15
2.787482758620689567e-06 1.379009904937682982e-14
2.787482758620689567e-06 1.235005563294551842e-14
2.788746305418719115e-06 1.325950003752341240e-14
2.790275862068965522e-06 1.172538130574964524e-14
2.790275862068965522e-06 1.114345818728184186e-14
2.791206896551723891e-06 9.881697812927909333e-15
2.792337438423645222e-06 1.053141717504883835e-14
2.793327586206896603e-06 1.339014975834543535e-14
2.793401477832512232e-06 1.234631293133677875e-14
2.794465517241379242e-06 1.164177040609636418e-14
2.794465517241379242e-06 1.111102928049509576e-14
