# ADMX 2019 rescaled to fixed polarisation scenario 
#  m_X [eV]	chi
3.142896551724137673e-06 1.250255316492875069e-14
3.145465517241378931e-06 1.229060849468997986e-14
3.148724137931034283e-06 1.113067991531710992e-14
3.148724137931034283e-06 1.057827144363592889e-14
3.148724137931034283e-06 9.912127744083843780e-15
3.148724137931034283e-06 9.594955881389363096e-15
3.149189655172413679e-06 1.193869742000244723e-14
3.152827586206896295e-06 1.209283529965179320e-14
3.158732758620689612e-06 1.042798823874663293e-14
3.158965517241379310e-06 1.104763133592940493e-14
3.159431034482758283e-06 1.180502954123265447e-14
3.159431034482758283e-06 1.228178247808718438e-14
3.161293103448275869e-06 1.004166515822157838e-14
3.162224137931034238e-06 1.053311124680607284e-14
3.162844827586206626e-06 1.095634648820260062e-14
3.164924137931034229e-06 1.156826334497734642e-14
3.165815270935960345e-06 1.234647133652460720e-14
3.169672413793103311e-06 1.147117973342826605e-14
3.171002463054187179e-06 1.247657584765800179e-14
3.171162068965517040e-06 1.194910147119183450e-14
3.176056650246305373e-06 1.129879230236502345e-14
3.176655172413792986e-06 1.253007585451741851e-14
3.176655172413792986e-06 1.190821626413263318e-14
3.180068965517241329e-06 1.058567129495156361e-14
3.181310344827586104e-06 1.025019289328343363e-14
3.181682758620689536e-06 1.146348250654258851e-14
3.182241379310344473e-06 1.241996125762254021e-14
3.182241379310344473e-06 1.183699380062444020e-14
3.187108150470219404e-06 1.146428677262499358e-14
3.187362068965516987e-06 1.070427680017433298e-14
3.187827586206896383e-06 1.238067867812255295e-14
3.192327586206896510e-06 1.176627303803884489e-14
3.193568965517241284e-06 1.225401703552610556e-14
3.198534482758620807e-06 1.211234969174151748e-14
3.201234482758620375e-06 1.165252061638856968e-14
3.206293103448275861e-06 1.193798214259513740e-14
3.206913793103448249e-06 1.092871301882625573e-14
3.206913793103448249e-06 1.040102446420641493e-14
3.208217241379310051e-06 1.161237155319850075e-14
3.212313793103448231e-06 1.202846114825532013e-14
3.216131034482758519e-06 1.162317444558749063e-14
3.218365517241379114e-06 1.084372991521175631e-14
3.218644827586207006e-06 1.045436508211058829e-14
3.223982758620689538e-06 1.065275014266318275e-14
3.225348275862068790e-06 9.077543456562450008e-15
3.226465517241379087e-06 1.016047143258298595e-14
3.227086206896551475e-06 9.691970001290530283e-15
3.230096551724137871e-06 1.098923725897164641e-14
3.230189655172413835e-06 9.967432591304203875e-15
3.235775862068965322e-06 1.108690293666565596e-14
3.238103448275861881e-06 1.230969063541854725e-14
3.238302955665024419e-06 1.166030139635803777e-14
3.238568965517241277e-06 1.103045120131551291e-14
3.243224137931034394e-06 1.199834881294646808e-14
3.243844827586206782e-06 1.244527602104044293e-14
3.247413793103448115e-06 1.205083521868539414e-14
3.248133228840125095e-06 1.124456166684676394e-14
3.248344827586206908e-06 1.049589709232668031e-14
3.249275862068965277e-06 1.235440084445069524e-14
3.252534482758620629e-06 1.271399701797284683e-14
3.255073667711598577e-06 1.351783116560215684e-14
3.260448275862068674e-06 1.279119729645480758e-14
3.260820689655172107e-06 1.367167568215757847e-14
3.261379310344827467e-06 1.217871138066021031e-14
3.262682758620689269e-06 1.136536453401861180e-14
3.266246081504701974e-06 1.336809103987903495e-14
3.267120689655172368e-06 1.223491187619995872e-14
3.268827586206896539e-06 1.427631409293998944e-14
3.269293103448275512e-06 1.314105995225411620e-14
3.272086206896551467e-06 1.402214248695419922e-14
3.274413793103448026e-06 1.515608934586491483e-14
3.279534482758620540e-06 1.513242451467187552e-14
3.279999999999999936e-06 1.593165534248344760e-14
3.284189655172413657e-06 1.654222025808863024e-14
3.285469827586206997e-06 1.570123291254149449e-14
3.289682758620689603e-06 1.676635652910092772e-14
3.293499999999999892e-06 1.626385637518475658e-14
3.300017241379310171e-06 1.694407087966029192e-14
3.302133228840125340e-06 1.598536194587396118e-14
3.306999999999999847e-06 1.539359358753765852e-14
3.307310344827585829e-06 1.313777952710128046e-14
3.308413793103448039e-06 1.381055580513519034e-14
