# ADMX 2009 rescaled to fixed polarisation scenario 
#  m_X [eV]	chi
1.928899999999999862e-06 3.602762414356696467e-14
1.967499999999999797e-06 3.640419982612185034e-14
1.998999999999999834e-06 3.583054685237355446e-14
2.047000000000000052e-06 3.716864217211323613e-14
2.096199999999999937e-06 3.797799526963578203e-14
2.163700000000000138e-06 3.679321240662315243e-14
2.198199999999999977e-06 3.905587825445699018e-14
2.233400000000000080e-06 3.729692279413497192e-14
2.278000000000000043e-06 3.943394482694883777e-14
2.323600000000000081e-06 3.866006469090611922e-14
2.379400000000000038e-06 4.010387404166463285e-14
2.436699999999999896e-06 3.916081499353092929e-14
2.495300000000000063e-06 3.882288175454063204e-14
2.555400000000000131e-06 3.678196430263261052e-14
2.596100000000000013e-06 4.024173912690897946e-14
2.658599999999999838e-06 3.812691285876618486e-14
2.711699999999999804e-06 3.911316070905219683e-14
2.765999999999999860e-06 3.720401872359857919e-14
2.810199999999999793e-06 3.774220976967362935e-14
2.877799999999999789e-06 3.741527702082364787e-14
2.970399999999999970e-06 3.850624406424086177e-14
3.029699999999999978e-06 4.010124330531249955e-14
3.139700000000000195e-06 3.928635488137485419e-14
3.215200000000000150e-06 4.014156441115228658e-14
3.305699999999999961e-06 3.620222168089248931e-14
3.358399999999999897e-06 3.872144630275068184e-14
3.635399999999999956e-06 3.714642274939701379e-14
