# CAPP-MAX rescaled to fixed polarisation scenario 
#  m_X [eV]	chi
4.246185567010309185e-06 1.319482827992039908e+01
4.246185567010309185e-06 2.830872727648545436e-14
4.246185567010309185e-06 2.565478409431493819e-14
4.247628865979380778e-06 2.771896212489200247e-14
4.249072164948453217e-06 2.594966667011166256e-14
4.250515463917525656e-06 2.830872727648545752e-14
4.251958762886597248e-06 2.565478409431493819e-14
4.251958762886597248e-06 2.565478409431493819e-14
4.253402061855669688e-06 2.594966667011166571e-14
4.253402061855669688e-06 2.594966667011166571e-14
4.254845360824742127e-06 2.653943182170511130e-14
4.257731958762886159e-06 2.594966667011166256e-14
4.259175257731958598e-06 2.683431439750184513e-14
4.259175257731958598e-06 2.771896212489200562e-14
4.263505154639175069e-06 2.801384470068874262e-14
4.263505154639175069e-06 2.624454924590839955e-14
4.264948453608247508e-06 2.594966667011166571e-14
4.266391752577319100e-06 2.624454924590839639e-14
4.267835051546391540e-06 2.535990151851821382e-14
4.269278350515463979e-06 2.889849242807888733e-14
4.272164948453608010e-06 2.624454924590839639e-14
4.272164948453608010e-06 1.311458945929926401e+01
4.289484536082473894e-06 1.306163687736400547e+01
4.290206185567009690e-06 2.771896212489200562e-14
4.292371134020617925e-06 2.801384470068873946e-14
4.293814432989690365e-06 2.506501894272149891e-14
4.295257731958762804e-06 2.919337500387562117e-14
4.298144329896906836e-06 2.594966667011166256e-14
4.299587628865979275e-06 2.771896212489200562e-14
4.299587628865979275e-06 2.978314015546907622e-14
4.301030927835050867e-06 2.447525379112804702e-14
4.302474226804123306e-06 2.565478409431494765e-14
4.303917525773195746e-06 2.683431439750184513e-14
4.303917525773195746e-06 2.565478409431494450e-14
4.306804123711339777e-06 2.535990151851821066e-14
4.309690721649483809e-06 2.712919697329855373e-14
4.309690721649483809e-06 2.801384470068874262e-14
4.312577319587628687e-06 2.535990151851821382e-14
4.314020618556700280e-06 2.506501894272149891e-14
4.315463917525772719e-06 2.742407954909527810e-14
4.316907216494845158e-06 2.683431439750184198e-14
4.318350515463916751e-06 2.801384470068874262e-14
4.319793814432989190e-06 2.683431439750184198e-14
4.321237113402061629e-06 1.120553788027549768e-14
4.322680412371133221e-06 1.032089015288530248e-14
4.324123711340205661e-06 8.846477273901702714e-15
4.325567010309278100e-06 1.002600757708858757e-14
4.327010309278350539e-06 9.436242425495137255e-15
4.328453608247422132e-06 1.061577272868205051e-14
4.329896907216494571e-06 9.141359849698420774e-15
4.331340206185567010e-06 1.032089015288530248e-14
4.332783505154638602e-06 8.846477273901702714e-15
4.334226804123711042e-06 9.731125001291871092e-15
4.335670103092783481e-06 9.141359849698420774e-15
4.337113402061855073e-06 1.002600757708858915e-14
4.338556701030927513e-06 1.002600757708858915e-14
4.339999999999999952e-06 9.731125001291871092e-15
4.341443298969071544e-06 1.002600757708858757e-14
4.342886597938143983e-06 9.731125001291871092e-15
4.344329896907216423e-06 9.436242425495137255e-15
4.345773195876288015e-06 8.846477273901702714e-15
4.348659793814432894e-06 1.002600757708858757e-14
4.350103092783504486e-06 9.141359849698420774e-15
4.351546391752576925e-06 9.436242425495137255e-15
4.352989690721649364e-06 9.141359849698422351e-15
4.354432989690720957e-06 8.256712122308252395e-15
4.355876288659793396e-06 9.141359849698422351e-15
4.355876288659793396e-06 8.256712122308253973e-15
4.357319587628865835e-06 8.551594698104972033e-15
4.358762886597937428e-06 9.141359849698420774e-15
4.358762886597937428e-06 8.256712122308253973e-15
4.360206185567009867e-06 8.846477273901702714e-15
4.361649484536082306e-06 8.256712122308253973e-15
4.363092783505154745e-06 8.551594698104972033e-15
4.364536082474226338e-06 9.141359849698420774e-15
4.364536082474226338e-06 8.256712122308255551e-15
4.365979381443298777e-06 8.551594698104970455e-15
4.367422680412371216e-06 8.256712122308253973e-15
4.370309278350515248e-06 8.846477273901702714e-15
4.374639175257731719e-06 7.961829546511539069e-15
4.376082474226804158e-06 8.846477273901702714e-15
4.378969072164948190e-06 8.256712122308253973e-15
4.378969072164948190e-06 9.436242425495137255e-15
4.381855670103092221e-06 8.551594698104973610e-15
4.383298969072164660e-06 9.141359849698422351e-15
4.384742268041237100e-06 8.256712122308253973e-15
4.386185567010308692e-06 8.846477273901704292e-15
4.389072164948453571e-06 7.961829546511535914e-15
4.390515463917525163e-06 8.256712122308253973e-15
4.391958762886597602e-06 8.256712122308253973e-15
4.393402061855670041e-06 7.961829546511537491e-15
4.394845360824741634e-06 8.551594698104970455e-15
4.396288659793814073e-06 9.436242425495135678e-15
4.397731958762886512e-06 8.551594698104970455e-15
4.399175257731958104e-06 7.666946970714819432e-15
4.400618556701030544e-06 8.256712122308253973e-15
4.402061855670102983e-06 7.666946970714821009e-15
4.403505154639174575e-06 7.372064394918071396e-15
4.404948453608247015e-06 7.666946970714821009e-15
4.406391752577319454e-06 8.846477273901704292e-15
4.407835051546391046e-06 7.666946970714821009e-15
4.409278350515463486e-06 8.551594698104972033e-15
4.409278350515463486e-06 7.961829546511540647e-15
4.410721649484535925e-06 8.551594698104972033e-15
4.412164948453607517e-06 7.961829546511537491e-15
4.415051546391752396e-06 8.551594698104972033e-15
4.416494845360823988e-06 7.372064394918072973e-15
4.417938144329896427e-06 7.666946970714821009e-15
4.419381443298968867e-06 7.961829546511539069e-15
4.420824742268041306e-06 7.961829546511551691e-15
4.422268041237112898e-06 9.436242425495135678e-15
4.423711340206185337e-06 9.141359849698422351e-15
4.426597938144329369e-06 9.731125001291871092e-15
4.428041237113401808e-06 1.032089015288530406e-14
4.429484536082474248e-06 1.002600757708858757e-14
4.432371134020618279e-06 9.731125001291871092e-15
4.433814432989690718e-06 8.551594698104970455e-15
4.436701030927834750e-06 8.846477273901704292e-15
4.438144329896907189e-06 9.731125001291871092e-15
4.439587628865978781e-06 8.551594698104970455e-15
4.441030927835051221e-06 9.141359849698419196e-15
4.442474226804123660e-06 9.731125001291869514e-15
4.443917525773195252e-06 8.846477273901702714e-15
4.444639175257731895e-06 7.666946970714821009e-15
4.445360824742267692e-06 9.436242425495137255e-15
4.446804123711340131e-06 1.002600757708858757e-14
4.448247422680411723e-06 9.436242425495135678e-15
4.449690721649484162e-06 9.141359849698420774e-15
4.451134020618556602e-06 9.436242425495137255e-15
4.452577319587628194e-06 8.551594698104972033e-15
4.454020618556700633e-06 9.731125001291871092e-15
4.455463917525773073e-06 8.551594698104972033e-15
4.456907216494844665e-06 9.141359849698422351e-15
4.458350515463917104e-06 8.551594698104972033e-15
4.459793814432989543e-06 8.846477273901702714e-15
4.461237113402061983e-06 9.141359849698420774e-15
4.462680412371133575e-06 9.436242425495137255e-15
4.464123711340206014e-06 1.002600757708858915e-14
4.465567010309278454e-06 7.961829546511537491e-15
4.467010309278350046e-06 7.077181819121342292e-15
4.469896907216494924e-06 6.782299243324623443e-15
4.472783505154638956e-06 7.077181819121342292e-15
4.474226804123711395e-06 7.666946970714821009e-15
4.477113402061855427e-06 6.782299243324625021e-15
4.478556701030927866e-06 6.192534091731191269e-15
4.479999999999999458e-06 6.782299243324623443e-15
4.482886597938144337e-06 7.372064394918072973e-15
4.485773195876288369e-06 6.782299243324625021e-15
4.490103092783504839e-06 6.487416667527909328e-15
4.492989690721648871e-06 6.782299243324625810e-15
4.494432989690721310e-06 7.077181819121342292e-15
4.495876288659793750e-06 7.077181819121341503e-15
4.497319587628865342e-06 6.782299243324625021e-15
4.498762886597937781e-06 4.688632955167904553e-14
4.501649484536081813e-06 4.688632955167905184e-14
4.501649484536081813e-06 9.436242425495137255e-15
4.504536082474226691e-06 7.961829546511537491e-15
4.505979381443298284e-06 7.372064394918072973e-15
4.507422680412370723e-06 7.077181819121343870e-15
4.508865979381443162e-06 5.307886364341025257e-15
4.510309278350514754e-06 5.013003788544278010e-15
4.511752577319587194e-06 5.897651515934459799e-15
4.514639175257731225e-06 5.307886364341025257e-15
4.518969072164948543e-06 5.307886364341025257e-15
4.519690721649484339e-06 5.602768940137742528e-15
4.521855670103092575e-06 5.013003788544293787e-15
4.524742268041236606e-06 5.307886364341024468e-15
4.524742268041236606e-06 5.602768940137741739e-15
4.526185567010309046e-06 1.237856658148144717e+01
4.527628865979381485e-06 1.237462059277201654e+01
4.528350515463917281e-06 7.666946970714819432e-15
4.529072164948453077e-06 6.192534091731191269e-15
4.530515463917525516e-06 5.013003788544293787e-15
4.531237113402061313e-06 5.455327652239421363e-15
4.533402061855669548e-06 5.307886364341024468e-15
4.536288659793814427e-06 5.013003788544293787e-15
4.537731958762886019e-06 5.602768940137742528e-15
4.540618556701030897e-06 5.013003788544293787e-15
4.542061855670102490e-06 5.602768940137741739e-15
4.544948453608247368e-06 5.602768940137741739e-15
4.546391752577319808e-06 4.718121212747575727e-15
4.549278350515463839e-06 5.602768940137742528e-15
4.552164948453607871e-06 4.423238636950828480e-15
4.553608247422680310e-06 5.897651515934460587e-15
4.556494845360824342e-06 4.128356061154112787e-15
4.557216494845360138e-06 3.538590909560694417e-15
4.559381443298969220e-06 5.307886364341025257e-15
4.563711340206185691e-06 5.602768940137742528e-15
4.566597938144329723e-06 5.602768940137741739e-15
4.572371134020618633e-06 5.897651515934459010e-15
4.575257731958762664e-06 5.307886364341025257e-15
4.579587628865979135e-06 5.013003788544294576e-15
4.582474226804123167e-06 5.602768940137741739e-15
4.586804123711339638e-06 5.897651515934459010e-15
4.589690721649484516e-06 5.307886364341026046e-15
4.592577319587628548e-06 6.487416667527907751e-15
4.594020618556700987e-06 6.782299243324624232e-15
4.595463917525772579e-06 6.782299243324624232e-15
4.598350515463917458e-06 8.551594698104973610e-15
4.598350515463917458e-06 6.782299243324626599e-15
4.601237113402061489e-06 7.372064394918071396e-15
4.602680412371133929e-06 7.077181819121342292e-15
4.607010309278350400e-06 7.077181819121342292e-15
4.607010309278350400e-06 6.487416667527908539e-15
4.608453608247421992e-06 6.487416667527908539e-15
4.611340206185566870e-06 7.372064394918071396e-15
4.612783505154638463e-06 7.077181819121341503e-15
4.615670103092783341e-06 7.077181819121342292e-15
4.617113402061855781e-06 7.666946970714822587e-15
4.619999999999999812e-06 7.077181819121342292e-15
4.622886597938143844e-06 6.487416667527907751e-15
4.624329896907216283e-06 8.256712122308253973e-15
4.625051546391752079e-06 9.141359849698422351e-15
4.625773195876288722e-06 9.436242425495138833e-15
4.628659793814432754e-06 9.731125001291869514e-15
4.630103092783505193e-06 9.141359849698420774e-15
4.631546391752576785e-06 8.551594698104972033e-15
4.632989690721649225e-06 8.846477273901702714e-15
4.635876288659793256e-06 9.731125001291871092e-15
4.635876288659793256e-06 8.256712122308255551e-15
4.638762886597938135e-06 9.731125001291871092e-15
4.638762886597938135e-06 1.032089015288530090e-14
4.638762886597938135e-06 1.209018560766565186e-14
4.641649484536082166e-06 3.921938258096421821e-14
4.643092783505154606e-06 3.656543939879372727e-14
4.643814432989690402e-06 3.745008712618387829e-14
4.644536082474226198e-06 3.450126136821665352e-14
4.647422680412371077e-06 3.745008712618387829e-14
4.648865979381443516e-06 3.538590909560682979e-14
4.650309278350515108e-06 3.686032197459044217e-14
4.651752577319587547e-06 3.479614394401336212e-14
4.651752577319587547e-06 3.597567424720025960e-14
4.653195876288659987e-06 3.627055682299698081e-14
4.653195876288659987e-06 4.216820833893144298e-14
4.654639175257731579e-06 3.509102651981010226e-14
4.657525773195876458e-06 3.803985227777733335e-14
4.658969072164948050e-06 3.715520455038715708e-14
4.658969072164948050e-06 3.892450000516750961e-14
4.660412371134020489e-06 3.597567424720026591e-14
4.660412371134020489e-06 3.921938258096422452e-14
4.661855670103092928e-06 3.803985227777733966e-14
4.663298969072164521e-06 4.187332576313474069e-14
4.664742268041236960e-06 4.039891288415112200e-14
4.666185567010309399e-06 4.216820833893144929e-14
4.667628865979380992e-06 3.803985227777733335e-14
4.668350515463917635e-06 4.187332576313474069e-14
4.669072164948453431e-06 1.199974800603579972e+01
4.693608247422679817e-06 1.193701869604115018e+01
4.695051546391752256e-06 1.238506818346238096e-14
4.696494845360824695e-06 1.356459848664927844e-14
4.696494845360824695e-06 1.533389394142961046e-14
4.697938144329896287e-06 1.267995075925910060e-14
4.700824742268041166e-06 1.503901136563289556e-14
4.700824742268041166e-06 1.356459848664927844e-14
4.702268041237112758e-06 1.356459848664927844e-14
4.703711340206185198e-06 1.533389394142961046e-14
4.705154639175257637e-06 1.326971591085254934e-14
4.706597938144329229e-06 1.503901136563289872e-14
4.707319587628865872e-06 1.607110038092142297e-14
4.709484536082474108e-06 1.385948106244601386e-14
4.710206185567009904e-06 1.209018560766565343e-14
4.712371134020618139e-06 1.385948106244601386e-14
4.712371134020618139e-06 1.120553788027549926e-14
4.713814432989690579e-06 9.436242425495135678e-15
4.715257731958762171e-06 9.141359849698422351e-15
4.715257731958762171e-06 9.436242425495138833e-15
4.716701030927834610e-06 8.551594698104972033e-15
4.718144329896907049e-06 1.120553788027549768e-14
4.719587628865979489e-06 1.002600757708858915e-14
4.719587628865979489e-06 1.032089015288530090e-14
4.721030927835051081e-06 1.002600757708858600e-14
4.722474226804123520e-06 1.179530303186893064e-14
4.723917525773195960e-06 1.238506818346238096e-14
4.725360824742267552e-06 1.091065530447876700e-14
4.726804123711339991e-06 1.326971591085254460e-14
4.728247422680412430e-06 1.238506818346237938e-14
4.729690721649484023e-06 1.209018560766565028e-14
4.731134020618556462e-06 1.061577272868205051e-14
4.731134020618556462e-06 1.120553788027549926e-14
4.732577319587628901e-06 1.238506818346238254e-14
4.733298969072164697e-06 1.356459848664927844e-14
4.734020618556700494e-06 1.474412878983618066e-14
4.736907216494845372e-06 1.267995075925909902e-14
4.739793814432989404e-06 1.356459848664927844e-14
4.739793814432989404e-06 1.238506818346237938e-14
4.745567010309278314e-06 1.297483333505581550e-14
4.748453608247422345e-06 1.091065530447876857e-14
4.749896907216494785e-06 1.533389394142961046e-14
4.751340206185566377e-06 1.444924621403944998e-14
4.752783505154638816e-06 1.120553788027549768e-14
4.755670103092783695e-06 1.238506818346238096e-14
4.755670103092783695e-06 8.551594698104972033e-15
4.757113402061855287e-06 7.666946970714819432e-15
4.758556701030927726e-06 8.551594698104970455e-15
4.761443298969071758e-06 7.666946970714821009e-15
4.761443298969071758e-06 8.256712122308255551e-15
4.762886597938144197e-06 8.256712122308253973e-15
4.765773195876288229e-06 7.666946970714819432e-15
4.765773195876288229e-06 8.256712122308253973e-15
4.768659793814433107e-06 7.961829546511539069e-15
4.771546391752577139e-06 7.961829546511539069e-15
4.771546391752577139e-06 8.846477273901705869e-15
4.774432989690721171e-06 8.846477273901702714e-15
4.775876288659793610e-06 7.961829546511537491e-15
4.777319587628866049e-06 8.551594698104972033e-15
4.780206185567010081e-06 7.961829546511539069e-15
4.783092783505154112e-06 7.666946970714821009e-15
4.783092783505154112e-06 8.256712122308253973e-15
4.785979381443298991e-06 8.551594698104973610e-15
4.787422680412370583e-06 8.551594698104973610e-15
4.788865979381443022e-06 7.961829546511539069e-15
4.790309278350515462e-06 9.141359849698422351e-15
4.791752577319587054e-06 7.961829546511537491e-15
4.793195876288659493e-06 8.256712122308253973e-15
4.796082474226803525e-06 7.666946970714821009e-15
4.797525773195875964e-06 8.256712122308255551e-15
4.798969072164948403e-06 9.141359849698420774e-15
4.800412371134019996e-06 8.256712122308253973e-15
4.801855670103092435e-06 8.551594698104972033e-15
4.804742268041237314e-06 7.961829546511539069e-15
4.806185567010308906e-06 9.436242425495138833e-15
4.807628865979381345e-06 8.846477273901704292e-15
4.809072164948453784e-06 8.846477273901702714e-15
4.809072164948453784e-06 8.551594698104972033e-15
4.810515463917525377e-06 9.731125001291869514e-15
4.811958762886597816e-06 9.436242425495135678e-15
4.814845360824741848e-06 8.256712122308255551e-15
4.814845360824741848e-06 8.846477273901704292e-15
4.816288659793814287e-06 7.372064394918071396e-15
4.817731958762886726e-06 8.846477273901702714e-15
4.819175257731958318e-06 8.551594698104972033e-15
4.820618556701030758e-06 8.551594698104970455e-15
4.822061855670103197e-06 8.846477273901705869e-15
4.823505154639174789e-06 8.846477273901704292e-15
4.824948453608247229e-06 7.961829546511539069e-15
4.827113402061855464e-06 8.846477273901704292e-15
4.829278350515463699e-06 9.436242425495137255e-15
4.829278350515463699e-06 7.961829546511539069e-15
4.832164948453608578e-06 8.846477273901704292e-15
4.832164948453608578e-06 9.141359849698422351e-15
4.833608247422680170e-06 8.846477273901704292e-15
4.836494845360825049e-06 9.141359849698422351e-15
4.838659793814432437e-06 7.814388258613156373e-15
4.839381443298969080e-06 1.157744849374465090e+01
4.842268041237113112e-06 1.157054688510456764e+01
4.843711340206185551e-06 8.846477273901704292e-15
4.845154639175257144e-06 8.256712122308253973e-15
4.848041237113402022e-06 1.002600757708858915e-14
4.850927835051546054e-06 7.961829546511539069e-15
4.852371134020618493e-06 7.666946970714821009e-15
4.853814432989690932e-06 7.961829546511539069e-15
4.856701030927834964e-06 9.141359849698420774e-15
4.858144329896907403e-06 7.666946970714822587e-15
4.859587628865978995e-06 8.256712122308255551e-15
4.862474226804123874e-06 7.666946970714821009e-15
4.865360824742267906e-06 7.077181819121342292e-15
4.866804123711340345e-06 7.666946970714821009e-15
4.868247422680411937e-06 7.961829546511539069e-15
4.869690721649484376e-06 7.961829546511539069e-15
4.871134020618556816e-06 7.372064394918072973e-15
4.872577319587628408e-06 8.551594698104970455e-15
4.875463917525773287e-06 7.961829546511537491e-15
4.876907216494844879e-06 7.666946970714821009e-15
4.878350515463917318e-06 7.961829546511539069e-15
4.879793814432989757e-06 8.256712122308255551e-15
4.882680412371133789e-06 7.077181819121341503e-15
4.884123711340206228e-06 8.256712122308253973e-15
4.885567010309277821e-06 7.666946970714821009e-15
4.887010309278350260e-06 8.256712122308255551e-15
4.889896907216494291e-06 7.961829546511539069e-15
4.892783505154639170e-06 8.846477273901702714e-15
4.892783505154639170e-06 1.145108696151203986e+01
