# CAPP-7 rescaled to fixed polarisation scenario 
#  m_X [eV]	chi
4.807626903553299080e-06 1.222273224722631468e+01
4.807626903553299080e-06 3.712843208063161266e-14
4.807656514382402506e-06 3.443145154208694606e-14
4.807656514382402506e-06 2.957688657270650200e-14
4.807715736040609358e-06 2.634050992645295572e-14
4.807834179357022215e-06 2.472232160332611789e-14
4.807982233502537651e-06 2.418292549561718141e-14
4.808130287648053934e-06 2.472232160332611473e-14
4.808307952622672796e-06 2.472232160332611158e-14
4.808426395939086500e-06 2.418292549561717826e-14
4.808544839255499357e-06 2.472232160332611158e-14
4.808663282571912214e-06 2.472232160332611473e-14
4.808781725888325071e-06 2.472232160332611158e-14
4.808900169204737928e-06 2.687990603416184486e-14
4.809018612521150785e-06 2.526171771103504174e-14
4.809137055837563642e-06 2.472232160332611473e-14
4.809314720812182504e-06 2.418292549561722243e-14
4.809433164128595361e-06 2.526171771103505121e-14
4.809551607445009065e-06 2.472232160332611158e-14
4.809729272419627927e-06 2.418292549561721928e-14
4.809788494077834779e-06 2.310413328019931477e-14
4.809936548223350214e-06 2.337383133405380036e-14
4.810084602368866497e-06 2.472232160332611158e-14
4.810262267343485359e-06 2.418292549561722243e-14
4.810380710659898216e-06 2.472232160332607687e-14
4.810499153976311920e-06 2.472232160332611473e-14
4.810617597292723930e-06 2.418292549561722243e-14
4.810706429780034208e-06 2.364352938790828911e-14
4.810795262267343639e-06 2.364352938790828911e-14
4.810972927241962501e-06 2.364352938790828596e-14
4.811091370558376205e-06 2.310413328019931162e-14
4.811209813874788215e-06 2.418292549561726030e-14
4.811298646362098493e-06 2.499201965718064450e-14
4.811387478849407924e-06 2.472232160332610842e-14
4.811505922165819934e-06 2.499201965718060348e-14
4.811624365482233638e-06 2.472232160332611473e-14
4.811802030456853347e-06 2.418292549561722559e-14
4.811920473773265357e-06 2.418292549561721928e-14
4.812038917089679061e-06 2.472232160332611158e-14
4.812157360406091071e-06 2.418292549561722243e-14
4.812275803722503928e-06 2.472232160332611473e-14
4.812394247038917632e-06 2.499201965718060348e-14
4.812512690355329642e-06 2.580111381874402555e-14
4.812571912013536494e-06 2.472232160332610842e-14
4.812690355329949351e-06 2.418292549561722243e-14
4.812808798646362208e-06 2.472232160332611789e-14
4.812927241962775065e-06 2.472232160332611158e-14
4.813045685279187922e-06 2.526171771103504805e-14
4.813164128595600779e-06 2.580111381874401608e-14
4.813223350253806784e-06 2.472232160332611158e-14
4.813312182741117062e-06 2.499201965718060033e-14
4.813401015228426493e-06 2.472232160332611158e-14
4.813519458544839350e-06 2.472232160332611158e-14
4.813637901861252207e-06 2.418292549561718141e-14
4.813756345177664217e-06 2.499201965718056562e-14
4.813874788494077921e-06 2.580111381874413915e-14
4.813963620981387352e-06 2.472232160332608002e-14
4.814141285956006214e-06 2.472232160332608002e-14
4.814230118443316492e-06 2.526171771103504174e-14
4.814318950930626770e-06 2.472232160332607687e-14
4.814526226734348211e-06 2.499201965718059717e-14
4.814733502538070499e-06 2.445262354947167016e-14
4.814940778341793634e-06 2.634050992645294940e-14
4.815059221658206491e-06 2.580111381874401924e-14
4.815177664974619348e-06 2.553141576488953680e-14
4.815236886632826200e-06 2.634050992645294940e-14
4.815414551607445062e-06 2.741930214187077818e-14
4.815592216582064771e-06 2.687990603416185117e-14
4.815710659898476781e-06 2.634050992645295256e-14
4.815888324873096490e-06 2.795869824957974937e-14
4.816125211505922204e-06 2.903749046499758761e-14
4.816243654822335061e-06 2.849809435728864167e-14
4.816302876480541913e-06 2.741930214187077502e-14
4.816421319796953923e-06 2.687990603416184802e-14
4.816510152284264201e-06 2.741930214187081920e-14
4.816598984771573632e-06 2.849809435728867953e-14
4.816717428087986489e-06 2.661020798030735927e-14
4.816835871404399346e-06 2.687990603416180699e-14
4.816924703891709624e-06 2.822839630343420025e-14
4.816983925549914782e-06 2.984658462656100021e-14
4.817072758037225060e-06 3.065567878812441281e-14
4.817191201353637917e-06 3.011628268041547949e-14
4.817309644670050774e-06 2.903749046499758130e-14
4.817428087986463631e-06 2.822839630343419709e-14
4.817516920473773909e-06 2.795869824957975252e-14
4.817605752961083340e-06 2.849809435728867953e-14
4.817724196277495350e-06 2.849809435728868584e-14
4.817901861252115059e-06 2.957688657270650831e-14
4.818079526226734768e-06 3.119507489583335244e-14
4.818138747884940773e-06 3.281326321896014610e-14
4.818197969543147625e-06 3.551024375750479377e-14
4.818257191201354477e-06 3.712843208063161897e-14
4.818316412859559635e-06 4.036480872688520627e-14
4.818375634517766487e-06 4.737695812710133944e-14
4.818553299492386196e-06 6.248004914295145348e-14
4.818612521150592201e-06 7.164978297400334518e-14
4.818730964467005058e-06 8.675287398985347815e-14
4.818730964467005058e-06 1.029347572211214904e-13
4.818790186125211910e-06 1.110256988367554776e-13
4.818790186125211910e-06 1.219441687996473789e+01
