# CAPP-8 rescaled to fixed polarisation scenario 
#  m_X [eV]	chi
2.185476895527603162e-05 2.563636774931525419e+00
2.185476895527603162e-05 2.344171615886339592e-14
2.185512489867225583e-05 2.269629225748577944e-14
2.185596313766596530e-05 2.216253193304255494e-14
2.185693829489867242e-05 2.201667157992790775e-14
2.185794316911250691e-05 2.171633241197391651e-14
2.185861961565338843e-05 2.110663582842709587e-14
2.185899867225716143e-05 2.038300794755759536e-14
2.185978452131376597e-05 1.979693717389488939e-14
2.186070904961565306e-05 1.924829391019561179e-14
2.186149489867225760e-05 1.861026494623072191e-14
2.186213851260549411e-05 1.764118034210058195e-14
2.186288169112508994e-05 1.799997637200343073e-14
2.186314980433263553e-05 1.879335151849890232e-14
2.186366754018169108e-05 1.965515295968046101e-14
2.186468452131376655e-05 1.991670520577787467e-14
2.186570150244583863e-05 2.011220890488098739e-14
2.186653357791754074e-05 1.956721403711091877e-14
2.186736565338923946e-05 1.882558320943212618e-14
2.186820928546470919e-05 1.907524671707055861e-14
2.186856754018168828e-05 1.993836912919199813e-14
2.186930716282319863e-05 2.034734173218067690e-14
2.187018546470999493e-05 1.960198387935005352e-14
2.187083923829489889e-05 1.875349593814119825e-14
2.187138074772885838e-05 1.848364044613594140e-14
2.187203452131376572e-05 1.933195540305505270e-14
2.187282037037037026e-05 2.001181511344966146e-14
2.187383735150244234e-05 2.003030870660806269e-14
2.187485433263452119e-05 2.009635725360235731e-14
2.187587131376659666e-05 1.987971801946107220e-14
2.187688829489867212e-05 1.985329860066335435e-14
2.187790527603074758e-05 1.952041392381210376e-14
2.187892225716282305e-05 1.976083063487133556e-14
2.187993923829489851e-05 1.991934714765764582e-14
2.188095621942697398e-05 1.999067957841148276e-14
2.188197320055904944e-05 2.005672812540577738e-14
2.188299018169112490e-05 2.035526755781999351e-14
2.188400716282320037e-05 2.015183803307755786e-14
2.188502414395527583e-05 1.975290480923201895e-14
2.188604112508735130e-05 1.966572072719954562e-14
2.188705810621942676e-05 1.949399450501438906e-14
2.188807508735150223e-05 1.959438829644571184e-14
2.188909206848357769e-05 1.975554675111179957e-14
2.189010904961565315e-05 1.978725005366905657e-14
2.189112603074772523e-05 1.979517587930836688e-14
2.189214301187980408e-05 1.995633433397444829e-14
2.189315999301187955e-05 1.973441121607362087e-14
2.189417697414395501e-05 1.976083063487132925e-14
2.189519395527603048e-05 1.969214014599727294e-14
2.189621093640810594e-05 1.969478208787704094e-14
2.189722791754018140e-05 1.973969509983316318e-14
2.189824489867225687e-05 1.949399450501438906e-14
2.189926187980433233e-05 1.952569780757164291e-14
2.190009395527603106e-05 1.980385654548476502e-14
2.190092603074772978e-05 2.025223182450889326e-14
2.190194301187980524e-05 2.042659998857383045e-14
2.190295999301187732e-05 2.039489668601656713e-14
2.190397697414395278e-05 2.012806055615962063e-14
2.190476282320056071e-05 2.054768899139670603e-14
2.190531754018169093e-05 2.124031808754353835e-14
2.190554867225716525e-05 2.181293452755926831e-14
2.190565961565338926e-05 2.269919839355353245e-14
2.190582603074772697e-05 2.321649061361285376e-14
2.190896942697414512e-05 2.307118381022540243e-14
2.190902720999301370e-05 2.214537189149966326e-14
2.190915433263452186e-05 2.105276467650456373e-14
2.190922367225716145e-05 2.007059832027457673e-14
2.190931612508734982e-05 1.930773760249047695e-14
2.190957961565338904e-05 1.852831190912018695e-14
2.190986676326715408e-05 1.786108016288308179e-14
2.191104301187980487e-05 1.894447059402185651e-14
2.191165055904961464e-05 1.956057144038463792e-14
2.191239018169112500e-05 2.028393512706615027e-14
2.191340716282320046e-05 2.017561550999551087e-14
2.191442414395527592e-05 2.021788658007185880e-14
2.191544112508735139e-05 2.023638017323026318e-14
2.191645810621942685e-05 2.036319338345930382e-14
2.191747508735150232e-05 2.028921901082569573e-14
2.191849206848357778e-05 2.030507066210432897e-14
2.191950904961565325e-05 2.009107336984280870e-14
2.192038735150244615e-05 1.964920859045097828e-14
2.192090904961565293e-05 1.869122159383228918e-14
2.192144285464710067e-05 1.835839982035914107e-14
2.192197445842068550e-05 1.965744264264293144e-14
2.192235197414395750e-05 2.033699412648490680e-14
2.192339206848357836e-05 2.003295064848783700e-14
2.192417791754017951e-05 1.970975309186241291e-14
2.192455433263452175e-05 1.895277383992970600e-14
2.192518565338923885e-05 1.847077041497877027e-14
2.192602697414395370e-05 1.912247142817147705e-14
2.192685391334731239e-05 1.958059148885135172e-14
2.192792225716282207e-05 1.977932422802973995e-14
2.192893923829489753e-05 1.979253393742860203e-14
2.192995621942697300e-05 1.949663644689416021e-14
2.193069584206848335e-05 1.983374823075303519e-14
2.193143546470999370e-05 2.016240580059665825e-14
2.193245244584206917e-05 1.995105045021490914e-14
2.193328452131376450e-05 1.915620336467212903e-14
2.193366754018168872e-05 1.836739500342597908e-14
2.193434002445841902e-05 1.755921240172817609e-14
2.193497508735150342e-05 1.818472359345318924e-14
2.193536470999301301e-05 1.904134179628014688e-14
2.193615055904961415e-05 1.964986907592092185e-14
2.193716754018169301e-05 1.947814285373574952e-14
2.193818452131376847e-05 1.964722713404115386e-14
2.193920150244584394e-05 1.961816577336366485e-14
2.194021848357791940e-05 1.922715837515742993e-14
2.194114301187980649e-05 1.897676099477461786e-14
2.194206754018169359e-05 1.995369239209467714e-14
2.194308452131376566e-05 1.991670520577787467e-14
2.194410150244584113e-05 1.992727297329695929e-14
2.194511848357791659e-05 1.995369239209467714e-14
2.194613546470999206e-05 1.975026286735225726e-14
2.194715244584206752e-05 1.964722713404115070e-14
2.194816942697414298e-05 1.953362363321095637e-14
2.194918640810622184e-05 1.953098169133118837e-14
2.195020338923829730e-05 1.968421432035796263e-14
2.195122037037036938e-05 1.961816577336366801e-14
2.195223735150244484e-05 1.958910441268617269e-14
2.195325433263452031e-05 1.983480500750494996e-14
2.195427131376659577e-05 1.972120150667476194e-14
2.195528829489867123e-05 1.983744694938472112e-14
2.195630527603074670e-05 1.953362363321095953e-14
2.195732225716282555e-05 1.990613743825878690e-14
2.195833923829490101e-05 1.940945236486168689e-14
2.195935621942697648e-05 1.969478208787704725e-14
2.196037320055904855e-05 1.984801471690380573e-14
2.196139018169112402e-05 1.984273083314426343e-14
2.196259206848357961e-05 1.986122442630266781e-14
2.196360904961565508e-05 1.944643955117849251e-14
2.196453357791754217e-05 1.968392077126020257e-14
2.196564301187980600e-05 2.004087647412714415e-14
2.196665999301187808e-05 2.005144424164623192e-14
2.196749206848358019e-05 1.977064356185334181e-14
2.196804678546471042e-05 1.918858602371277109e-14
2.196856187980433182e-05 1.856252128226056208e-14
2.196884187980433108e-05 1.780526525546425093e-14
2.196946659678546620e-05 1.709699837952428397e-14
2.197010716282319943e-05 1.801865867529610471e-14
2.197069709993011941e-05 1.915516545893364942e-14
2.197163703703703677e-05 1.969522241152366999e-14
2.197262320055904831e-05 1.981631141434654242e-14
2.197387131376659809e-05 2.003559259036760184e-14
2.197488829489867016e-05 1.996161821773399375e-14
2.197590527603074563e-05 1.993519879893626959e-14
2.197692225716282109e-05 2.001974093908897492e-14
2.197793923829489995e-05 2.009635725360235731e-14
2.197895621942697541e-05 2.004351841600691846e-14
2.197997320055905087e-05 2.022317046383140110e-14
2.198105418749664110e-05 2.028799965303503503e-14
2.198196864081062275e-05 1.994708753739525398e-14
2.198256187980433203e-05 2.016504774247641994e-14
2.198281612508735174e-05 1.921086640023217712e-14
2.198332791754018385e-05 1.894862221697577494e-14
2.198422603074772947e-05 1.914467107868900088e-14
2.198484546470999291e-05 1.996743048986949345e-14
2.198564055904961696e-05 2.032779136227036404e-14
2.198662980433263727e-05 2.022732208678532901e-14
2.198735621942697350e-05 2.011107664407536352e-14
2.198796112508735252e-05 1.972622119624632871e-14
2.198894112508734992e-05 1.963930130840183724e-14
2.198995810621942877e-05 1.916639371192268077e-14
2.199097508735150424e-05 1.922451643327766509e-14
2.199199206848357970e-05 1.943587178365941421e-14
2.199300904961565517e-05 1.959438829644570869e-14
2.199402603074772724e-05 1.974497898359270549e-14
2.199504301187980271e-05 1.961023994772435139e-14
2.199579804332634333e-05 1.901712399571557744e-14
2.199613923829489920e-05 1.827190767548565941e-14
2.199686895527603150e-05 1.751319858065548438e-14
2.199764093640810676e-05 1.733737734855666754e-14
2.199827886093640923e-05 1.811912795078113975e-14
2.199878735150244527e-05 1.872651038894067477e-14
2.199957320055904981e-05 1.940152653922237343e-14
2.200049772886093690e-05 1.940299428471113273e-14
2.200128713379562352e-05 1.838336278401800947e-14
2.200202320055905179e-05 1.857151646532740008e-14
2.200229131376659739e-05 1.941526463699719290e-14
2.200249470999300977e-05 2.027548091305088257e-14
2.200262414395527620e-05 2.118219536618856981e-14
2.200271659678546457e-05 2.163749001680257368e-14
2.200284603074772761e-05 2.229815161620417661e-14
2.200284603074772761e-05 2.546383741588790439e+00
