# CAPP-1 rescaled to fixed polarisation scenario 
#  m_X [eV]	chi
6.616636041526281978e-06 1.607720423523577909e-13
6.619409359685748831e-06 1.607756232733352895e-13
6.622089382922702962e-06 1.612078064890215197e-13
6.624768200444674858e-06 1.608442058648807102e-13
6.627445523447077889e-06 1.595915687951383195e-13
6.630126507675396087e-06 1.592316135591890132e-13
6.632812016784324359e-06 1.600546957511276850e-13
6.635496032342361656e-06 1.599899546539377999e-13
6.638183142502167159e-06 1.606183687249417322e-13
6.640869905613388875e-06 1.607519073506987686e-13
6.643555746053603203e-06 1.601912750016440880e-13
6.646251291053168070e-06 1.626188972193638992e-13
6.648946780165666790e-06 1.646758477412034908e-13
6.651634449678530040e-06 1.635953893198597675e-13
6.654330396257905979e-06 1.650517258255153710e-13
6.657032902629642881e-06 1.684872540649523322e-13
6.659733340108887122e-06 1.708293849593288243e-13
6.662428249575929283e-06 1.707602855695072272e-13
6.665122521003157523e-06 1.700596502381384364e-13
6.667821916913484603e-06 1.708331273516060984e-13
6.670509719765291005e-06 1.670079212307215964e-13
6.673199182954917532e-06 1.634702316289207064e-13
6.675909929576563279e-06 1.670791623543041582e-13
6.678618313231756406e-06 1.695064109829670899e-13
6.681316821546059924e-06 1.679786253568063273e-13
6.684025087474808478e-06 1.695787178956199056e-13
6.686728092616095889e-06 1.688829305771012532e-13
6.689425540557874283e-06 1.658169550895994461e-13
6.692123498139986762e-06 1.626055956246173561e-13
6.694824280110671450e-06 1.600486160994745083e-13
6.697532810394891044e-06 1.597863181535691177e-13
6.700251704010505082e-06 1.627096515329070342e-13
6.702970252731555366e-06 1.651754385434332367e-13
6.705685266939768378e-06 1.660292448886174888e-13
6.708398191261892330e-06 1.657571455043435864e-13
6.711116564358853503e-06 1.670262154059265943e-13
6.713832846816426180e-06 1.671650815359211548e-13
6.716552841510423453e-06 1.682369232678900982e-13
6.719273066864831339e-06 1.690021101279459668e-13
6.721991488413775396e-06 1.687251386212837091e-13
6.724716532451419863e-06 1.704376087879746348e-13
6.727442681201115571e-06 1.721674596135037870e-13
6.730162662515071242e-06 1.712493184726639080e-13
6.732885198654882925e-06 1.708630694414502355e-13
6.735601557662662646e-06 1.678648232795259576e-13
6.738315517502302178e-06 1.637010327286261777e-13
6.741036689715898612e-06 1.617252167764513396e-13
6.743759252327283066e-06 1.598719893155960290e-13
6.746489038318017627e-06 1.601037916290076962e-13
6.749224305202977973e-06 1.618287093054773883e-13
6.751961264754265042e-06 1.637744509816789193e-13
6.754675685141277991e-06 1.576533751208743360e-13
6.757406092904864501e-06 1.566189920031368874e-13
6.760144032754784638e-06 1.577206258446566364e-13
6.762882789634689634e-06 1.587319109002394500e-13
6.765613882989276280e-06 1.568160705634489078e-13
6.768347249473318452e-06 1.553066841052977977e-13
6.771092549146550497e-06 1.573683379019453203e-13
6.773836327213661953e-06 1.585731814125266960e-13
6.776569793630269230e-06 1.559832129702653749e-13
6.779308758508604582e-06 1.548640808305082485e-13
6.782048244133420098e-06 1.535631131671142810e-13
6.784792062684827022e-06 1.533114440797315955e-13
6.787538751606929056e-06 1.536286190942711503e-13
6.790282736940892746e-06 1.527149635933114087e-13
6.793028418822493105e-06 1.519944351412577322e-13
6.795775210933105766e-06 1.512773062332830884e-13
6.798524583014184547e-06 1.510293832730341296e-13
6.801278007185730558e-06 1.517163056044592906e-13
6.804030193730372091e-06 1.516549373325677315e-13
6.806783493967302242e-06 1.515935938837479387e-13
6.809529961318329733e-06 1.490255238332803391e-13
6.812282248090267414e-06 1.479563109981927352e-13
6.815035352713678931e-06 1.468040434430010360e-13
6.817794285033797983e-06 1.471077557646290397e-13
6.820552270578217136e-06 1.467759574914745523e-13
6.822166844803794551e-06 1.481990627529287271e-13
