# CAPP-2 rescaled to fixed polarisation scenario 
#  m_X [eV]	chi
1.298642908054169569e-05 4.148476454293629307e-04
1.298642908054169569e-05 5.038945123400740054e-13
1.299209143671723737e-05 4.994873963423547928e-13
1.299632522146420909e-05 5.000645186753891318e-13
1.300055900621117912e-05 4.980183576764481193e-13
1.300479279095815084e-05 4.971614184546694452e-13
1.300902657570512256e-05 5.005891753417846464e-13
1.301326036045209259e-05 4.997322361200055684e-13
1.301749414519906431e-05 5.018133742300400394e-13
1.302159963343855112e-05 5.023030537853418936e-13
1.302739028612157602e-05 5.548555154783140353e-13
1.303019549943997609e-05 5.069550095607126897e-13
1.303365085021891783e-05 5.770421771551051633e-13
1.303866306893391784e-05 5.068325896718868475e-13
1.304289685368088787e-05 5.085464681154447006e-13
1.304713063842785789e-05 5.030375731182953313e-13
1.305136442317482961e-05 5.031110250515903924e-13
1.305559820792179964e-05 5.349852777560852480e-13
1.305983199266877136e-05 5.014461145635630176e-13
1.306406577741574139e-05 5.043667033398295849e-13
1.306845993279706756e-05 5.051085095709271018e-13
1.307232609870528599e-05 4.990918859323027320e-13
1.307670298340291071e-05 5.034252360995760375e-13
1.308100091640362489e-05 5.018133742300402413e-13
1.308523470115059661e-05 5.049962913395038591e-13
1.308946848589756664e-05 5.003443355641334669e-13
1.309370227064453836e-05 5.006707886010016053e-13
1.309793605539150839e-05 5.010788548970865007e-13
1.310224681804296903e-05 5.006871112528448961e-13
1.310640362488545014e-05 4.916525234575197731e-13
1.311054858897339306e-05 4.958807180792635703e-13
1.311487119437939189e-05 4.971614184546693442e-13
1.311895102331738239e-05 4.905874704247377024e-13
1.312372365339578499e-05 4.941009212340308619e-13
1.312795743814275502e-05 4.903059046804390428e-13
1.313209500050911306e-05 4.935500317343159350e-13
1.313642500763669677e-05 4.907955842357413009e-13
1.314065879238366680e-05 4.910404240133925815e-13
1.314489257713063852e-05 4.879799267927535942e-13
1.314928673251196300e-05 4.869291560803344156e-13
1.315336014662458027e-05 4.893265455698345265e-13
1.315759393137155030e-05 4.862660483491961451e-13
1.316182771611852033e-05 4.879799267927535942e-13
1.316606150086549205e-05 4.850418494609409541e-13
1.317199877812850068e-05 5.924516996954861972e-13
1.317359484777517576e-05 5.367985818765466864e-13
1.317876285510640552e-05 4.847970096832898755e-13
1.318299663985337555e-05 4.846745897944642352e-13
1.318723042460034727e-05 4.857763687938939879e-13
1.319152835760105975e-05 4.840114820633258637e-13
1.319569799409428732e-05 4.759827776878507434e-13
1.319993177884125904e-05 4.794105345749658436e-13
1.320392870849749069e-05 4.793069485151904649e-13
1.320839934833520079e-05 4.821037721291277081e-13
1.321272195374119793e-05 4.788926042760885464e-13
1.321686691782914085e-05 4.757379379101998667e-13
1.322110070257611257e-05 4.735343799113400584e-13
1.322533448732308260e-05 4.756155180213742264e-13
1.322964524997454493e-05 4.761786495099716466e-13
1.323395601262600557e-05 4.808244842909008426e-13
1.323782859335959723e-05 4.754742643034984255e-13
1.324226962631096779e-05 4.710859821348290706e-13
1.324650341105793782e-05 4.731671202448631376e-13
1.325083341818552153e-05 4.712186036810569065e-13
1.325492821504938403e-05 4.668420926555437757e-13
1.325920476529884959e-05 4.702290429130503965e-13
1.326332308318908455e-05 4.755053401214309785e-13
1.326767233479279134e-05 4.732895401336889799e-13
1.327194460849200752e-05 4.748320307328906134e-13
1.327613990428673309e-05 4.792881146861406072e-13
1.328037368903370312e-05 4.704738826907013741e-13
1.328460747378067315e-05 4.641080484717735328e-13
1.328884125852764487e-05 4.642304683605987691e-13
1.329315607264776416e-05 7.311644961837066812e-13
1.329721260564097293e-05 4.662810014984268552e-13
1.330154261276855665e-05 4.582318938081472427e-13
1.330577639751552837e-05 4.601906120293560734e-13
1.331001018226250009e-05 4.601906120293560734e-13
1.331424396700947012e-05 4.572525346975431303e-13
1.331847775175644184e-05 4.523557391445217605e-13
1.332271153650341187e-05 4.523557391445216595e-13
1.332694532125038189e-05 4.550489766986835240e-13
1.332983199266877217e-05 4.582012888359410599e-13
1.333066591996741734e-05 5.018541808596483169e-13
1.333137155075857760e-05 5.861300726586309353e-13
1.333733733835658213e-05 4.841237002947493084e-13
1.333926178596884231e-05 4.529678385886491035e-13
1.334253334690968394e-05 4.387875347996906336e-13
1.334426534976071845e-05 5.090361476707468578e-13
1.334426534976071845e-05 4.847970096832898755e-13
1.334434232766520736e-05 5.472801209398456969e-13
1.334445779452194243e-05 5.898332742956035999e-13
1.334445779452194243e-05 6.194588873913844121e-13
1.335106506465736646e-05 4.934752195800334366e-13
1.335211709601873531e-05 4.584032816525032603e-13
1.335427247734446563e-05 4.511315402562661656e-13
1.335812137256898599e-05 4.535799380327770020e-13
1.336235515731595602e-05 4.538247778104280301e-13
1.336658894206292605e-05 4.516212198115680703e-13
1.337082272680989777e-05 4.505194408121383177e-13
1.337505651155686780e-05 4.494176618127085650e-13
1.337929029630383952e-05 4.492952419238831267e-13
1.338352408105080955e-05 4.479486231468022449e-13
1.338775786579777957e-05 4.461123248144187516e-13
1.339160676102229994e-05 4.544368772545555751e-13
1.339584054576926996e-05 4.522333192556957668e-13
1.340009838611139384e-05 4.578646341416707258e-13
1.340430811526321171e-05 4.522333192556957668e-13
1.340854190001018344e-05 4.501113745160532203e-13
1.341280529164349470e-05 4.503028517780627325e-13
1.341700946950412349e-05 4.529678385886491540e-13
1.342124325425109521e-05 4.524291910778167710e-13
1.342547703899806524e-05 4.499073413680104192e-13
1.342971082374503527e-05 4.556610761428109175e-13
1.343394460849200699e-05 4.510091203674404748e-13
1.343817839323897702e-05 4.567628551422408722e-13
1.344226414355423577e-05 4.661515189237073795e-13
1.344664596273291877e-05 4.644753081382501506e-13
1.345087974747989049e-05 4.679030650253649480e-13
1.345511353222686221e-05 4.644753081382502516e-13
1.345934731697383224e-05 4.550489766986836250e-13
1.346358110172080396e-05 4.562731755869388160e-13
1.346781488646777399e-05 4.605578716958325903e-13
1.347210788498742988e-05 4.622152486522401634e-13
1.347628245596171574e-05 4.643528882494245104e-13
1.348051624070868576e-05 4.670461258035863749e-13
1.348489805988736876e-05 4.687411704180938653e-13
1.348898381020262751e-05 4.677806451365393077e-13
1.349321759494959754e-05 4.659443468041565212e-13
1.349762457998167356e-05 4.683682606029022194e-13
1.350168516444353929e-05 4.636183689164711736e-13
1.350591894919050932e-05 4.645977280270755890e-13
1.351040016291619977e-05 4.636358574720175494e-13
1.351438651868445276e-05 4.589664131411004785e-13
1.351862030343142448e-05 4.616596506952623430e-13
1.352285408817839451e-05 4.601906120293560734e-13
1.352708787292536454e-05 4.597009324740538152e-13
1.353132165767233626e-05 4.574973744751943099e-13
1.353555544241930629e-05 4.606802915846579276e-13
1.353978922716627631e-05 4.598233523628795565e-13
1.354402301191324804e-05 4.612923910287859270e-13
1.354825679666021806e-05 4.583543136969730849e-13
1.355249058140718978e-05 4.554162363651601419e-13
1.355672436615415981e-05 4.590888330299263207e-13
1.356095815090112984e-05 4.568852750310664115e-13
1.356519193564810156e-05 4.599457722517049948e-13
1.356942572039507159e-05 4.578646341416707258e-13
1.357362101618979885e-05 4.542287634435522795e-13
1.357789328988901334e-05 4.552938164763342997e-13
1.358212707463598337e-05 4.563955954757643553e-13
1.358636085938295678e-05 4.539471976992534684e-13
1.359059464412992681e-05 4.535799380327769515e-13
1.359470013236941362e-05 4.573035429845534015e-13
1.359921024805557984e-05 4.571395317232428733e-13
1.360329599837083859e-05 4.546817170322068051e-13
1.360752978311781031e-05 4.533350982551258729e-13
1.361176356786478034e-05 4.529678385886490531e-13
1.361599735261175036e-05 4.514987999227427330e-13
1.362023113735872208e-05 4.492952419238830762e-13
1.362446492210569211e-05 4.517436397003937611e-13
1.362869870685266214e-05 4.486831424797551778e-13
1.363293249159963386e-05 4.526005789221725362e-13
1.363716627634660389e-05 4.510091203674405253e-13
1.364140006109357561e-05 4.499073413680104192e-13
1.364563384584054564e-05 4.541920374769045975e-13
1.364986763058751736e-05 4.513763800339172442e-13
1.365410141533448908e-05 4.503970209233129298e-13
1.365833520008145911e-05 4.500297612568363624e-13
1.366256898482843083e-05 4.494176618127084640e-13
1.366680276957540086e-05 4.484383027021041496e-13
1.367103655432237089e-05 4.486831424797551778e-13
1.367527033906934261e-05 4.477037833691510149e-13
1.367950412381631264e-05 4.481934629244530206e-13
1.368373790856328266e-05 4.489279822574063068e-13
1.368797169331025438e-05 4.457450651479422347e-13
1.369220547805722441e-05 4.472141038138486557e-13
1.369628530699521322e-05 4.457450651479422347e-13
1.370071581305366170e-05 4.455954408393778437e-13
1.370502229915487295e-05 4.458797270256503683e-13
1.370925608390184298e-05 4.439944607377373055e-13
1.371337440179207794e-05 4.421948883720014942e-13
1.371760818653904797e-05 4.403585900396186067e-13
1.372184197128602138e-05 4.415827889278741006e-13
1.372607575603299141e-05 4.437863469267333535e-13
1.373030954077996313e-05 4.423173082608271344e-13
1.373454332552693316e-05 4.425621480384782635e-13
1.373877711027390319e-05 4.429294077049551338e-13
1.374301089502087491e-05 4.452553855926403804e-13
1.374724467976784494e-05 4.443984463708613529e-13
1.375147846451481666e-05 4.458674850367676225e-13
1.375571224926178668e-05 4.408482695949204610e-13
1.375994603400875671e-05 4.417052088166994885e-13
1.376417981875572843e-05 4.414603690390481574e-13
1.376841360350269846e-05 4.396240707066654214e-13
1.377264738824966849e-05 4.437863469267334545e-13
1.377688117299664021e-05 4.407258497060951741e-13
1.378111495774361024e-05 4.372980928189800234e-13
1.378534874249058365e-05 4.423173082608271849e-13
1.378958252723755368e-05 4.436639270379080162e-13
1.379381631198452371e-05 4.406034298172697863e-13
1.379805009673149543e-05 4.404810099284440955e-13
1.380228388147846546e-05 4.406034298172696853e-13
1.380651766622543718e-05 4.408482695949204610e-13
1.381075145097240721e-05 4.410931093725716910e-13
1.381498523571937723e-05 4.393792309290142419e-13
1.381921902046634896e-05 4.399913303731418878e-13
1.382345280521331898e-05 4.392568110401888540e-13
1.382768658996028901e-05 4.388895513737120847e-13
1.383192037470726073e-05 4.397464905954908093e-13
1.383615415945423076e-05 4.421948883720014942e-13
1.384038794420120248e-05 4.401137502619672252e-13
1.384462172894817251e-05 4.382774519295843882e-13
1.384885551369514254e-05 4.375429325966312029e-13
1.385308929844211426e-05 4.397464905954908093e-13
1.385732308318908598e-05 4.375429325966312029e-13
1.386155686793605601e-05 4.407258497060950731e-13
1.386579065268302773e-05 4.397464905954907588e-13
1.387002443742999776e-05 4.381550320407587479e-13
1.387425822217696948e-05 4.415827889278740501e-13
1.387849200692393951e-05 4.390119712625374220e-13
1.388195601262600682e-05 4.433297013096863312e-13
1.388195601262600682e-05 4.148476454293629307e-04
