# CAPP-3 rescaled to fixed polarisation scenario 
#  m_X [eV]	chi
1.016238244514106746e-05 3.640827999767255492e-13
1.016457680250783731e-05 3.395262710319820259e-13
1.016896551724138038e-05 3.640230776293283330e-13
1.017554858934169330e-05 3.514844826748428336e-13
1.019310344827586221e-05 3.276522379201620114e-13
1.020188087774294666e-05 3.392107912491011862e-13
1.021504702194357419e-05 3.274731173445605141e-13
1.023699059561128617e-05 3.389141368839257674e-13
1.024137931034482755e-05 3.272583019054349153e-13
1.026112852664576800e-05 3.270972828062118181e-13
1.027429467084639553e-05 3.506206382910322431e-13
1.028965517241379459e-05 3.504864534445878498e-13
1.030062695924764889e-05 3.503906385677212903e-13
1.030501567398119197e-05 3.503523199515748485e-13
1.031818181818181950e-05 3.502373892443769807e-13
1.033573667711598840e-05 3.500842069472386500e-13
1.034012539184952978e-05 3.886687000480461029e-13
1.034670846394984440e-05 4.166883445674390944e-13
1.035109717868338578e-05 3.885624470295033042e-13
1.037523510971786930e-05 3.883287926233687296e-13
1.039059561128526667e-05 3.881801766158736158e-13
1.041253918495297865e-05 3.746660602435058220e-13
1.042789968652037602e-05 3.745226730544150403e-13
1.045642633228840093e-05 3.614247333649217927e-13
1.047178683385579999e-05 3.741132976733806445e-13
1.048056426332288445e-05 3.740314763094067813e-13
1.048714733542319736e-05 4.299747638739626558e-13
1.048934169278996890e-05 4.452159691568913285e-10
1.049811912225705336e-05 4.451185971092097558e-10
1.049811912225705336e-05 4.451185971092107817e-13
1.051128526645768088e-05 3.870144567481306806e-13
1.052225705329153688e-05 3.869086559613830286e-13
1.053103448275862133e-05 3.868240361572730828e-13
1.053542319749216271e-05 4.147333745779722600e-13
1.054420062695924886e-05 4.446077431380159177e-13
1.055736677115987469e-05 4.444618925772104019e-13
1.056833855799373069e-05 4.933672693062763220e-13
1.058150470219435821e-05 5.288480093506460087e-13
1.058369905956112806e-05 6.080134494408802539e-13
1.058589341692789959e-05 6.990294908265147176e-13
1.059028213166144267e-05 4.598644308922998768e-10
1.059686520376175559e-05 4.597889969984190823e-10
1.059905956112852712e-05 5.473843813912980803e-13
1.060783699059561158e-05 4.928818911861026981e-13
1.061661442006269603e-05 4.595627695514816655e-13
1.062319749216300895e-05 4.285194732327793866e-13
1.063197492163009510e-05 4.756966730088849664e-13
1.063416927899686494e-05 7.229771099063318354e-13
1.063855799373040802e-05 4.925047050306147719e-13
1.064294670846394940e-05 4.435150294597738764e-13
1.064952978056426401e-05 4.135557520910806071e-13
1.065611285266457693e-05 3.596307011826503268e-13
1.066050156739812000e-05 4.134426955290523343e-13
1.066489028213166138e-05 4.133974815586867455e-13
1.066489028213166138e-05 3.992236963558205760e-13
1.066489028213166138e-05 3.992236963558205760e-13
1.066927899686520445e-05 3.854937128059744102e-13
1.068025078369906045e-05 3.990709107963232872e-13
1.069561128526645782e-05 3.852408370833254986e-13
1.070438871473354227e-05 3.851565820436232948e-13
1.071097178683385519e-05 3.850934028569199961e-13
1.071316614420062673e-05 4.747351855140726260e-14
4.871615844970076720e-06 2.157651220978226771e-14
1.071974921630094134e-05 4.128327239537470613e-13
1.073072100313479564e-05 3.849039274716243537e-13
1.073949843260188009e-05 4.272793400612695422e-13
1.074169278996865163e-05 3.465604946523877303e-13
1.074608150470219470e-05 3.231681317740643129e-13
1.075266457680250762e-05 3.231151208671090515e-13
1.075924764890282223e-05 3.230621186558017785e-13
1.077241379310344807e-05 3.344221705239232989e-13
1.077899686520376098e-05 3.585311104419710757e-13
1.078557993730407559e-05 3.584722987663525595e-13
1.078996865203761697e-05 3.584330963422473582e-13
1.079874608150470143e-05 3.227442879166998543e-13
1.080313479623824450e-05 3.710369218314175100e-13
1.080752351097178758e-05 3.459924333491328305e-13
1.081849529780564188e-05 3.581783850642731566e-13
1.082946708463949787e-05 3.580804673914963423e-13
1.084043887147335386e-05 3.974810559448988361e-13
1.085141065830720985e-05 3.973723938324042038e-13
1.086018808777429431e-05 3.705097734742473613e-13
1.087774294670846321e-05 3.703477247040247718e-13
1.088652037617554767e-05 4.111205942849058130e-13
1.088871473354231921e-05 3.702464802157101045e-13
1.089749216300940366e-05 3.701655045535078045e-13
1.091285266457680273e-05 3.700238397569639335e-13
1.092382445141065872e-05 3.699226838112903345e-13
1.092821316614420010e-05 3.698822291764781875e-13
1.094357366771159916e-05 3.697406727913020856e-13
1.095235109717868362e-05 3.696598077529499148e-13
1.096551724137930945e-05 3.568685098610353749e-13
1.097648902821316545e-05 3.567709502777939943e-13
1.099184952978056451e-05 3.566344116661130738e-13
1.100501567398119035e-05 3.822819437145893330e-13
1.101598746081504634e-05 3.564199565577977580e-13
1.102915360501567387e-05 3.563030354034800847e-13
1.104670846394984278e-05 3.687916247650284678e-13
1.105329153605015739e-05 3.818223264497568202e-13
1.105548589341692723e-05 5.803042521367415058e-13
1.105987460815047031e-05 3.817596941979016469e-13
1.107084639498432630e-05 3.685698591550716717e-13
1.108401253918495213e-05 3.684489523074437042e-13
1.109059561128526674e-05 3.814675461722799155e-13
1.110156739811912104e-05 3.813632617823818606e-13
1.112570532915360456e-05 3.811339364650886213e-13
1.114106583072100193e-05 3.945144331952072338e-13
1.115862068965517254e-05 3.808214423431158887e-13
1.116739811912225699e-05 4.082530425506048153e-13
1.117617554858934145e-05 4.081637545702103392e-13
1.118495297805642590e-05 4.080744861177620239e-13
1.119811912225705343e-05 4.079406200446463374e-13
1.121128526645767926e-05 4.222853120874737408e-13
1.122664576802507833e-05 4.221237006945036372e-13
1.123322884012539125e-05 3.670814435514018941e-13
1.125078369905956016e-05 3.543406096918843715e-13
1.126833855799373076e-05 3.420419906331625143e-13
1.127931034482758506e-05 3.419484842768011865e-13
1.128808777429466951e-05 3.540113647758085817e-13
1.130125391849529704e-05 3.538952337437224158e-13
1.131880877742946595e-05 3.537404516258903616e-13
1.132978056426332194e-05 3.536437471813046049e-13
1.133416927899686502e-05 4.065599060670146321e-10
1.133855799373040640e-05 3.414439914948917266e-13
1.134294670846394947e-05 3.535277367436822356e-13
1.134733542319749085e-05 3.413693151514457103e-13
1.135391849529780546e-05 3.296110178466453411e-13
1.135830721003134684e-05 3.412759926889775341e-13
1.136489028213166145e-05 3.658790337801844381e-13
1.136708463949843130e-05 4.510481085594732515e-10
