# CAPP-6 rescaled to fixed polarisation scenario 
#  m_X [eV]	chi
4.507781155015197250e-06 1.303575625478553057e+01
4.507781155015197250e-06 1.102540786102879907e-14
4.508077676210859534e-06 7.701354316089343951e-15
4.508240774671318698e-06 7.645474690065440656e-15
4.508544585529036834e-06 7.584958076790612143e-15
4.508557377565151593e-06 7.512023768843803893e-15
4.508979514756928504e-06 7.691215818540702317e-15
4.509363275840362830e-06 7.622368346815050957e-15
4.509693310372115842e-06 7.728563214161740343e-15
4.510015669682199489e-06 7.766287856203192560e-15
4.510028461718314249e-06 7.824823925770846571e-15
4.510552935199006698e-06 7.855318011421022064e-15
4.510677657551123277e-06 7.922750809070117053e-15
4.510925731680057064e-06 8.002983038840418622e-15
4.511473961799248232e-06 8.073701772572095084e-15
4.511934475099368575e-06 8.144959429761507456e-15
4.512385394372403484e-06 8.182107723105103608e-15
4.512787277506998904e-06 8.159210961199387407e-15
4.513354391108073885e-06 8.247654288652127643e-15
4.513597439794248394e-06 8.301726275578207418e-15
4.513776528299850796e-06 8.178492444909462879e-15
4.513955616805453199e-06 8.306756227850402940e-15
4.513981762917933010e-06 8.820326288823040205e-15
4.514160289383284275e-06 8.218013498476701465e-15
4.514382018009268364e-06 8.165079238850280079e-15
4.515070351381141850e-06 8.231845867225232840e-15
4.515292384579413841e-06 8.287736720821170130e-15
4.515829650096221049e-06 8.389121696307575428e-15
4.515848838150392766e-06 8.304241251714305179e-15
4.515963966475423063e-06 8.234450663937618342e-15
4.515987841945288648e-06 8.506595170826286735e-15
4.516079094800453361e-06 8.175505910747850535e-15
4.516386103667199974e-06 8.104300648894607326e-15
4.516718696606176107e-06 8.291666371033821107e-15
4.516780829353017412e-06 8.205079335491058541e-15
4.516984770957357014e-06 8.143480384271945555e-15
4.517172813888239495e-06 8.063746658700045522e-15
4.517332714339670181e-06 8.030108852879750195e-15
4.517901959946763019e-06 8.086853001950436800e-15
4.518207224444949106e-06 8.035024488054849791e-15
4.518624709987230434e-06 8.117504273609115050e-15
4.518828219652687825e-06 8.045313026793427955e-15
4.519258829491761624e-06 8.033162752473582289e-15
4.519417816226326910e-06 8.175977468773366696e-15
4.519456192334670343e-06 8.092983256282170556e-15
4.520102190158450046e-06 7.972578773766537182e-15
4.520182370820668771e-06 8.416957708541499353e-15
4.520492347259941328e-06 8.013761507995121059e-15
4.520735395946115836e-06 7.935168503742095213e-15
4.521247077390694372e-06 7.892623490773122550e-15
4.521528502185212312e-06 7.928252319367830314e-15
4.521912263268645791e-06 7.848458985595302762e-15
4.522548210206907782e-06 7.858012628709695306e-15
4.522615825254941489e-06 7.913791206585272132e-15
4.523236239006492519e-06 7.878895912696929502e-15
4.523990969137245564e-06 7.894614513547534987e-15
4.524138077552562337e-06 7.860347963693214430e-15
4.524376899696048894e-06 8.399030216084542823e-15
4.524627372933939832e-06 7.949629616524651817e-15
4.524972757909030725e-06 7.881725260850035933e-15
4.525565668782935317e-06 7.911366051025463689e-15
4.525715762006678784e-06 7.849030571080779239e-15
4.526114447132245725e-06 7.797787932307805895e-15
4.526133635186417442e-06 7.866635404033455678e-15
4.526291793313069684e-06 1.103437160725728049e-14
4.527841945288753624e-06 1.102540786102880065e-14
4.528525745939820784e-06 7.953402080728798459e-15
4.528922299059369022e-06 7.890527677326376519e-15
4.529593880955378245e-06 7.908132510279054536e-15
4.530188710634700602e-06 7.956545800898919871e-15
4.530412571266703394e-06 7.917092112763901035e-15
4.530988212891854035e-06 7.878895912696929502e-15
4.531053452276038548e-06 7.960947009137088586e-15
4.531774923112893556e-06 7.954816754805351674e-15
4.531951453211272837e-06 7.914922945846516282e-15
4.532534770058092842e-06 7.878707289486720829e-15
4.532833007242932458e-06 7.934000836250337228e-15
4.533348343554971749e-06 7.911366051025466845e-15
4.533616976313375777e-06 7.840228154604440230e-15
4.533896573674162916e-06 7.678012193826193016e-15
4.533962361288465823e-06 7.598790445539143518e-15
4.534282162191327196e-06 7.549119666851232458e-15
4.534499626805273031e-06 7.644060015988887441e-15
4.534783610007014093e-06 7.708569153879769296e-15
4.535267148972140835e-06 7.730826692684227066e-15
4.535420653405514565e-06 7.828491599302656464e-15
4.536102895331618997e-06 7.868312054790853133e-15
4.536372380892430168e-06 7.896362421962119476e-15
4.536778115501519568e-06 8.470740185912373675e-15
4.536840569414219028e-06 7.921336134993563838e-15
4.537032449955936191e-06 7.974150633851596310e-15
4.537713625879030848e-06 8.012818391944084004e-15
4.537838348231146580e-06 7.921336134993563838e-15
4.538298861531267771e-06 8.016905228165242471e-15
4.538682622614701249e-06 8.081665863669736942e-15
4.539176395208719630e-06 8.002947110609904788e-15
4.539829641852964278e-06 8.087953304009978190e-15
4.540025786406719694e-06 8.042683733560234267e-15
4.540614220067984248e-06 8.056755623845540314e-15
4.540738485561667704e-06 8.116695888422514339e-15
4.540921228934731709e-06 8.233821919903594690e-15
4.541155015197568539e-06 8.416957708541499353e-15
4.541394534270965965e-06 8.076950283414553246e-15
4.541455296442509592e-06 8.127406992144995448e-15
4.541560830740454455e-06 8.296696323306016629e-15
4.541637582957141320e-06 8.225019503427254104e-15
4.541771899336342487e-06 7.996785419076466694e-15
4.542059720148918231e-06 7.921964879027587489e-15
4.542200432546177202e-06 7.856365918144394290e-15
4.542456273268466470e-06 7.832683226196148525e-15
4.542961558694987202e-06 7.912376532508717339e-15
4.543239785480476665e-06 7.946328710346024492e-15
4.543837813168827500e-06 7.969749425613427595e-15
4.543923093409590872e-06 7.924479855163683672e-15
4.544658008425578164e-06 7.962246765711625259e-15
4.544912344202442764e-06 7.923222367095636370e-15
4.545167173252279814e-06 8.667942602938903391e-15
4.545296105285876243e-06 8.000557883280613335e-15
4.545343618562872833e-06 7.944779305405038087e-15
4.546044439398572330e-06 7.935797247776118864e-15
4.546204339850003017e-06 8.009989043790974417e-15
4.546728813330695466e-06 7.949629616524653395e-15
4.547163742558587137e-06 7.898431888039822343e-15
4.547173252279635451e-06 8.909963751107827587e-15
4.547432375316990317e-06 7.976036865953670420e-15
4.547654956745382396e-06 7.880970768009207552e-15
4.547854512508768075e-06 7.798731048358842950e-15
4.548343807890145570e-06 7.725639554403528786e-15
4.548967419650725925e-06 7.701432909093596119e-15
4.549179331306991088e-06 8.999601213392613392e-15
4.549456715032103420e-06 7.768079776700163122e-15
4.549781845950012821e-06 7.704419443255208463e-15
4.550157079009370640e-06 7.632742623376452249e-15
4.550189972816521670e-06 7.738910544550253105e-15
4.550836884357167620e-06 7.699030208677863556e-15
4.551276595744680726e-06 8.282501515114317491e-15
4.551538618909731671e-06 7.691593064961116508e-15
4.552152636643225744e-06 7.644060015988887441e-15
4.552236366334157255e-06 7.700818454696708078e-15
4.552974981822012496e-06 7.702802672882008620e-15
4.553373860182371211e-06 8.542450155740201372e-15
4.553841185410334235e-06 7.715736835867646810e-15
4.554033065952051398e-06 7.649718712295103459e-15
4.554194528875379758e-06 7.941879158432130804e-15
4.554468085106383454e-06 7.941879158432129226e-15
4.554562656247190090e-06 7.730072199843398684e-15
4.555015197568389152e-06 8.174936560372573579e-15
4.555197568389058001e-06 8.219755291514968059e-15
4.555314827970720012e-06 7.732335678365885407e-15
4.555751462803426815e-06 7.697293677536270066e-15
4.556020948364237985e-06 7.734599156888372130e-15
4.556441166750597979e-06 7.675182845673086585e-15
4.557020920101642499e-06 7.729209922311022489e-15
4.557218282944551217e-06 7.787413655746406180e-15
4.557893702451395122e-06 7.761760899158219114e-15
4.557947429003075589e-06 7.804861302690578284e-15
4.558446318411539365e-06 7.753461477909100605e-15
4.558622848509918646e-06 7.828533515571590848e-15
4.559181860488120692e-06 7.794329840120674234e-15
4.559768162143366543e-06 7.813401742486073053e-15
4.560246506766556254e-06 7.768036907788751558e-15
4.560759878419453215e-06 7.986697889574522128e-15
4.560942249240122064e-06 8.058407859402351403e-15
4.560946247755050648e-06 7.799808895274313193e-15
4.561132645995575408e-06 7.733090171206715367e-15
4.561646295445709995e-06 7.824074269422585539e-15
4.562069023039153976e-06 7.770060320407340779e-15
4.562346726514075111e-06 7.824795346496572195e-15
4.562757234582111793e-06 7.860347963693212853e-15
4.563396836387834540e-06 7.859562033650683288e-15
4.563542665599539753e-06 7.807030469607961459e-15
4.564125982446358911e-06 7.821365833583711755e-15
4.564133657668027428e-06 7.864749171931383146e-15
4.564872572190493626e-06 7.877266894063321621e-15
4.565533106418949461e-06 7.895054634371351543e-15
4.565942451574612460e-06 7.850916803182851771e-15
4.565957446808510734e-06 8.309392753799755441e-15
4.566179104242729164e-06 7.936425991810144093e-15
4.566601241434506922e-06 7.858671312935815397e-15
4.567272823330516145e-06 7.867578520084492733e-15
4.567283787932899257e-06 7.916216362145080575e-15
4.567963593280696236e-06 7.946611645161335135e-15
4.568607131097531933e-06 7.958799606436265584e-15
4.568922995989281203e-06 7.877952796645892447e-15
4.569345133181058114e-06 7.962204497205135889e-15
4.569498637614431844e-06 8.013761507995122637e-15
4.569878419452888008e-06 8.479703932140850363e-15
4.569993263010857367e-06 8.005797416897482356e-15
4.570081954461251003e-06 8.060540064126518589e-15
4.570817380246594454e-06 8.023021192859843773e-15
4.571494195248286949e-06 8.026965132709630360e-15
4.572216945288753516e-06 8.022249552454448241e-15
4.572757118086496629e-06 8.032917787265522519e-15
4.573029239582021709e-06 7.991126722770252253e-15
4.573105991798708574e-06 7.908132510279052958e-15
4.573387416593226515e-06 7.811305929039325444e-15
4.573573482573073563e-06 7.727397179771368204e-15
4.573981762917933283e-06 8.201827799058013107e-15
4.573988642290606676e-06 7.964719473341230495e-15
4.573988642290606676e-06 7.896815117666619344e-15
4.574149821945648923e-06 7.795901700205733363e-15
4.574222387677789170e-06 7.733913254305801304e-15
4.574871292782503930e-06 7.727054228480085158e-15
4.574896876854732603e-06 7.789090306503803636e-15
4.575430487504079057e-06 7.896276194208883434e-15
4.575783791358668958e-06 7.980228492847162481e-15
4.576252832682865808e-06 8.044480145086019059e-15
4.576914820551788749e-06 8.044412779653800886e-15
4.577626697361558321e-06 8.134857608948182028e-15
4.578085106382978558e-06 8.667942602938903391e-15
4.578203618190320523e-06 8.115303669490030692e-15
4.578401894750094642e-06 8.065318518785106228e-15
4.578990328411360043e-06 8.106396462341354934e-15
4.579220585061419792e-06 8.065318518785104651e-15
4.579716276460855090e-06 8.124106085966369700e-15
4.580128819625546566e-06 8.108073113098752390e-15
4.580148007679718282e-06 8.169375656416112045e-15
4.580685273196525491e-06 8.244824940499014901e-15
4.581066293129363615e-06 8.324720343108238231e-15
4.581702240067624759e-06 8.381367186554608646e-15
4.582239505584431968e-06 8.251426752856272707e-15
4.582381201984469388e-06 8.336162102672457783e-15
4.583097734916475081e-06 8.312014814316788738e-15
4.583736173809824143e-06 8.260386355341117628e-15
4.584215875164116203e-06 8.228791967631399168e-15
4.584311815434974784e-06 8.402325321022079996e-15
4.584376899696049166e-06 8.757580065223689196e-15
4.584644408373950070e-06 8.302444840188520388e-15
4.584695576518408263e-06 8.258971681264561257e-15
4.585300000224816055e-06 8.320745782607441806e-15
4.585631953561986831e-06 8.357810243413169189e-15
4.585693355335335815e-06 8.419301409940737517e-15
4.586115492527112726e-06 8.407984017328299170e-15
4.586268996960486456e-06 8.479660837207060118e-15
4.586384125285516754e-06 8.519271711350584866e-15
4.586576005827233916e-06 8.543163984643505708e-15
4.586671946098091651e-06 8.609810852250069556e-15
4.586813937698962182e-06 8.707894921557849106e-15
4.587021276595744502e-06 8.954782482250222067e-15
4.587243750112408457e-06 8.759200434734223237e-15
4.587381904102444306e-06 8.833800914371195741e-15
4.587568389057751047e-06 9.017528705849571499e-15
4.587957545727594947e-06 8.785230437742826071e-15
4.588771972026881843e-06 8.758194444279782240e-15
4.589331410406287460e-06 8.670547525936809502e-15
4.589684470603046870e-06 8.704122457353700887e-15
4.589953103361450898e-06 8.597550343586600464e-15
4.590119399830938541e-06 8.551966401119843139e-15
4.590528744986601539e-06 8.643763030087376709e-15
4.590572603396136528e-06 8.560903548460618491e-15
4.590605497203287557e-06 8.692805064741267273e-15
4.590759878419452928e-06 1.099851662234336270e-14
4.590759878419452928e-06 1.280013286317316812e+01
