# DarkEfield rescaled to fixed polarisation scenario 
#  m_X [eV]	chi
2.570240591634543977e-07 8.718691493713087706e-14
2.570527193195092504e-07 1.830272583551270597e-13
2.570726225893285137e-07 1.324424642804959408e-13
2.571279263314217784e-07 2.105149968400099272e-13
2.572031333433343592e-07 2.421309497438996946e-13
2.572633977095466915e-07 1.577205809989722075e-13
2.572783403552468872e-07 2.784951082057092989e-13
2.572981607523257734e-07 9.797637376151931996e-14
2.573733677642383543e-07 1.126908428731535175e-13
2.633668797363188750e-07 8.385660208609918371e-14
2.636652733972198427e-07 9.309500599930736001e-14
2.637404804091323706e-07 1.070763725026083935e-13
2.638156874210449514e-07 1.231575144686354380e-13
2.640630329537301775e-07 1.508273608862296107e-13
2.670688090342311850e-07 1.828238540579846570e-13
2.696424140188051303e-07 9.053543927928596009e-14
2.701262394206163516e-07 1.053331171958259647e-13
2.702014464325288796e-07 1.211524503667272171e-13
2.705711417274510889e-07 1.481412517509425158e-13
2.711548973108252172e-07 8.209152645274569826e-14
2.725022526833329261e-07 2.275667058574685445e-13
2.727709157486155643e-07 1.908178719485067883e-13
2.764786262170240721e-07 8.960656958274878129e-14
2.765157277054182515e-07 1.043396742378381634e-13
2.765909347173308324e-07 1.200098083196293437e-13
2.766001802074316385e-07 1.711874070708285458e-13
2.771765638165861071e-07 1.411872724215985835e-13
2.781879960157547744e-07 8.275761987780117167e-14
2.812536140695207994e-07 2.107795537205237757e-13
2.813549481927146767e-07 2.545109383780477561e-13
2.822701906680433447e-07 1.718530066025385443e-13
2.828896773513952779e-07 1.004104228537144835e-13
2.829648843633078587e-07 1.154904468313665267e-13
2.835191303450380316e-07 1.396516163884992309e-13
2.839518987014659953e-07 8.329740388886475450e-14
2.891859027259700963e-07 1.782808383021634755e-13
2.892760579084322454e-07 9.888998059780574783e-14
2.893512649203447733e-07 1.137416587023491373e-13
2.898226254399828770e-07 1.380763255297237605e-13
2.902862820660562350e-07 8.345156832977357839e-14
2.925825248639842874e-07 2.226276402002625794e-13
2.947481449570116584e-07 2.654937846842024012e-13
2.953193453202152270e-07 1.517111905202593126e-13
2.954076525999371069e-07 1.788009814808219797e-13
2.956736262854231283e-07 9.944101439531758420e-14
2.957488332973356562e-07 1.143754488775637323e-13
2.960733836669252810e-07 1.333081052808563140e-13
2.961087081725205416e-07 2.234146823536930009e-13
2.967109040310643625e-07 8.336531968046868355e-14
2.988195791019139254e-07 8.111726800148354955e-14
3.020630524156697719e-07 1.785422339494140269e-13
3.021258906710777207e-07 1.107065138607081909e-13
3.022010976829902487e-07 1.273328444353133814e-13
3.022763046949028295e-07 1.464561813624438354e-13
3.022852549508659300e-07 9.661734008118003044e-14
3.051306438765665341e-07 8.167484565397158401e-14
3.069576614909603365e-07 1.550798150330268629e-13
3.070946294126555944e-07 1.165117726658263561e-13
3.071698364245681223e-07 1.340099593634283857e-13
3.080367561671486468e-07 6.704740226159854735e-14
3.084594398561099910e-07 9.882320215831323215e-14
3.115949178019576078e-07 5.825305259134974627e-14
3.118197093485932849e-07 8.337715515969403066e-14
3.134238407276825804e-07 4.904832528691736514e-14
3.148016906788841778e-07 1.091384066340078621e-13
3.148888983010891989e-07 6.956347032957446382e-14
3.164427090600284043e-07 9.413809718316436282e-14
3.181182965962694837e-07 5.693938147044608589e-14
3.193895514851322069e-07 8.535625338343090547e-14
3.193955338610797811e-07 4.869828328748346583e-14
3.210012524011348104e-07 7.279491681484360730e-14
3.222534003137567951e-07 1.306120902119413037e-13
3.224609965284575594e-07 1.084053070346588198e-13
3.232183941808944765e-07 9.462633149833656766e-14
3.233251002335106621e-07 5.194442879987495143e-14
3.244200886882033550e-07 6.278653749805139849e-14
3.271173868210389098e-07 7.787451573445693149e-14
3.277007809266045723e-07 6.405322174049605431e-14
3.287858440757478603e-07 9.521499909601951338e-14
3.287878640987951192e-07 4.840655566833503867e-13
3.288598079965544152e-07 1.092617659722582142e-13
3.289350150084669961e-07 1.256711187453533929e-13
3.291825381255959629e-07 1.539565555068629254e-13
3.307218807801372264e-07 7.925637564274514509e-14
3.324439504279075581e-07 6.618436301115606843e-13
3.336271314486529959e-07 1.067570585839632754e-13
3.341556424847484221e-07 1.230559644337755300e-13
3.348114519695789619e-07 1.413466896811902598e-13
3.356971664682066846e-07 1.705426412188310715e-13
3.362990423242561562e-07 4.800017325845558168e-13
3.367621381573493195e-07 2.076379872391467574e-13
3.368373451692619004e-07 2.388218597620171788e-13
3.370851346630564252e-07 2.927197415670707595e-13
3.396614306211335596e-07 6.040748566141967045e-13
3.398979908586039276e-07 1.852101552399678311e-13
3.402552241651885676e-07 2.096301582955692637e-13
3.411615066420741906e-07 4.074872024007612316e-13
3.411816378119295172e-07 2.319686811028649115e-13
3.414912020276302034e-07 3.445657116131931290e-13
3.422921245647502231e-07 2.816703587406198258e-13
3.435809978794805298e-07 4.891932034343897727e-13
3.456302465165750049e-07 6.344579690674331282e-13
3.461514179149164087e-07 7.636601611453630981e-13
3.462526415151603745e-07 5.650446032008116435e-13
3.467777231983316374e-07 9.154268816291587971e-13
3.472205899434803810e-07 1.098976527017223147e-12
3.475981633282867522e-07 1.223845546037135141e-12
3.476572101558214200e-07 1.365955176477955477e-12
3.477324171677339480e-07 1.571099585078801760e-12
3.477713990085045177e-07 3.649866641503296635e-13
3.477895993586096564e-07 2.194287198818061830e-12
3.478076241796465288e-07 1.807053370960023018e-12
3.480318245398344519e-07 2.742362556767855151e-12
3.511397298892596863e-07 1.352215315398464078e-12
3.512149369011722143e-07 1.555296218751146547e-12
3.512901439130847422e-07 1.788876594219627754e-12
3.513653509249973230e-07 2.057536969977575815e-12
3.514991608033352201e-07 1.044375134166050418e-12
3.522784013423489046e-07 4.384894143082343853e-13
3.523536083542614326e-07 5.043434431409650686e-13
3.524288153661740134e-07 5.800876836230275749e-13
3.525040223780865413e-07 6.672074858264357094e-13
3.527522854303976727e-07 8.185052750052436018e-13
3.527818016265516291e-07 3.020709123568227463e-13
3.530694734449249321e-07 3.772061255002306091e-13
3.533757141184324863e-07 2.474301972483937910e-13
3.538933320754215254e-07 2.197743074546967700e-13
3.553125795502258344e-07 1.884987883567305457e-13
3.574993617894623180e-07 1.700144500667736992e-13
3.584490537970333760e-07 1.405670645040054026e-13
3.602182906129891377e-07 1.199015707169639018e-13
3.611151155575644220e-07 9.780163416820610314e-14
3.633113010671979261e-07 7.968373404598197411e-14
3.637215211321755100e-07 6.735255122048379541e-14
3.638665225301432292e-07 5.620852981327940750e-14
3.640165377289051346e-07 1.829955021502289717e-13
3.649932033336058452e-07 1.550419510325514020e-13
3.663281277950537188e-07 1.289577657117364409e-13
3.667018838542554609e-07 1.107903773933710712e-13
3.672815475960723753e-07 9.735530630484259993e-14
3.686850524376138008e-07 4.347381972642308799e-13
3.689584740450254786e-07 3.146561579943550292e-13
3.690336810569380595e-07 3.619124315206980459e-13
3.691025828345185505e-07 2.395634684471937086e-13
3.691777898464310784e-07 2.755420326806740144e-13
3.693168295866363971e-07 2.078147756847010794e-13
3.708582625580672028e-07 1.425676504833225799e-13
3.714076397662989286e-07 1.708389638139521833e-13
3.725529065083116093e-07 1.068459381368186782e-13
3.728866525646724272e-07 1.243866776150580854e-13
3.748111368887353942e-07 1.971611597238920019e-13
3.764691096513530164e-07 1.680080476325623794e-13
3.774341523542127000e-07 1.444124467600146111e-13
3.776390137684803344e-07 9.915962728238220343e-14
3.785972890241641838e-07 7.912262658285278474e-14
3.794317287277653334e-07 1.267117491208697770e-13
3.838325066410251126e-07 7.331101037165942096e-14
3.841244617806031282e-07 1.041273375351327188e-13
3.851196252715672992e-07 1.233091114917548821e-13
3.856997185172983226e-07 8.578849660416741235e-14
3.897727172836022327e-07 6.958124727610226476e-14
3.908242030698911251e-07 1.046319252173241920e-13
3.908558691801700926e-07 2.197404803369300860e-13
3.916079392992955835e-07 1.757988744450597287e-13
3.919261228112333157e-07 8.751212336953410385e-14
3.921078000451386459e-07 1.261558228668477418e-13
3.923668464195040316e-07 1.424447369969965943e-13
3.924166588559656139e-07 1.562769246991746803e-13
3.930014809906164210e-07 6.057160598676007617e-14
3.964302370337204574e-07 5.425470782747346351e-14
3.969787455000142943e-07 8.147083188904261852e-14
3.994784670459622035e-07 6.681989230770697854e-14
4.018492409984083338e-07 5.728876313943006999e-14
4.033952710163715293e-07 8.486581253631164802e-14
4.058803927162569081e-07 6.743456944990731719e-14
4.094773739479391197e-07 7.720046898706486406e-14
4.095525809598516476e-07 8.879473271312277318e-14
4.101052178292057872e-07 1.045078521984777788e-13
4.118617003824270205e-07 5.368002804574519771e-14
4.118961367481757732e-07 6.683217558630983377e-14
4.159687957034324423e-07 9.244144439101885052e-14
4.162495167524432192e-07 1.126616229437733278e-13
4.163548445524601816e-07 8.174540401411856498e-14
4.180625754896259621e-07 6.008920086716644922e-14
4.184899592760722250e-07 7.242859145817896660e-14
4.190375318440559070e-07 1.343272565570990576e-13
4.225331195727459945e-07 8.839914229093533239e-14
4.227798381191783555e-07 1.061857793217481246e-13
4.243469189850460092e-07 7.915611355092514576e-14
4.253992138870202492e-07 1.335141505124588379e-13
4.277698147415076092e-07 1.612577789885152341e-13
4.286155743150335441e-07 9.103632530730048324e-14
4.288544561275970396e-07 1.106206883500228995e-13
4.311978789452163760e-07 1.370133273875303071e-13
4.323980275234740083e-07 1.827371959117717888e-13
4.327337439044015455e-07 2.291048789223366207e-13
4.328089509163141264e-07 2.635127319056806528e-13
4.328841579282266543e-07 3.030880887522856936e-13
4.329593649401392352e-07 3.486070250920330470e-13
4.330345719520517631e-07 4.009621705815085669e-13
4.330811878685264368e-07 2.126318579053692353e-13
4.331097789639643440e-07 4.611802134365773502e-13
4.331849859758768719e-07 5.304420338630753396e-13
4.332601929877894527e-07 6.101058612036231438e-13
4.334517533272229225e-07 7.408482987462575793e-13
4.371571800141507634e-07 1.009411383705119543e-12
4.382978196948244389e-07 1.253484168809257322e-12
4.383730267067369668e-07 1.441737248360472189e-12
4.395819328073147683e-07 5.327813046453628356e-13
4.396154617368680680e-07 3.506548639898169624e-13
4.398395634390316848e-07 6.220154903876734117e-13
4.399147704509442657e-07 7.154321720720331230e-13
4.399899774628567936e-07 8.228785307528257624e-13
4.400882593534243414e-07 4.047956618248718065e-13
4.403450131619504869e-07 4.700045476720331670e-13
4.418467930069705148e-07 2.315106262552699019e-13
4.421197033001986664e-07 2.682329236148926087e-13
4.421949103121111943e-07 3.085171770295149636e-13
4.428837381712193588e-07 2.005132298168645726e-13
4.433777114994631934e-07 9.446514985249863913e-13
4.434529185113757213e-07 1.086522898359996050e-12
4.437206133999315880e-07 1.740407427042305076e-13
4.446854433429673793e-07 1.237361977490928015e-12
4.447606503548799073e-07 1.423193764264524748e-12
4.454479554273831807e-07 3.422384535353738535e-13
4.455086582298554392e-07 1.516237254248382700e-13
4.455231624392957616e-07 3.936371424235487338e-13
4.455983694512082895e-07 4.527550843416883817e-13
4.456735764631208704e-07 5.207515864361317173e-13
4.457487834750333983e-07 5.989600650648715402e-13
4.458239904869459792e-07 6.889141941894302466e-13
4.463759994359208965e-07 8.031678747105910766e-13
4.467319442307629446e-07 2.497549082914810207e-13
4.468071512426755255e-07 2.872640622072949936e-13
4.468645820517724179e-07 9.427498711079194544e-13
4.470022987878720803e-07 1.296279435998730534e-13
4.471470027888145804e-07 1.112706237033837716e-13
4.478346765387656051e-07 2.234084296990178806e-13
4.479778737281142650e-07 1.029909720480868202e-12
4.484781143073508191e-07 1.270143582374940112e-12
4.499600342920822171e-07 9.466169320480401967e-14
4.502694085910861045e-07 1.825479809125147636e-13
4.523532288497279487e-07 1.497267906458584157e-13
4.538568807307589614e-07 1.304127740606134108e-13
4.544413466519078406e-07 1.123973113440468572e-13
4.552399083783974927e-07 9.163686411002027006e-14
4.560671855094355117e-07 2.056721863595514600e-13
4.586957845257972942e-07 1.704818559160178081e-13
4.593660385319634164e-07 1.089839873688091228e-13
4.603158933252745877e-07 1.470213191071430727e-13
4.606671724303666609e-07 1.244684464306523335e-13
4.626323152552135557e-07 2.061312332535826828e-13
4.633432197333648271e-07 2.708061741100133341e-13
4.647382121328986657e-07 2.429599527372722952e-13
4.663014435947953036e-07 1.179610103230942952e-13
4.665921454118499150e-07 1.681546708829257653e-13
4.670035384917191520e-07 1.384717167077730811e-13
4.691885300878148661e-07 2.004416921875077190e-13
4.693388871366309459e-07 1.076590758028011138e-13
4.720828605462676689e-07 1.635936481151618148e-13
4.735715169879484370e-07 1.312163120791960842e-13
4.744070136019061007e-07 9.505658315789865513e-14
4.755651730978549397e-07 1.938624148503573722e-13
4.758410135344043360e-07 1.070232174741023521e-13
4.791027514081961048e-07 1.593433926965524166e-13
4.799693412954611005e-07 1.270661393742711083e-13
4.818611015117765905e-07 1.059537563456239043e-13
4.819255279582560512e-07 1.959175881977526284e-13
4.835454726952424177e-07 9.483202038822062857e-14
4.837856309908585027e-07 2.532131016924097771e-13
4.842470249730326611e-07 2.162961350028300973e-13
4.849422828688736582e-07 1.478711016990492577e-13
4.880898753817280452e-07 1.063746063008627861e-13
4.881855933968894444e-07 1.271095326685792910e-13
4.888593073399672337e-07 1.709683976209073265e-13
4.895204181520714112e-07 8.866817756916209159e-14
4.919087560689795072e-07 2.080525649121541595e-13
4.929955376087693463e-07 9.263064840826452538e-14
4.938252076901864796e-07 1.319611010216230662e-13
4.939681010128203356e-07 1.116912879506713003e-13
4.943018117799647502e-07 1.606281379494002276e-13
4.956534217797697333e-07 2.953495393667701742e-13
4.969178871467237256e-07 2.489039393157328138e-13
4.977255590310666087e-07 2.004058790137076685e-13
4.977460324683754702e-07 3.289856219304498199e-13
5.004374579011822149e-07 1.283623532484322864e-13
5.005126649130947429e-07 1.476403057736824432e-13
5.010292580598565251e-07 1.121500635001014145e-13
5.011550710887135022e-07 1.769762459877793970e-13
5.052258448414657078e-07 2.019145481038111255e-13
5.064272923954075128e-07 1.615890878666528799e-13
5.068629958280580185e-07 1.359722615115293095e-13
5.070316871758008806e-07 1.159456148087800043e-13
5.101674634787478163e-07 1.038742049930215064e-13
5.123459599238148007e-07 9.130963869302449729e-14
5.134115553783160615e-07 1.399679072246944074e-13
5.153026373207145188e-07 1.840303310687473439e-13
5.160954852677276883e-07 2.248653181973371298e-13
5.162611197582494167e-07 1.195511729227884051e-13
5.181522830935179306e-07 1.246890076393770195e-13
5.196863352115069425e-07 1.448987216133553737e-13
5.213901728563894063e-07 1.928423713110200342e-13
5.219754486365952589e-07 1.775217671039282980e-13
5.226275501050176547e-07 2.301771403305327391e-13
5.255595163629540351e-07 3.722204618161762072e-13
5.262390879744422165e-07 1.566478987989361925e-13
5.264889182094690152e-07 3.095491542826235603e-13
5.266489661893655731e-07 2.704979346214856131e-13
5.283739941549122627e-07 1.751545772856034365e-13
5.287598088808592308e-07 2.162364728779706326e-13
5.289735465575717228e-07 4.163561322375506004e-13
5.323708523956942096e-07 3.517398226527786559e-13
5.325443602898439440e-07 3.003692250899549005e-13
5.326210866353305447e-07 2.627925460865948823e-13
5.330297873667341087e-07 1.221880390191640827e-13
5.338474287243160512e-07 1.519959879571907769e-13
5.344850240555722623e-07 1.812174885213019874e-13
5.352774324810872531e-07 2.161786530741814782e-13
5.382650310293133645e-07 2.851258603668445860e-13
5.384626203606108772e-07 2.485937923248067532e-13
5.393436994309402760e-07 3.218231175585193511e-13
5.393785298875063130e-07 3.731572371056255053e-13
5.394537368994188409e-07 4.291994279764434328e-13
5.397709344941594667e-07 5.198802710247269499e-13
5.400648715644023727e-07 1.538274224395582785e-13
5.418798511733179968e-07 6.042500437590166929e-13
5.420629851308972423e-07 7.279261879940414258e-13
5.424639264086907524e-07 8.937012207696461985e-13
5.441655908639433500e-07 2.176173988741984513e-13
5.442439884763611873e-07 4.647383414039112595e-13
5.443328694904397353e-07 2.666144208365005801e-13
5.444969575164307053e-07 3.021214632443429122e-13
5.445721645283433391e-07 3.474952280429005122e-13
5.446260059118715600e-07 1.706747852727334077e-13
5.446473715402558670e-07 3.996833995700849563e-13
5.448593185738275366e-07 5.928834313818176281e-13
5.454604049190377871e-07 1.109754114438558166e-13
5.456269034261798479e-07 6.910637523048132454e-14
5.459289673932566224e-07 1.361977931406659179e-13
5.461080035897971606e-07 7.999492675618828543e-14
5.463965043173129347e-07 5.759730467046192825e-14
5.466209858528701492e-07 9.399339015678283024e-14
5.467412031219121357e-07 5.130043307857597737e-14
5.495426643156546215e-07 7.244389112144705969e-14
5.496383823308161265e-07 8.656491869024092003e-14
5.507642085091434126e-07 9.679935833392377709e-14
5.509266686777336735e-07 1.093591467133555724e-13
5.515117206275470028e-07 1.241812763166909791e-13
5.517236676611186724e-07 1.503098975463572423e-13
5.523389977585850217e-07 1.740182630520284091e-13
5.528447079386879415e-07 2.017222740379150581e-13
5.538034833905549585e-07 2.457733681503519623e-13
5.548488608561393613e-07 2.733323024636272710e-13
5.549774586310543167e-07 3.116210975298844204e-13
5.551378500966511870e-07 3.747830009522901752e-13
5.559101913242507346e-07 5.991889263264059024e-13
5.559388416145031514e-07 4.885142528098594711e-13
5.563059777202753679e-07 7.286242835859365695e-13
5.564241059056532029e-07 9.077185591618226414e-13
5.600550418379248130e-07 2.164529345896640007e-13
5.601219911732046702e-07 1.787332285827574619e-13
5.608945722955790325e-07 1.281836693295055135e-13
5.609396032708936119e-07 1.122730470298554173e-13
5.610766851426070337e-07 8.436884747925219491e-14
5.611253987753230633e-07 2.954487479584355540e-13
5.611899840176960066e-07 2.591952003158088156e-13
5.612505403130021525e-07 3.385774471475513646e-13
5.613715877893185473e-07 1.513981231552473031e-13
5.614967808758154556e-07 7.307276417193192412e-14
5.615766408467983367e-07 9.851901112497756799e-14
5.622382156599229663e-07 4.162988441054978241e-13
5.647246050537592415e-07 7.144037342073195243e-13
5.656984978746873989e-07 5.028366616875697970e-13
5.661941804532020522e-07 2.496731394957910585e-13
5.666070593519340253e-07 1.198399055388070515e-13
5.666146560198039658e-07 1.850993909333366882e-13
5.666341414728904200e-07 1.387509319034597308e-13
5.667799161031235184e-07 4.323054217251274194e-13
5.668288820537366917e-07 1.605624845915996918e-13
5.668411316806769854e-07 2.820962569695498335e-13
5.669163386925895133e-07 3.244625591740957077e-13
5.669915457045021471e-07 3.731915957933738661e-13
5.671710827233248143e-07 2.175783763702180848e-13
5.676128581779160177e-07 3.859525196626429770e-14
5.687334426554130543e-07 9.112276776986733825e-14
5.691098765400390032e-07 7.867651730568528074e-14
5.691276337511849800e-07 5.181792277874153848e-14
5.691796709260941945e-07 1.072813359041055106e-13
5.694880372057075883e-07 4.409301207905710157e-14
5.697279776947624437e-07 5.923083071677762860e-14
5.698668931258571439e-07 6.951691386657044169e-14
5.729183710182924089e-07 9.101839414270723366e-14
5.730873426164856122e-07 1.346508230584228329e-13
5.733855660922946528e-07 1.055557903176001409e-13
5.734311460995144020e-07 8.011988995426540205e-14
5.735281460523788490e-07 1.648055569434659285e-13
5.739644321839851604e-07 2.160904134121260656e-13
5.739735481854291738e-07 1.948996720626441801e-13
5.753326870257124365e-07 2.417327312892249737e-13
5.757191912431834766e-07 2.889184801490799848e-13
5.765652701271997069e-07 3.608013857394478792e-13
5.777974259161191535e-07 4.393239064501134112e-13
5.790579979907898820e-07 4.926607334344874271e-13
5.791146474283343685e-07 5.474200431995435423e-13
5.791898544402470023e-07 6.296336933633652861e-13
5.792650614521595302e-07 7.241945061077785955e-13
5.793402684640720581e-07 8.329568258571888328e-13
5.794154754759845860e-07 9.580534896226186943e-13
5.796554467008084730e-07 1.166518524195671987e-12
5.809621027923940122e-07 3.864344288565100175e-13
5.813347193514153321e-07 4.500849040423194086e-13
5.813859968595374573e-07 3.155104289409762435e-13
5.816694216317037360e-07 2.578230790719752533e-13
5.818888582891890303e-07 2.236150161868597662e-13
5.822419893951238960e-07 1.462580595178156967e-13
5.822628422484269416e-07 1.694103819547195118e-13
5.823380492603394695e-07 1.948530855041542054e-13
5.833647389229638249e-07 1.263470691475506674e-13
5.846789451993117788e-07 9.595095081808740983e-14
5.849209893810075033e-07 1.112329009910597933e-13
5.890645188257908825e-07 1.225071992931727017e-13
5.893134996152287902e-07 1.133659270946848874e-13
5.900516820759045610e-07 1.517829124112816487e-13
5.919680792357057038e-07 1.946365701977167810e-13
5.935174956144615781e-07 2.355559958101323094e-13
5.938355542860532383e-07 2.904197140184905229e-13
5.947470508395223007e-07 3.622431530232435389e-13
5.954326155844772862e-07 4.601861740978460413e-13
5.967065767862686777e-07 6.289827839115121877e-13
5.971304708534121228e-07 5.420785462635368404e-13
5.977883897701244077e-07 8.191763141726296190e-13
5.988504324258486442e-07 9.919380577837447217e-13
5.992544991898514608e-07 1.099369905490074802e-12
5.994322612180084509e-07 1.530296422706350753e-12
5.994716553671054842e-07 1.272828999764794917e-12
5.997508654684743568e-07 1.611952544759084280e-12
5.998070897479682593e-07 2.236076691023123390e-12
5.998260724803869906e-07 1.854041785446966665e-12
6.000364811887149817e-07 2.742393394370930044e-12
6.002809609524398059e-07 3.357918481785107526e-12
6.023106386739343361e-07 5.485410254320270728e-13
6.025636077140038541e-07 7.882010142648604105e-13
6.025675959646354644e-07 6.630928028763291892e-13
6.026439424767285734e-07 9.152663119756760273e-13
6.027618807454096095e-07 1.139833977429924509e-12
6.028370877573221375e-07 1.311018633580891386e-12
6.042369637290581033e-07 3.677707981430979821e-13
6.043596024359836129e-07 4.416701228580488695e-13
6.046981596697569987e-07 3.117740975158422615e-13
6.074452264872366944e-07 2.709736322564802715e-13
6.089657755280868792e-07 1.416540005073754363e-13
6.093727724354109934e-07 2.287175516640811104e-13
6.094010645970352881e-07 1.921958044466915178e-13
6.094125735488582041e-07 1.228857893629549419e-13
6.096327249837295280e-07 1.661165542105779797e-13
6.096442990498485529e-07 1.101235804401505471e-13
6.117313424661438138e-07 3.989374308923274323e-13
6.121156578936848485e-07 3.351388348440558434e-13
6.139785207852476914e-07 2.685377259614213471e-13
6.145449637546696685e-07 5.171776778537345355e-13
6.146440188775025426e-07 6.218366443188997117e-13
6.148250854561830060e-07 4.551467567429162201e-13
6.154151756246513902e-07 2.093044290727520402e-13
6.154581917564649378e-07 3.251665150238933164e-13
6.158875554244747486e-07 3.777504635838813990e-13
6.164275265766710886e-07 1.784538525224025990e-13
6.165640766816336432e-07 1.556827588608240734e-13
6.170336647060147897e-07 1.334879633381782977e-13
6.190867401645487496e-07 1.126198786619879015e-13
6.199845713484291550e-07 9.575540644804438770e-14
6.214802223103354432e-07 1.625865102928599806e-13
6.239588631029442965e-07 1.378062624639368223e-13
6.242826710709011345e-07 8.282227800872444904e-14
6.247605014799212528e-07 7.039966327284767505e-14
6.251487861664243979e-07 5.886792120625285357e-14
6.255458070209778528e-07 9.984787773122086687e-14
6.258800604072558723e-07 1.177858482972160928e-13
6.260863099399251659e-07 5.074619695386082714e-14
6.279699037382804249e-07 1.940551214308688307e-13
6.294989789216574670e-07 1.678049788883181676e-13
6.306475219805883971e-07 1.398254433270796943e-13
6.309106688290883597e-07 1.204071578281508126e-13
6.314185492390803990e-07 6.747673326421235753e-14
6.316409711432953019e-07 8.145351139475845619e-14
6.327028177379589750e-07 1.004957231619921903e-13
6.367588686304246680e-07 6.961730751528844586e-14
6.377680459744855464e-07 8.376755953011475246e-14
6.398201358653195229e-07 9.976535889009300501e-14
6.421451435460933905e-07 6.212165417631115392e-14
6.421733936547347750e-07 5.110071472862458667e-14
6.439785406857623983e-07 8.039200245204880698e-14
6.452880274814162243e-07 1.547520395130740621e-13
6.459022180787020984e-07 9.579343538751491426e-14
6.467207590416897016e-07 1.102885566689660863e-13
6.469142570247201777e-07 1.342911439519200990e-13
6.472536652927669683e-07 7.925512793713672331e-14
6.475376287377459623e-07 1.793602190640331623e-13
6.491321313403101418e-07 2.290751525123717301e-13
6.494491023071839168e-07 2.632555714903177472e-13
6.496035425649801121e-07 3.037645953535393335e-13
6.496431971712613691e-07 2.010055668558387522e-13
6.499161644394984968e-07 3.721660449318777763e-13
6.505890962710886669e-07 5.578601161817838066e-13
6.509285533748577244e-07 4.616448330007542236e-13
6.515732423593272167e-07 8.514711402515592130e-13
6.519081091663798644e-07 6.943068960959871314e-13
6.546706719675973644e-07 1.800676429674268711e-13
6.546729509679583148e-07 3.105508035446117850e-13
6.547729990838056044e-07 3.740860686419749042e-13
6.552192599116347461e-07 2.693322760665354758e-13
6.552700490625367432e-07 5.492023318475735258e-13
6.553153441947113472e-07 2.319175611001535169e-13
6.554785775955669872e-07 2.094520253400847660e-13
6.561881443579601921e-07 4.819972024338723896e-13
6.563446647621641542e-07 1.483400846436903917e-13
6.566844536615739532e-07 1.008618493635093901e-13
6.568417046864820720e-07 6.844668049024894453e-13
6.571269459995205210e-07 1.176216327894753248e-13
6.611165396136022858e-07 1.153504247869916281e-13
6.613096072010019118e-07 2.571416023198558641e-13
6.614820043096486515e-07 1.865472904498405661e-13
6.625255315867821591e-07 1.272014811275153470e-13
6.630069704130406077e-07 2.272456987885736039e-13
6.634842785511446616e-07 1.528898756961670946e-13
6.678751400854589754e-07 1.969437913315215820e-13
6.691707241105134294e-07 2.361712567489301227e-13
6.707216715100246234e-07 1.610408104725184244e-13
6.711838527832327341e-07 2.793670923137460052e-13
6.746959800218954862e-07 2.125970301300477364e-13
6.760553869798683847e-07 1.711040331814001657e-13
6.772386358280054305e-07 3.384488711428828990e-13
6.779998870628709378e-07 2.638627613633606673e-13
6.804705513542163588e-07 4.191164266855727949e-13
6.818821761725500552e-07 2.182535331643131055e-13
6.831252734122159508e-07 3.345643397819438929e-13
6.844099509429106739e-07 2.584625792120683162e-13
6.867749500528131505e-07 2.299229911050460224e-13
6.898624775873221604e-07 3.219209172761133689e-13
6.899373738264581951e-07 3.700542170879734049e-13
6.900992864430137124e-07 2.772583935616469797e-13
6.901893483936429770e-07 4.512664384623991649e-13
6.918505687317749907e-07 2.578838460042272691e-13
6.927200332672226811e-07 5.300352864401973949e-13
6.962174700939328346e-07 2.990619408362795176e-13
6.965108395949471086e-07 3.440820724506198810e-13
6.971966433958838979e-07 4.135842324868484850e-13
6.974403868671843385e-07 2.552865574169344438e-13
6.975583658323005618e-07 2.245827450552482257e-13
7.004887676956265708e-07 4.945977143920387555e-13
7.025053702111284101e-07 3.118478039298121757e-13
7.027033267147062381e-07 3.763625160458522311e-13
7.031324751437932149e-07 2.670251347661609511e-13
7.033170741730330562e-07 1.914867495065169075e-13
7.034268460237539671e-07 2.245241634828777398e-13
7.036258787219467060e-07 1.320248243833123270e-13
7.038993587652650953e-07 1.133918411759736381e-13
7.039624870752644167e-07 1.602325380184350859e-13
7.040133087833143094e-07 4.661810688302478788e-13
7.040885157952268373e-07 5.361939369777100746e-13
7.041208491128484961e-07 9.821248450158775253e-14
7.044673996052409297e-07 6.345537355106287022e-14
7.045568503694096623e-07 8.579431455162994514e-14
7.047650533309597856e-07 7.359205942716773244e-14
7.048280514123669952e-07 4.818122760244094016e-14
7.049032584242795232e-07 5.541726990629667012e-14
7.050453703753610261e-07 4.203548262010636918e-14
7.050915472636276455e-07 3.602024989246272114e-14
7.058241170076406694e-07 3.087185992261018130e-14
7.062569846387054493e-07 2.681159414994684964e-14
7.067155520684840196e-07 2.305073733000416362e-14
7.072457859203284484e-07 1.773002306973166222e-14
7.075656488005392209e-07 2.048545212778022392e-14
7.076372042323278739e-07 1.245271952144148654e-14
7.082849598128715023e-07 1.493713079523803135e-14
7.086291391394473651e-07 1.085451972713304081e-14
7.089891554560881229e-07 9.555257945138869652e-15
7.138785315959342674e-07 1.759676595820388097e-14
7.141484032220144322e-07 1.501216970869723052e-14
7.142764761362402625e-07 1.251010503369230939e-14
7.148442579989024055e-07 2.094947557618146335e-14
7.153815571057478027e-07 1.023056822519132759e-14
7.164270237496074469e-07 9.037723824732243806e-15
7.171449088633181525e-07 3.436451650047550876e-14
7.180986705143909304e-07 1.356662828848789134e-14
7.182439567874037949e-07 1.777719492932345351e-14
7.183049200470601181e-07 2.384551629546782377e-14
7.183476951307587790e-07 2.884991209151054228e-14
7.184576130712463361e-07 1.540429995500487740e-14
7.186285380983202632e-07 3.635841427397440026e-14
7.187037451102328970e-07 4.181886094333784593e-14
7.187789521221454249e-07 4.809937852130263941e-14
7.187960446248527647e-07 2.016156770346665356e-14
7.188541591340579528e-07 5.532312841495841481e-14
7.192194503347760817e-07 6.356330575751033666e-14
7.192946573466887156e-07 7.310948779399684531e-14
7.193698643586012435e-07 8.408935221039839327e-14
7.196104366384652880e-07 1.025011037513413952e-13
7.198785697963213579e-07 1.261593536592928858e-13
7.199537768082338858e-07 1.451064512226495041e-13
7.200289838201465196e-07 1.668990968620134152e-13
7.204706215329575457e-07 2.210251598573356097e-13
7.206074225992694152e-07 1.900357529864823492e-13
7.206249424145444729e-07 2.611817722833246704e-13
7.209155149605702019e-07 2.944828839741197927e-13
7.219949065065424088e-07 3.305323859604320681e-13
7.223117825150679433e-07 3.797841878865406999e-13
7.225246963972775919e-07 4.342121191471611846e-13
7.226577071456188147e-07 5.040499977906651649e-13
7.230059280416849391e-07 6.002573673569486894e-13
7.232002128224591901e-07 6.724770648822500727e-13
7.234604332273134444e-07 7.609659086746604452e-13
7.234930643688458696e-07 1.388630526971376389e-12
7.235356402392260782e-07 8.752506992656517630e-13
7.235762478820218298e-07 1.621059616955041440e-12
7.235775501679424182e-07 2.790659047446254345e-12
7.236108472511386062e-07 1.006699219810298623e-12
7.236460422680770211e-07 1.845834890642894564e-12
7.236860542630511341e-07 1.157889185369355168e-12
7.237212492799896549e-07 2.123049482700085408e-12
7.237964562919021828e-07 2.441897229726336283e-12
7.241081665662759968e-07 3.388363770221554984e-12
7.269218204119499589e-07 7.242683438342480786e-13
7.269970274238624868e-07 8.330417528177702115e-13
7.287647029765839686e-07 2.951917761687152198e-13
7.287787499060816323e-07 5.394693245705821264e-13
7.288170371121461920e-07 4.500943515897077913e-13
7.288399099884964965e-07 3.395248138765171467e-13
7.289151170004090244e-07 3.905159579106893024e-13
7.297318278570461674e-07 6.051040604449042397e-13
7.302614324793953254e-07 2.599291045211361491e-13
7.303620750477844039e-07 2.247230478901418240e-13
7.307193472009661187e-07 1.941065535141275880e-13
7.342641898249579059e-07 4.856124517132922785e-13
7.344604687310478562e-07 4.074061916322155843e-13
7.346613056378598132e-07 5.919756535846911688e-13
7.352623401876071560e-07 3.575799228028582294e-13
7.354236312586097927e-07 3.131928764458382974e-13
7.374903284922180391e-07 2.606330153228901993e-13
7.389673732290180737e-07 1.815775663107042561e-13
7.389686163201241525e-07 3.125519075099703098e-13
7.390438233320366804e-07 3.594921565952461729e-13
7.395192228073384728e-07 2.133967386997142699e-13
7.410744126536754637e-07 7.480751009155797879e-14
7.413444741964524274e-07 6.779603896491585821e-14
7.417868281665199095e-07 1.543925458103753776e-13
7.425648788897607433e-07 2.226282243305698760e-13
7.427022404569729773e-07 9.746692806773962269e-14
7.427774474688855053e-07 1.121048866632424178e-13
7.428682708128170566e-07 8.458568126179576974e-14
7.431304853429873277e-07 1.322434300359676405e-13
7.463252294853884100e-07 1.796950998323018085e-13
7.463953087464886407e-07 8.312551876619335375e-14
7.467673555554196701e-07 9.671473475125827099e-14
7.483231531351864808e-07 1.102057622954053971e-13
7.483609465578394906e-07 1.255557044350308269e-13
7.493682982321065750e-07 1.515583617154868178e-13
7.513271794776812950e-07 2.409088427667089583e-13
7.520583967435036345e-07 1.957019761813689286e-13
7.527410713016372434e-07 1.618401536497017637e-13
7.551242057005467601e-07 9.865482620838772140e-14
7.555787996783971357e-07 1.146761596065456718e-13
7.561298688717454307e-07 1.378498191107974976e-13
7.583006167155849930e-07 1.672193694230478772e-13
7.583149627306777971e-07 9.075468568178636637e-14
7.620124176974617634e-07 1.233146019552843332e-13
7.621175624868435633e-07 1.045685610399045004e-13
7.625806268726917302e-07 1.473965295038911718e-13
7.644384964544723830e-07 9.650667287387714234e-14
7.654414845133424519e-07 1.105182374725606889e-13
7.665957311667596855e-07 1.810020853768689782e-13
7.683191782691599885e-07 2.487848472652581454e-13
7.686341930940573817e-07 1.436015933995983612e-13
7.688450291149530907e-07 1.237824910985946791e-13
7.690867455907402175e-07 2.123776064289859824e-13
7.734071605250801805e-07 1.858128523998993003e-13
7.742591122177189739e-07 1.325594762109973569e-13
7.745005109482634469e-07 2.077116968667963016e-13
7.745738533235170154e-07 2.380792758207499364e-13
7.752564268804980814e-07 2.874285715079769750e-13
7.756212532027085884e-07 1.626804143005044406e-13
7.790111084627277808e-07 9.663545888025872354e-14
7.795556688960432622e-07 1.159066904316370816e-13
7.808965254613718636e-07 1.651833651152814849e-13
7.810828337408824706e-07 2.247646472773829027e-13
7.811580407527951044e-07 2.585206675583607271e-13
7.812666558381811317e-07 1.405959918558235313e-13
7.813124430272518764e-07 1.946925040989083445e-13
7.816787405398176220e-07 3.026477007057515315e-13
7.855383608394809720e-07 1.193101530826550685e-13
7.864390543392908023e-07 9.728259375562708829e-14
7.898829590318532727e-07 1.316860262585467139e-13
7.918799398011096379e-07 1.042783553979951805e-13
7.937073562405668024e-07 1.262613479245377615e-13
7.944528335372195063e-07 1.586186299990483095e-13
7.947968323631364108e-07 1.892345766071391106e-13
7.959547924465535423e-07 2.328907703941309939e-13
7.968220985910749940e-07 2.956184541416377613e-13
7.973463500669717956e-07 4.308321407021317312e-13
7.974572071559598107e-07 3.529709500125885061e-13
7.989491710208535817e-07 5.638913601876582115e-13
7.997076793159989323e-07 6.911294915036337440e-13
7.997828863279114602e-07 7.949259800287494420e-13
8.001799451658042326e-07 9.179290879012740653e-13
8.005297337378764134e-07 1.114591785784464186e-12
8.005870885802946181e-07 1.316902467343334722e-12
8.011275224386247210e-07 1.461498117258563171e-12
8.014348767145814024e-07 1.773134310444088434e-12
8.015042596144603198e-07 2.945790778348454337e-12
8.021266732715281621e-07 2.259806350638313785e-12
8.022079461941761044e-07 3.698874227668591674e-12
8.036329725627528990e-07 6.928616257249365321e-13
8.045474214575987001e-07 7.498157868497164059e-13
8.045485091623163735e-07 5.875988333074793685e-13
8.045491307078694659e-07 1.291787861688226908e-12
8.046226284695112281e-07 8.624260092067057122e-13
8.048499587555195776e-07 1.044124629134363451e-12
8.048807252603929374e-07 1.394004104849691937e-12
8.050664637898133597e-07 1.644582265314251752e-12
8.054447778497370556e-07 4.182671653799936601e-13
8.054734932542855813e-07 4.828346297099118996e-13
8.061547382576471307e-07 3.385928149393724710e-13
8.076588267004354168e-07 2.755676108024770935e-13
8.088268143854409206e-07 2.394982741043333394e-13
8.114395458617892763e-07 1.450124414417386694e-13
8.118317414756976737e-07 1.683352177772199327e-13
8.122501008276788560e-07 2.085560404191847594e-13
8.139841922023532064e-07 2.365176077976435336e-13
8.179807301081194387e-07 1.663972922223509456e-13
8.183159583115680863e-07 1.468338012808957053e-13
8.186222428120056873e-07 1.991289355621417276e-13
8.217259564286240110e-07 2.685484062482688384e-13
8.219834834694155357e-07 2.266093233675453991e-13
8.246855639688450267e-07 1.864340640412801896e-13
8.248050283538392806e-07 1.537152592721379301e-13
8.266394812069106863e-07 1.357088579397169414e-13
8.300939659646164996e-07 2.200295543223265358e-13
8.313954700852443092e-07 1.578291402432288375e-13
8.319005535402480153e-07 1.851657518726724882e-13
8.320929662850112815e-07 2.617390371198963754e-13
8.322464436404902816e-07 1.231593945714790093e-13
8.324979365098715890e-07 1.411100289787179768e-13
8.377918730643233689e-07 1.812895160974526342e-13
8.378868607634599508e-07 1.193387957130061312e-13
8.379506157985586976e-07 1.580346732525081352e-13
8.380357364620415398e-07 2.298646018822768194e-13
8.380394968126370339e-07 2.077491957797528289e-13
8.395469795847509125e-07 1.455409631820522730e-13
8.436696465514938046e-07 1.228746376791037238e-13
8.441773213030309097e-07 1.782349514665406822e-13
8.441934814874087698e-07 1.069534396082372481e-13
8.442503529055079850e-07 2.041749260711927268e-13
8.443255599174205129e-07 2.348387027318555503e-13
8.448175477529254290e-07 1.563883908465474407e-13
8.504385122266017342e-07 2.182358519702881931e-13
8.512092964448454489e-07 1.418303624129754849e-13
8.514361446346237073e-07 1.922543101321422369e-13
8.519392339643112906e-07 1.662115398444243672e-13
8.528525967730475945e-07 1.251760731563786076e-13
8.578204792708819091e-07 1.973184849085676134e-13
8.581126833739843599e-07 1.728618895361353313e-13
8.582836860942524368e-07 1.514106763904260306e-13
8.585563115124353902e-07 1.337949437763595206e-13
8.644269646468736790e-07 1.488732022154050131e-13
8.650299133267221670e-07 1.080731000949173953e-13
8.650611482927811474e-07 1.765386894299638280e-13
8.653710923418750607e-07 9.914013975131876342e-14
8.659227857369538212e-07 1.308679167163518636e-13
8.690095834476122252e-07 2.182349537660442516e-13
8.699570108182699806e-07 1.318634977295811518e-13
8.711589556086541536e-07 1.714246383963878890e-13
8.723336456265396474e-07 2.852138337861057119e-13
8.724088526384521753e-07 3.280483456825324663e-13
8.724840596503647032e-07 3.773159095282579914e-13
8.725114403676203506e-07 5.277605441381753796e-13
8.725592666622772311e-07 4.339826658382638717e-13
8.729191415374621166e-07 2.510882013633746602e-13
8.738138119648893444e-07 7.013357473817003156e-13
8.747998865853661346e-07 2.158705382014023330e-13
8.749223828547691774e-07 1.578755275452698550e-13
8.749816368641548408e-07 1.762755402407993014e-13
8.752414429053072100e-07 5.878358417894314677e-13
8.786799364954084050e-07 2.876422135607340175e-13
8.788138795620790017e-07 3.344857434526123010e-13
8.788872219373325702e-07 3.833877666727233699e-13
8.789941588497255129e-07 4.677817521751056030e-13
8.794769650762004470e-07 6.687983024221987634e-13
8.795695901623005412e-07 2.461968831040907776e-13
8.800149719471335371e-07 5.711403340638639885e-13
8.817320359333965506e-07 2.382989586030929748e-13
8.821696040027060158e-07 2.615389750840285330e-13
8.825251280590198900e-07 2.950830813150262233e-13
8.847220844070108055e-07 3.332813723039464154e-13
8.855228681588524319e-07 3.825651888880834387e-13
8.856246824999795164e-07 4.707604346182713279e-13
8.892219706197784184e-07 3.951330273571972479e-13
8.907676212217473768e-07 4.514149065550755563e-13
8.921039293619858425e-07 5.343048401190009598e-13
8.958196766648342279e-07 7.556063421180347083e-13
8.959757881895617656e-07 5.882719776591290996e-13
8.961347484647406502e-07 6.602872053705131479e-13
8.964329030696597081e-07 9.083827379130188708e-13
8.969345961985767841e-07 1.187364177274361860e-12
8.971281077470855501e-07 1.421202921587410761e-12
8.973169799020022528e-07 1.074649044072842498e-12
8.991910778655200067e-07 1.905142095610391292e-12
8.991922716276140647e-07 1.664355441436628852e-12
8.992659050440390428e-07 2.189715706201682059e-12
8.998561661375346201e-07 2.666200394384636265e-12
9.001071600439578328e-07 3.530215170544678719e-12
9.013177650357138927e-07 3.053353541073807717e-12
9.015120059895578852e-07 4.262652306374051379e-12
9.032104748355131650e-07 1.635036422564070453e-12
9.038018754291891116e-07 2.861037604550636319e-12
9.038311768624018755e-07 1.024443553002737572e-12
9.039063838743144035e-07 1.178298430852814609e-12
9.039163951973286163e-07 2.061579056216214283e-12
9.040016677941689398e-07 1.406839995680520489e-12
9.040423099672731906e-07 8.835437054837356137e-13
9.041300514811711575e-07 1.786400064192748764e-12
9.042018399925421539e-07 2.444944609560671165e-12
9.042576755013863917e-07 3.248398471535654605e-12
9.050262683731290378e-07 5.790307893652790110e-13
9.052216926540836581e-07 7.611353376649130363e-13
9.053451730372788766e-07 6.678265361639416645e-13
9.057772428190041003e-07 5.059003327204966904e-13
9.058903162984530141e-07 2.952865973476802556e-13
9.064319232386374363e-07 4.257282651459730156e-13
9.067448483015966575e-07 3.519395011913694217e-13
9.097688681243418918e-07 7.519277696039622331e-13
9.102594229520441420e-07 6.350871631188014275e-13
9.104706862855075688e-07 5.478713152157329233e-13
9.106833170191875871e-07 4.738366512793485276e-13
9.108932129524344225e-07 4.077265751970198537e-13
9.116040331650261607e-07 3.020960977451968456e-13
9.116792401769386886e-07 3.474660530554105798e-13
9.118187475561790146e-07 2.622882275218204155e-13
9.122496118127382752e-07 2.187293364126604716e-13
9.124070959172287375e-07 1.351710701415260037e-13
9.126196533973257789e-07 1.822601426279956928e-13
9.127007206958807960e-07 1.555933080365906571e-13
9.129819167832784999e-07 1.105168455901714419e-13
9.130064323157331409e-07 9.317401554210537683e-14
9.134329309547177630e-07 7.644291040318622206e-14
9.151233794724794578e-07 5.280299689244186657e-14
9.154626086762121873e-07 6.211754684929505138e-14
9.155528156541370852e-07 3.216718563336695969e-14
9.158855911432112734e-07 3.726754813371323123e-14
9.161066127418568208e-07 1.535546471136916393e-14
9.161809495899952312e-07 4.502047601291467200e-14
9.161818197537694546e-07 1.766160753453802640e-14
9.162570267656819825e-07 2.031409576768423892e-14
9.163322337775945105e-07 2.336494489823030779e-14
9.164202446278988350e-07 2.752184395961946772e-14
9.168339191776340984e-07 1.277739683968568813e-14
9.170851918189384930e-07 1.090266524588526463e-14
9.196090219329909719e-07 1.577404401478940599e-14
9.199455543196299418e-07 7.715821748187870869e-14
9.199577089882217832e-07 1.757222047956198864e-14
9.200101259965245953e-07 3.326864644172015596e-14
9.200158234974269713e-07 1.957866913444770985e-14
9.200853330084371232e-07 3.826505987955705483e-14
9.200910305093394992e-07 2.251906906113784535e-14
9.201942692256922041e-07 8.967048424214635725e-14
9.202767690387599216e-07 2.656696740023400528e-14
9.202886198406371178e-07 5.585449861865523608e-14
9.203223490459796708e-07 1.021331909542831147e-13
9.203638268525496457e-07 6.424294231295366698e-14
9.204790303207974990e-07 4.635048474489859004e-14
9.209029243879409441e-07 1.221366119167048729e-13
9.217270271970478132e-07 1.483111744108462864e-13
9.227483449302497015e-07 1.933037005130608041e-13
9.227782827077189735e-07 2.236518439133034367e-13
9.229107237059700117e-07 1.666208188586889970e-13
9.231282782799037136e-07 2.720168547723804620e-13
9.235292531693277644e-07 3.332553636687154645e-13
9.269716174742027507e-07 1.640415243907108955e-13
9.272143310126476743e-07 1.500412903011550770e-13
9.273389353573846862e-07 1.891869173665418019e-13
9.274141423692972141e-07 2.175997371621710890e-13
9.276485755397639544e-07 2.646672018347635121e-13
9.284839376958922536e-07 3.964046417291875268e-13
9.289949813287880398e-07 4.737552818525856222e-13
9.301441569017228777e-07 3.340045783498151675e-13
9.319323365516315944e-07 7.193694600476574623e-13
9.320833103299311471e-07 8.830323768674962274e-13
9.323744626216628545e-07 6.261363132771687876e-13
9.327311804400705750e-07 5.519925747202105257e-13
9.335045429339972904e-07 1.074737021065858549e-12
9.345382974977407191e-07 4.419031136144279606e-13
9.354370592734350893e-07 1.556072537963994003e-13
9.355261681875496476e-07 3.777205103119979985e-13
9.357246474142262555e-07 2.703066857051346885e-13
9.360326380344396567e-07 1.801924158235357351e-13
9.362867465746895440e-07 3.260215662870111157e-13
9.365102896983334571e-07 2.176448257326654361e-13
9.411260410555041592e-07 3.518972244009655934e-13
9.412920825103759589e-07 4.106537116754069971e-13
9.422006325640618143e-07 2.776378281605818170e-13
9.424126995450212088e-07 1.919317419275448782e-13
9.436332670240694263e-07 2.279828301444489508e-13
9.440410453029458935e-07 3.183153874297993198e-13
9.477607337342379338e-07 4.829686420472675261e-13
9.480277006344193868e-07 3.985624590193254896e-13
9.480817129429748007e-07 3.388953747400206835e-13
9.486888386391416015e-07 5.740200010908134455e-13
9.489660790330555907e-07 6.950626252193483355e-13
9.493657017463545646e-07 8.512625809520235581e-13
9.498453484496017645e-07 2.768518380767926041e-13
9.521235200831841831e-07 5.389396374844714980e-13
9.521349150849891468e-07 3.838635928828832818e-13
9.522101220969016747e-07 4.415137054937533286e-13
9.530868535357733126e-07 2.245395593045310362e-13
9.532060452546527762e-07 3.237635252646181183e-13
9.547288732958641233e-07 1.857426172946526508e-13
9.549650191696323415e-07 1.374157455007817380e-13
9.555490329334669280e-07 1.582460950609062059e-13
9.556392579733992558e-07 2.759618653373231367e-13
9.597256141444746543e-07 4.085240123810553296e-13
9.598008211563872882e-07 4.698777217577013167e-13
9.598760281682999220e-07 5.404457674773569452e-13
9.599512351802123440e-07 6.216119940557750619e-13
9.600264421921249778e-07 7.149680771071714553e-13
9.601016492040373998e-07 8.223447362189441294e-13
9.601768562159500336e-07 9.458476354960910524e-13
9.602760741245229151e-07 1.137599133599603928e-12
9.606621367856741388e-07 2.160545834245187812e-13
9.608168705510925247e-07 3.577095908133755044e-13
9.609762969854359903e-07 3.122214291237723471e-13
9.615719707047887983e-07 1.675827558062005666e-13
9.619500437165975016e-07 2.638259158324567993e-13
9.642956610112128722e-07 3.516630462869359060e-13
9.666486576651698803e-07 1.437164445671513853e-13
9.670343683021582123e-07 1.988890159721231694e-13
9.676267456102745208e-07 1.652234911371793628e-13
9.678645755765175288e-07 2.850839691653022247e-13
9.679732079270578587e-07 2.433197561382291664e-13
9.739880216464519152e-07 1.988489821244971192e-13
9.778671081608870249e-07 1.732965277935127402e-13
9.780542710655328560e-07 1.873224009281124251e-13
9.791490458639418487e-07 2.325345112447077796e-13
9.819727273112038655e-07 2.810674888311372670e-13
9.825778019070458322e-07 3.328106612899449280e-13
9.838152991030613820e-07 3.825364151424453323e-13
9.858694380950972881e-07 7.234006232487216057e-13
9.866009497317995758e-07 6.004715991796601668e-13
9.874430118776795754e-07 8.520276884949219088e-13
9.876635539983271289e-07 9.926948479641187382e-13
9.879277552544614974e-07 1.222561771345084094e-12
9.880641154427272532e-07 1.483729676155994190e-12
9.881371384126269654e-07 1.804896918122537817e-12
9.882875524364522330e-07 2.387739448770493124e-12
9.884978851781015892e-07 2.056270498409861158e-12
9.886661513714210742e-07 4.403726278306467119e-13
9.901535789403582082e-07 5.246217862708762144e-13
9.907742267053334417e-07 7.622438489010812590e-13
9.909873132390857983e-07 9.461993948426684312e-13
9.913223262921508013e-07 1.027584790668725046e-12
9.913401024949663838e-07 6.184794788367292491e-13
9.927492084181643153e-07 1.931497115229549254e-13
9.930421739145690528e-07 3.516379499562781551e-13
9.931070943475795170e-07 2.188821518313112095e-13
9.931782613133976328e-07 2.498695058858283759e-13
9.935027598875245617e-07 2.912025351612709777e-13
9.944850090431096431e-07 4.281254205028355475e-13
9.952484741640400979e-07 4.584711055456656006e-13
9.971725202188030206e-07 2.173185610575237900e-13
9.972329137283689474e-07 8.244867602927802662e-14
9.974924348944763831e-07 1.751074246913758044e-13
9.975251955246655480e-07 2.438950143739145178e-13
9.975426298774271680e-07 3.485003405676842435e-13
9.976004025365781818e-07 2.805241068551487539e-13
9.981819420709999550e-07 1.171550482350689484e-13
9.988396089828643915e-07 1.382827801052047842e-13
9.993498201886801830e-07 8.780367604659171192e-14
1.000130337115883002e-06 1.021877196168376096e-13
1.004730987701754467e-06 1.683675521549778009e-13
1.005296814655665354e-06 1.300772867338113473e-13
1.006547985853846818e-06 1.050332333735770346e-13
1.006943897052272247e-06 2.062444875801342105e-13
1.007382441836022180e-06 2.326855454151081041e-13
1.008375326326625241e-06 2.913757727165274294e-13
1.008394317996300040e-06 2.520655681471797309e-13
1.008446735004602746e-06 3.327757340298253489e-13
1.008691124278607310e-06 4.065349863788114449e-13
1.008944696583478138e-06 4.893832047213897300e-13
1.009034717097737267e-06 1.638284657006826008e-13
1.009218860326904982e-06 1.296177599162885358e-13
1.009594211686359379e-06 1.096931574909685021e-13
1.010347258519925337e-06 5.614275959284739342e-13
1.011387370606753729e-06 7.055646635806187155e-13
1.012597495892839397e-06 8.898258914274645595e-13
1.014237741951291658e-06 1.214522894541211396e-12
1.014280975928727889e-06 1.020512910055879730e-12
1.015246275019128203e-06 1.389720355946102469e-12
1.019886828459534264e-06 6.938034323598372689e-13
1.020086957248376951e-06 8.560198624919585595e-13
1.020346535389493415e-06 6.239627654055355943e-13
1.020526576418011250e-06 1.084492167671993019e-12
1.024591173561830560e-06 7.667584371092417396e-13
1.024666380573742982e-06 8.819131719271620970e-13
1.024748424586738467e-06 1.027347554834298822e-12
1.025086172440236864e-06 6.529900546878982510e-13
1.025752324245753106e-06 5.331823590250666590e-13
1.026020106788169120e-06 2.365360226370534129e-13
1.026261680826433462e-06 3.558746278647273710e-13
1.026938129569944540e-06 2.706721458864920808e-13
1.027055532618843891e-06 4.282382660048528679e-13
1.027261592234816492e-06 3.148389424492826656e-13
1.027727647808638154e-06 2.321708371303156854e-13
1.029609532356722542e-06 5.153385796582635692e-13
1.032368945993804868e-06 3.516999559093514645e-13
1.032400548132144058e-06 4.156023079934821456e-13
1.032519530942657223e-06 3.019677175828003146e-13
1.032732522518061127e-06 2.613377598741640129e-13
1.033317465944047502e-06 2.197051211898472589e-13
1.033708802863176871e-06 1.847627859580136198e-13
1.034591076530398731e-06 1.529663605378313323e-13
1.036940720424209649e-06 1.227705756621434589e-13
1.037466101226178102e-06 1.034031923009527825e-13
1.039618389167093627e-06 8.814443633256055892e-14
1.041117572579559717e-06 1.401703822853544072e-13
1.042099756620848796e-06 1.592735042863854499e-13
1.042172033489440026e-06 1.821978488941574831e-13
1.043075627535163899e-06 2.087523584232851025e-13
1.043348827882983370e-06 2.508787889871777382e-13
1.043919997168909469e-06 3.405422211809082760e-13
1.044011247825408739e-06 4.035538499025231798e-13
1.044147987847067880e-06 1.176344924584367066e-13
1.044306805684724192e-06 3.015653205897594616e-13
1.045254055906194028e-06 5.060798379145908671e-13
1.048126084718257190e-06 1.489364442103233971e-13
1.048243778808327950e-06 1.292788387412224914e-13
1.048365601736715417e-06 1.059065123183481727e-13
1.048494183972991373e-06 1.720163125711897615e-13
1.048567681734633347e-06 1.972222118356599749e-13
1.049684758179431715e-06 2.405198824786056498e-13
1.049948926878418188e-06 2.961963622823774954e-13
1.050315390136464688e-06 3.410566231704542837e-13
1.050577855011371817e-06 4.115501874118128284e-13
1.052432744257561182e-06 5.280552593623829344e-13
1.056500027366091620e-06 3.621632086564357431e-13
1.056855836297450745e-06 2.380602335668261454e-13
1.057030179825066309e-06 4.413364994464365014e-13
1.057175699177661412e-06 2.750572573471109143e-13
1.057501078274655018e-06 3.210823731833413230e-13
1.057858311581239658e-06 1.475636952331061526e-13
1.057859166206375094e-06 2.119534171353052256e-13
1.058007016354794054e-06 1.733032833901726985e-13
1.059747033130407109e-06 5.397079290967833805e-13
1.062081014375102311e-06 7.587253764028528756e-13
1.062291916866842170e-06 6.540911572561289543e-13
1.062727965602577456e-06 4.991769992061116748e-13
1.063020247398874057e-06 3.619506701406397687e-13
1.063208264928655112e-06 3.156440145995687230e-13
1.063274399766053885e-06 4.304578748966545268e-13
1.063305008493979034e-06 2.322717374264330505e-13
1.063434455714483092e-06 2.716793552464747111e-13
1.063655518749498881e-06 5.535423753802151436e-13
1.064192793084601355e-06 1.510540829870418560e-13
1.064196781335232966e-06 1.742083075429779391e-13
1.064271988347145599e-06 2.003715820337306966e-13
1.065395949888813926e-06 9.840526123981382419e-14
1.065627138936797252e-06 6.777884579021382279e-14
1.065678131569874444e-06 6.223160970303518411e-14
1.065877982370760930e-06 8.305367603661580977e-14
1.065999781393549920e-06 1.132150316387284454e-13
1.066483056966602685e-06 1.315849301424012217e-13
1.072122005090563242e-06 1.554941166632463731e-13
1.072239753442547797e-06 1.217726835665521503e-13
1.072507807294530242e-06 2.057410664746376261e-13
1.073977396259451661e-06 1.888621616237525939e-13
1.076573869510010148e-06 1.074315122900100661e-13
1.078961740973956050e-06 1.013068958347370638e-13
1.079109875997420156e-06 1.656816173089699193e-13
1.079130500950686979e-06 1.361973166678426184e-13
1.080264873380367988e-06 2.027833288152300912e-13
1.080318999638941354e-06 2.242674602867783187e-13
1.082840189368289950e-06 1.176646986621845107e-13
1.083844423280690413e-06 1.676762920684620038e-13
1.085102051646561554e-06 1.459533717677032309e-13
1.085777846472355276e-06 1.013187250098355304e-13
1.089434659232832994e-06 9.246688450920214315e-14
1.089762160477631383e-06 1.259307900748025388e-13
1.090762887454984752e-06 1.675358434785424207e-13
1.091322257560394022e-06 2.074378238834217675e-13
1.093212946901890109e-06 1.049495794051691628e-13
1.094539554927146358e-06 9.204379343082878209e-14
1.096747173741111834e-06 1.319888030509839624e-13
1.099040987604444730e-06 1.631255928402398765e-13
1.099142321727638660e-06 1.969699953074824055e-13
1.099690289051042058e-06 1.077931184615749932e-13
1.102225320858833130e-06 7.251774812842105683e-14
1.102548613338613154e-06 1.149908258324965954e-13
1.102582126852849946e-06 1.374258085170998870e-13
1.102687388182023182e-06 8.894495477564654030e-14
1.105964108604891544e-06 1.820538394248190039e-13
1.106369683015286974e-06 1.529093996667121833e-13
1.108461925294059884e-06 1.256401369039430477e-13
1.109555390372833937e-06 1.043528626885383406e-13
1.110564508751162589e-06 7.842415290009124480e-14
1.111438179818120712e-06 8.912650087461002902e-14
1.114951466056432126e-06 1.416229727381294007e-13
1.115111700499994877e-06 1.237994457767388574e-13
1.115199018770968507e-06 1.735083283542628245e-13
1.117765035435659139e-06 1.096000343549429549e-13
1.122094622720353236e-06 1.041993160864328991e-13
1.122188338470911645e-06 7.803374352595365743e-14
1.122413275806540986e-06 9.049071848819748713e-14
1.122633769091466272e-06 1.246292609990423058e-13
1.123282232348027237e-06 6.866359118810776856e-14
1.124028802187435298e-06 5.950190898482223014e-14
1.124235491981537825e-06 3.462861263146596741e-14
1.124535025142619479e-06 5.174256533280354167e-14
1.124558384896319485e-06 4.212160260458861760e-14
1.124592081544514037e-06 3.061620755122694635e-14
1.127383775593852586e-06 7.291146484640884169e-14
1.127479835459068159e-06 8.717906256016719333e-14
1.127553675070764096e-06 1.000171789839640064e-13
1.127628882082676729e-06 1.150381440829028829e-13
1.127881167422637687e-06 6.237022788916821103e-14
1.127997396441048063e-06 1.329676284543942422e-13
1.128395651754130446e-06 1.624353956997761078e-13
1.131247364905832640e-06 2.028723091168989423e-13
1.134035417980784857e-06 2.277962362600814525e-13
1.135660209583384582e-06 2.779139276365871279e-13
1.137231010582194475e-06 3.458117876943132679e-13
1.137295717913872662e-06 2.271264807947151520e-13
1.137768610488777388e-06 5.474758572813603691e-13
1.137804811532973161e-06 4.562685652975109091e-13
1.138406730589853453e-06 6.084920711207222012e-13
1.138646551550917406e-06 7.406881440640323605e-13
1.139786828094170951e-06 9.119090510495013114e-13
1.140441715126474236e-06 1.045656780529857255e-12
1.141100509016539391e-06 1.207768033420344098e-12
1.142573394392697097e-06 1.461836404451749036e-12
1.143890005458386728e-06 1.738851763468166656e-12
1.145088108505305457e-06 2.365164769766434647e-12
1.145684229885443523e-06 1.978552629472943808e-12
1.147035025956548046e-06 1.513429915435245450e-12
1.147409541682536824e-06 9.134185124597550268e-13
1.147448664522067214e-06 1.107825059354575961e-12
1.147562842440152756e-06 1.370020111793244361e-12
1.147973974105274646e-06 1.714216941258951435e-12
1.147998615796677700e-06 5.315587760813005624e-13
1.148152254088059125e-06 7.710000645514820162e-13
1.148154584883882559e-06 6.206695349826704389e-13
1.148807052328140645e-06 4.441332056752987805e-13
1.150157694720399692e-06 3.627667982688916700e-13
1.150325727170092543e-06 2.548852903285726735e-13
1.150914454321037330e-06 3.010000223421824035e-13
1.151671592217281308e-06 2.128548225732855404e-13
1.155019275821227975e-06 3.850967459878872492e-13
1.155234299505287108e-06 3.345441503328880220e-13
1.155444537288588012e-06 2.880514224141913839e-13
1.156944119526117093e-06 2.439245383013906203e-13
1.159808221577003886e-06 2.213430951323338260e-13
1.159938888786193256e-06 1.845507126815070630e-13
1.160352649441017456e-06 1.576975077128590672e-13
1.163193138515941774e-06 1.394390933354171088e-13
1.164530290182287849e-06 1.179983337639477368e-13
1.165843995769162405e-06 8.664066137383016244e-14
1.165883783317131537e-06 1.020969312161941394e-13
1.166359809517532438e-06 7.669873075538531405e-14
1.166504363254714898e-06 6.313684030122466611e-14
1.168092989292062641e-06 1.290980578903973915e-13
1.168449367973511845e-06 1.458875189028867252e-13
1.168537882719675297e-06 1.720038045784505183e-13
1.169458110508293531e-06 3.231253389804355879e-13
1.169962624213206840e-06 1.953154667239163378e-13
1.170011907596013160e-06 2.372968638819783486e-13
1.171273904045909297e-06 2.818195717602343546e-13
1.174169129825932564e-06 1.948855163625013669e-13
1.176015232816151430e-06 2.442207102939119324e-13
1.177293883499455180e-06 2.952697316425688513e-13
1.177469936277341193e-06 4.383555575853177251e-13
1.177614652800263979e-06 3.591004877736684782e-13
1.181258318577409037e-06 2.896228959248116001e-13
1.181331288025330750e-06 2.328458897387617139e-13
1.181950830820434219e-06 1.861422844085901350e-13
1.182218518404501568e-06 1.629815603374339018e-13
1.183156310295691866e-06 1.376163040310912749e-13
1.185958073121835113e-06 1.156508483062915823e-13
1.186163183154324037e-06 9.612549436548193954e-14
1.186343224182841871e-06 7.119502853655105377e-14
1.186457174200891297e-06 1.423251884875140133e-13
1.186514149209915904e-06 1.582404739171649281e-13
1.186669975859598297e-06 8.207829073748116463e-14
1.187082027264151626e-06 4.483728194537202442e-14
1.187661729482598141e-06 5.217100033775719257e-14
1.187947640436976577e-06 3.447053398123890184e-14
1.187984104442752207e-06 6.056129838703164667e-14
1.188459560893063028e-06 3.970054071371441417e-14
1.191432801739014877e-06 5.144384957261791301e-14
1.192104537095415755e-06 6.086737004893967199e-14
1.192208801361930877e-06 7.389755417234300164e-14
1.192865580778462580e-06 8.503480942024416850e-14
1.193101371853311215e-06 1.024511120430494870e-13
1.193458263309841469e-06 1.491518631788098263e-13
1.194871347124578556e-06 1.317565380467929981e-13
1.195407334541645117e-06 1.701962943097878434e-13
1.195646103656388371e-06 1.983420814300716818e-13
1.195698520664691077e-06 2.186592273606616961e-13
1.195981116709453374e-06 3.699179565542097911e-13
1.196276817006291506e-06 2.489052454655458095e-13
1.196306137222474275e-06 3.072356274557892882e-13
1.196601004807641836e-06 3.974329828835733728e-13
1.196972481866482681e-06 4.619147437621076237e-13
1.197042805306192975e-06 5.264815591187572639e-13
1.197957389855822310e-06 6.426743479097829656e-13
1.198396287342008837e-06 7.508867969032820777e-13
1.198607731654912784e-06 8.627822788416381903e-13
1.200119455793524722e-06 1.148328275578150810e-12
1.200168779872766123e-06 1.037630990816999766e-12
1.200693519705883053e-06 1.401081142895025208e-12
1.202840907796022715e-06 1.651934232266803517e-12
1.203899788338745945e-06 1.953063726628516970e-12
1.204084827629419125e-06 2.358404155058711187e-12
1.204917077124881142e-06 2.800668511785621266e-12
1.205862577399645448e-06 5.793620825101615561e-13
1.206656410200386059e-06 8.918933328940098087e-13
1.207115977326121333e-06 7.043484367571001551e-13
1.207415146395567526e-06 1.224022170447404009e-12
1.207492347532795965e-06 1.054276151880339886e-12
1.208475736188561627e-06 3.194417597528884214e-12
1.209497298100373791e-06 1.565591948812089993e-12
1.209880739911109890e-06 3.826350451239387578e-12
1.210488093507312596e-06 8.677433910575881313e-13
1.211063541098461783e-06 1.027843655877033714e-12
1.212609557968345944e-06 2.097425335611106429e-12
1.212682087154834212e-06 1.865051540390566185e-12
1.212952418034017533e-06 2.311329687590890336e-12
1.213422666314244729e-06 2.800031208753666319e-12
1.213469025979482731e-06 1.267096065816267315e-12
1.214466928269126371e-06 5.585351789989134337e-12
1.214482663185494159e-06 4.580129938833397131e-12
1.214635019539172536e-06 6.961384456901801679e-12
1.214710226551084958e-06 8.006871982441620238e-12
1.214909664980402854e-06 3.437036617515219205e-12
1.214984871992315276e-06 3.953224012520102231e-12
1.215750061162220230e-06 1.496751550275241466e-12
1.218853734082403578e-06 1.735007699156869484e-12
1.219270933585986533e-06 2.006321232161389034e-12
1.219343460182701846e-06 2.296159007117276066e-12
1.219588304734471446e-06 2.798983789491427247e-12
1.219937968504142831e-06 6.940083297080772521e-12
1.220302608561900613e-06 7.964129340012519443e-12
1.220553298601609181e-06 5.955223884878395609e-12
1.220569023704099929e-06 4.432927708915513857e-12
1.220644230716012351e-06 5.098681863133511403e-12
1.220715677377329491e-06 3.391027187650179662e-12
1.221070175883480948e-06 3.818655845248686512e-12
1.222122162450112298e-06 1.457792532662005422e-12
1.222647699933355634e-06 9.499605936615723152e-13
1.222784114383534761e-06 7.129727326741506626e-13
1.222859321395447395e-06 8.200497232750411182e-13
1.222980433986059687e-06 1.144643558584590547e-12
1.222995817238496261e-06 1.815450336237480145e-12
1.223082989002303937e-06 2.135104608443663692e-12
1.223158196014216571e-06 2.455762840677527941e-12
1.223233403026128993e-06 2.824578761060578667e-12
1.223516796721017696e-06 6.130342271671461373e-13
1.224305957571018349e-06 5.398869517452843395e-13
1.225049310513763030e-06 4.608862007792094843e-13
1.225425421540004622e-06 3.859255484669929546e-13
1.226435916487942512e-06 3.279075288632395622e-13
1.227812769376486207e-06 2.599131217075632606e-13
1.228156306767440068e-06 2.249919468199525505e-13
1.229849056199027684e-06 1.989442397269526755e-13
1.232463354488124021e-06 1.656148585711093293e-13
1.234508143735089068e-06 1.370790662204050223e-13
1.234538872674022630e-06 1.040575582194025876e-13
1.234851177116347868e-06 1.185503022939876520e-13
1.238715791978490233e-06 1.271296337636584969e-13
1.238820398095059529e-06 1.544431098901148104e-13
1.238820398095059529e-06 1.677182018088758664e+00
