# HAYSTAC rescaled to fixed polarisation scenario 
#  m_X [eV]	chi
1.695731707317073202e-05 1.543395457297753082e-04
1.695731707317073202e-05 3.392989227610830381e-14
1.696341463414634317e-05 2.695147143606615088e-14
1.696951219512195092e-05 2.863507139607992517e-14
1.697865853658536594e-05 3.005736476959591991e-14
1.698170731707316982e-05 2.794936559071520261e-14
1.698780487804878097e-05 2.898420736606265457e-14
1.699085365853658484e-05 2.506129642929630871e-14
1.699999999999999987e-05 3.005736476959591991e-14
1.700609756097561101e-05 2.567614675195418706e-14
1.701219512195121877e-05 2.933760021125443956e-14
1.701524390243902603e-05 2.728007994526583877e-14
1.701829268292682991e-05 2.969530183403175846e-14
1.702439024390243767e-05 2.695147143606615088e-14
1.703048780487804881e-05 2.898420736606265457e-14
1.703963414634146383e-05 2.695147143606615088e-14
1.704268292682926771e-05 2.863507139607991886e-14
1.704573170731707497e-05 2.598920573747812775e-14
1.705792682926829387e-05 3.232435362299140167e-14
1.706402439024390163e-05 2.794936559071519946e-14
1.707012195121951277e-05 2.630608172597233868e-14
1.707621951219512053e-05 2.863507139607992517e-14
1.708231707317073167e-05 2.863507139607993148e-14
1.708841463414634282e-05 3.232435362299140167e-14
1.709451219512195057e-05 3.193498314914356520e-14
1.709756097560975784e-05 3.271847153525797947e-14
1.710365853658536559e-05 2.969530183403175846e-14
1.710975609756097674e-05 3.392989227610831012e-14
1.711280487804878062e-05 3.518616658567687520e-14
1.711280487804878062e-05 1.543395457297753624e-04
1.714939024390244070e-05 1.543395457297753624e-04
1.715243902439024458e-05 2.475941478984488437e-14
1.715853658536585234e-05 3.117025646008806451e-14
1.716158536585365960e-05 2.898420736606264826e-14
1.716768292682926736e-05 3.079478793040367115e-14
1.717378048780487850e-05 2.863507139607992517e-14
1.717987804878048626e-05 3.434358587887161332e-14
1.718597560975609740e-05 3.193498314914356520e-14
1.718902439024390128e-05 3.117025646008806451e-14
1.719664634146341606e-05 2.387541349789694784e-14
1.720121951219512357e-05 3.352118191526886093e-14
1.721036585365853520e-05 3.271847153525797947e-14
1.721341463414634247e-05 3.005736476959591991e-14
1.721646341463414635e-05 3.079478793040367747e-14
1.722560975609756137e-05 2.863507139607992517e-14
1.723170731707316912e-05 3.079478793040367115e-14
1.723780487804878027e-05 3.079478793040367115e-14
1.724085365853658414e-05 2.933760021125444587e-14
1.725304878048780643e-05 3.155030292734755558e-14
1.725914634146341419e-05 3.079478793040367115e-14
1.726219512195122145e-05 2.728007994526584193e-14
1.726829268292682921e-05 3.005736476959591991e-14
1.727134146341463309e-05 2.598920573747812775e-14
1.727134146341463309e-05 1.543395457297753353e-04
1.844054878048780480e-05 1.543395457297753353e-04
1.844512195121951231e-05 3.155030292734755558e-14
1.844817073170731619e-05 2.863507139607992517e-14
1.845121951219512007e-05 3.079478793040367115e-14
1.845731707317073121e-05 2.829014102413188149e-14
1.846341463414634236e-05 2.933760021125445218e-14
1.846646341463414624e-05 2.728007994526583877e-14
1.847256097560975738e-05 3.079478793040367115e-14
1.847865853658536514e-05 2.863507139607992517e-14
1.848780487804878016e-05 2.630608172597234499e-14
1.849390243902439130e-05 2.728007994526584193e-14
1.849999999999999906e-05 2.387541349789695415e-14
1.850304878048780293e-05 2.794936559071519946e-14
1.850609756097561020e-05 2.728007994526583877e-14
1.851219512195121796e-05 2.898420736606264826e-14
1.851524390243902522e-05 2.358781668543116117e-14
1.852134146341463298e-05 2.969530183403175846e-14
1.852743902439024412e-05 3.271847153525798578e-14
1.853048780487804800e-05 2.829014102413188149e-14
1.853658536585365914e-05 2.536685879080887194e-14
1.853658536585365914e-05 2.761269504655734564e-14
1.854268292682926690e-05 2.898420736606265457e-14
1.854573170731707417e-05 2.506129642929631187e-14
1.855182926829268192e-05 2.761269504655735511e-14
1.855487804878048580e-05 2.536685879080887825e-14
1.855792682926829307e-05 2.863507139607992517e-14
1.856402439024390082e-05 3.193498314914355889e-14
1.857012195121951196e-05 3.005736476959591991e-14
1.857317073170731584e-05 2.630608172597234184e-14
1.857926829268292699e-05 2.761269504655735195e-14
1.858536585365853474e-05 3.005736476959592622e-14
1.858841463414634201e-05 2.728007994526583562e-14
1.859146341463414589e-05 2.829014102413188464e-14
1.859756097560975703e-05 2.536685879080887825e-14
1.860365853658536479e-05 2.567614675195418706e-14
1.860975609756097593e-05 2.695147143606615719e-14
1.861890243902439095e-05 2.728007994526584508e-14
1.861890243902439095e-05 2.863507139607992517e-14
1.862499999999999871e-05 2.662682125662703944e-14
1.863414634146341373e-05 3.005736476959591991e-14
1.863414634146341373e-05 2.630608172597233868e-14
1.864024390243902487e-05 2.829014102413187833e-14
1.864024390243902487e-05 2.598920573747812459e-14
1.864939024390243989e-05 2.761269504655734880e-14
1.865548780487804765e-05 2.933760021125445218e-14
1.866158536585365879e-05 3.193498314914356520e-14
1.866463414634146267e-05 2.898420736606265457e-14
1.866768292682926655e-05 2.794936559071520261e-14
1.867073170731707382e-05 2.969530183403175846e-14
1.867682926829268157e-05 3.042384219368903127e-14
1.868292682926829272e-05 3.155030292734754927e-14
1.868597560975609659e-05 3.311739476956073922e-14
1.869207317073170774e-05 3.193498314914356520e-14
1.869512195121951162e-05 3.392989227610830381e-14
1.869817073170731549e-05 3.830134806205074037e-14
1.869969512195121913e-05 4.069395019580473366e-14
1.869969512195121913e-05 1.543395457297753895e-04
