# HAYSTAC 2020 rescaled to fixed polarisation scenario 
#  m_X [eV]	chi
1.695845389902066685e-05 7.360389530888484495e-14
1.695959971603800090e-05 7.351426277601191038e-14
1.695971545684565204e-05 7.226366106311381061e-14
1.695989581046200467e-05 7.097796593480275820e-14
1.696021437956891012e-05 6.967171102776490864e-14
1.696104784747026796e-05 6.789931630993879518e-14
1.696167951938408252e-05 6.411082260058547468e-14
1.696227836810281761e-05 6.248169645578364875e-14
1.696304395847116425e-05 6.123764416336665097e-14
1.696380091993987004e-05 5.996076036879563465e-14
1.696478702522151904e-05 5.860184001871381998e-14
1.696588238031765820e-05 5.727026518713560476e-14
1.696756773665345440e-05 5.605718760240633312e-14
1.696892817600883455e-05 5.576284347962449559e-14
1.696961070165429217e-05 5.710543247837775908e-14
1.697059120731155625e-05 5.848790035828214297e-14
1.697188978687084906e-05 5.992354007972130358e-14
1.697444102699171127e-05 6.065827825365648031e-14
1.697706422765349988e-05 6.105465016327941290e-14
1.697925891160519989e-05 6.178898552023328890e-14
1.698065370116104254e-05 6.317669002089486003e-14
1.698073556579952038e-05 6.598029621091071979e-14
1.698212892687974928e-05 6.445281421772966525e-14
1.698335104898269563e-05 6.601758555432471216e-14
1.698477523545345363e-05 6.592436219578969337e-14
1.698478651884100123e-05 6.474786216358874454e-14
1.698587983256003614e-05 6.324973416684162578e-14
1.698635406832248868e-05 6.196685799012939140e-14
1.698703721524145961e-05 6.057341814292419459e-14
1.698829883582867579e-05 5.923610412845017342e-14
1.698838101398972105e-05 5.812234394773052151e-14
1.698974306548185924e-05 5.928547798130390728e-14
1.699077550416344781e-05 6.062658998445899655e-14
1.699168669020756212e-05 6.203142379770734718e-14
1.699172236128417235e-05 6.290116320566915297e-14
1.699276876728281674e-05 5.997671192125608029e-14
1.699284857145344328e-05 5.862082996211911000e-14
1.699308898389825085e-05 5.736464520585985236e-14
1.699356875171592163e-05 5.590906604384515680e-14
1.699413400903714374e-05 5.161100885311682757e-14
1.699458159806095444e-05 5.443745713548541825e-14
1.699477112380929749e-05 5.289667671381685705e-14
1.699618110981497527e-05 5.469497566213426826e-14
1.699641150128696176e-05 5.636586050066671478e-14
1.699696600954566869e-05 5.803593970523649041e-14
1.699754482786198771e-05 5.953006845236389278e-14
1.699800965382480331e-05 6.097368395003328252e-14
1.699966749067076928e-05 6.207458275999208230e-14
1.700228695132369240e-05 6.229693773368298740e-14
1.700464085980401456e-05 6.122329620612711085e-14
1.700544472651638314e-05 5.991689359952945018e-14
1.700609092126554832e-05 5.864741588288649836e-14
1.700677735141099654e-05 5.740673958040821515e-14
1.700746390853206052e-05 5.617197126032267931e-14
1.700819268504330932e-05 5.505831657928861577e-14
1.700934187779792124e-05 5.384422619757772724e-14
1.701081700424479008e-05 5.292612573374381711e-14
1.701240886975846701e-05 5.466919537532951924e-14
1.701294441825001381e-05 5.646253657618448890e-14
1.701336827437806927e-05 5.808615755557488083e-14
1.701421157800548872e-05 5.989081894646911873e-14
1.701507679469292487e-05 6.095279501228745214e-14
1.701512193452213323e-05 6.226310110725175667e-14
1.701627842837429721e-05 6.077428954427781935e-14
1.701673905681647228e-05 5.923639628142563631e-14
1.701821168644844571e-05 5.750801927856971564e-14
1.702110088584121733e-05 5.732520942338821578e-14
1.702194335449935637e-05 5.892087106792253075e-14
1.702252639021985533e-05 6.024257112893000173e-14
1.702307374398011946e-05 6.174733424436437206e-14
1.702373606145731182e-05 6.565191980773529680e-14
1.702384340663766046e-05 6.327336609641264046e-14
1.702471755059839167e-05 6.433196912333242708e-14
1.702541792959171837e-05 6.575117391193355088e-14
1.702597606358124101e-05 6.407094371943440477e-14
1.702603640239091739e-05 6.245451973677699071e-14
1.702630257229161603e-05 6.109332059348651750e-14
1.702669144416567610e-05 5.975339018680999285e-14
1.702693066621414734e-05 5.687502116506035966e-14
1.702795494382701162e-05 5.811569746753864286e-14
1.702934555184516642e-05 5.771690865602777964e-14
1.703012943577097781e-05 5.886010324902561783e-14
1.703131856235480271e-05 6.011850349868216836e-14
1.703292816866979015e-05 6.127942203885826125e-14
1.703484985794667775e-05 6.221476306949287908e-14
1.703708531838391197e-05 6.115978539540501364e-14
1.703834240289115094e-05 5.982686400420351052e-14
1.703928847672077652e-05 5.860184001871383260e-14
1.704080780337734725e-05 5.740547358418119245e-14
1.704128671002829267e-05 5.677880545180696259e-14
1.704282712370574270e-05 5.858242807656622693e-14
1.704390651796775655e-05 6.001924939448390166e-14
1.704599996715173613e-05 6.120449808033198267e-14
1.704805623325994111e-05 6.102833278716625869e-14
1.704882089852027171e-05 5.974123662303061531e-14
1.704997912880511912e-05 5.833321863745368670e-14
1.705087625044530525e-05 5.721842264163916591e-14
1.705112180540230879e-05 5.620151117228646028e-14
1.705211031052297942e-05 5.795618194293431272e-14
1.705238172088847844e-05 5.952475126821040249e-14
1.705316081148503297e-05 6.121295723693979035e-14
1.705375477164279682e-05 6.258213215646045482e-14
1.705440169967610260e-05 6.392737974729048239e-14
1.705518437415923548e-05 6.581306002749765014e-14
1.705594291057898392e-05 6.762016414188117957e-14
1.705644501975516440e-05 6.886305593775674303e-14
1.705752366168669206e-05 6.991984628826057537e-14
1.705774993222298612e-05 6.598513001468658104e-14
1.705788660876914859e-05 7.234448226224668384e-14
1.705793016503111557e-05 7.121116243981960251e-14
1.705918501056258882e-05 6.885640945756488963e-14
1.705964961431808447e-05 6.712537061648807080e-14
1.706028620165309478e-05 6.573972151529527671e-14
1.706056639635870770e-05 6.431401499502198070e-14
1.706094091817494363e-05 6.293838349474352192e-14
1.706199525784054248e-05 6.142201925024700127e-14
1.706308657424655345e-05 5.991689359952943755e-14
1.706442667116742657e-05 5.846335950834302011e-14
1.706708250100911787e-05 5.782566924098532681e-14
1.706934295049367573e-05 5.635343071952870470e-14
1.707149351825395270e-05 5.538620960208646021e-14
1.707384951162050377e-05 5.535485184938644394e-14
1.707490928912757408e-05 5.702272072487923295e-14
1.707565831824855551e-05 5.869467974202852771e-14
1.707643353608901405e-05 6.020269224777891919e-14
1.707690472897167906e-05 6.138956371060889540e-14
1.707811552715889249e-05 6.242745043563201118e-14
1.708072626112446733e-05 6.224376589214819806e-14
1.708333990398582607e-05 6.219542785438930785e-14
1.708604974818630576e-05 6.201496584675611518e-14
1.708766129722811910e-05 6.197597316296394980e-14
1.708808150800185518e-05 6.363106757582845583e-14
1.708863700320734333e-05 6.534706791626918474e-14
1.708934838406008023e-05 6.664977803387139094e-14
1.708959528813293048e-05 6.815335955282720928e-14
1.709047573700983878e-05 6.979577865801272938e-14
1.709121887083466033e-05 7.093011127742143391e-14
1.709304013642114773e-05 6.929950813702142115e-14
1.709439680732182946e-05 6.790817828352794146e-14
1.709592268591985417e-05 6.701666374046138813e-14
1.710125063328855874e-05 6.853147042596343150e-14
1.710220104572634833e-05 6.974260681647795267e-14
1.710331220928588202e-05 7.075287180563884908e-14
1.710401197187034453e-05 7.289746941420843739e-14
1.710410217534339585e-05 7.193328668771101834e-14
1.710431252313824560e-05 6.634214095070585923e-14
1.710517836982004979e-05 7.002618997133014142e-14
1.710534853527627920e-05 6.872727784240900333e-14
1.710586229673205798e-05 6.735240593986674301e-14
1.710709614593951451e-05 6.617123146005835003e-14
1.710870432377889497e-05 6.726568519831594678e-14
1.710918408207339804e-05 6.912758584939228874e-14
1.710969513350687964e-05 7.078654730527753679e-14
1.711020607066231485e-05 7.244019157700929454e-14
1.711106199246874437e-05 7.415909219971555788e-14
1.711248835566423504e-05 7.528429430088094509e-14
1.711394616263795399e-05 7.614095174783020822e-14
1.711630674805649736e-05 9.527381206051565541e-14
1.714666036427267546e-05 9.550394204133813566e-14
1.715114889160715872e-05 6.284799136413438888e-14
1.715298562794460478e-05 6.415226535942876915e-14
1.715402195058601445e-05 6.249351242056915609e-14
1.715421888975649130e-05 6.428363108557353687e-14
1.715444244618913108e-05 6.086069378677185045e-14
1.715459241572116317e-05 5.954374121161569251e-14
1.715474328315215490e-05 5.826856651195115747e-14
1.715504756886343049e-05 5.702187672739455115e-14
1.715571118525924729e-05 5.544892510748644856e-14
1.715644739333199969e-05 5.421516309209419202e-14
1.715655627918531270e-05 5.268278636483756581e-14
1.715656349438760155e-05 5.171735253618639362e-14
1.715806034636127060e-05 5.500514473775382013e-14
1.715809696728140023e-05 5.670906056875483280e-14
1.715863276510686981e-05 5.841345978013344295e-14
1.715917841421957531e-05 6.002323728259900360e-14
1.715962218445192850e-05 6.131664232793261757e-14
1.716036790585827646e-05 6.283469840375066946e-14
1.716111728416218343e-05 6.452290437248005732e-14
1.716155363584454668e-05 5.164645674747334328e-14
1.716198584927635973e-05 5.365893038616862283e-14
1.716243125951413904e-05 6.621406433240580624e-14
1.716260655569196405e-05 5.529227268204165856e-14
1.716280231398927228e-05 5.444684040163860783e-14
1.716287243915547470e-05 5.770965795036393728e-14
1.716291685575647356e-05 5.892554551552997491e-14
1.716300986050682515e-05 5.644691967167776460e-14
1.716341928847627514e-05 6.779297262686924175e-14
1.716428107193857156e-05 5.689274511223862698e-14
1.716444791788957391e-05 5.912596245669953927e-14
1.716445591735298046e-05 5.765487484090386927e-14
1.716453048377971361e-05 6.573256376739637903e-14
1.716485946171221493e-05 6.444979309036973303e-14
1.716530914583358231e-05 6.325342665583710550e-14
1.716593667516813222e-05 6.203712078072894302e-14
1.716670100485006886e-05 6.073441066312673682e-14
1.716950449298546046e-05 6.030283254933607780e-14
1.717077777900332202e-05 6.056160217813869988e-14
1.717080791983864862e-05 6.196400949861859348e-14
1.717136973929524017e-05 6.322019425487785112e-14
1.717166640510948945e-05 6.430489982218744755e-14
1.717247277550879272e-05 6.587992572822134426e-14
1.717419940662693440e-05 6.492833966418277394e-14
1.717468233341638386e-05 6.369874082869090466e-14
1.717523850835363862e-05 6.240134789524220137e-14
1.717631074119127199e-05 5.994126402689955827e-14
1.717643447098684620e-05 6.108999735339060343e-14
1.717769045816509412e-05 6.146552348423000499e-14
1.717800326835094280e-05 6.294950124342806843e-14
1.717873881641373551e-05 6.462260157535779522e-14
1.718007945862770126e-05 6.617206227008233801e-14
1.718026342843005511e-05 6.781955854763663011e-14
1.718076496621599009e-05 6.903586442274479260e-14
1.718126736108728655e-05 7.029204917900405024e-14
1.718176961311103010e-05 7.154158745507145448e-14
1.718278773529263392e-05 7.283100461228995388e-14
1.718321384276421017e-05 7.514587871339354636e-14
1.718335117735100444e-05 7.387910341177365470e-14
1.718460085176589438e-05 7.332284414648670159e-14
1.718462784995488426e-05 7.181409314293722931e-14
1.718495597080202072e-05 7.049144358475948816e-14
1.718540892454533718e-05 6.913999261241707839e-14
1.718634570175612913e-05 6.773162050202141567e-14
1.718693426667140928e-05 6.714826404825999206e-14
1.718840688217559821e-05 6.792590223070618354e-14
1.719310628123048274e-05 6.538694679742027990e-14
1.719474398089908880e-05 6.416842542891483716e-14
1.719590323647075917e-05 6.280811248298329372e-14
1.719670541123313170e-05 6.142298601100218362e-14
1.719691169943635307e-05 5.996151996653184575e-14
1.719712490962422739e-05 5.882212336221506304e-14
1.719759209461247323e-05 5.733407139697732419e-14
1.719777196826102153e-05 5.574955051924080141e-14
1.719863665751130747e-05 5.429550516034731444e-14
1.719930184366053898e-05 5.291712742209945523e-14
1.719931376960048716e-05 5.006902544860811985e-14
1.719933872030777246e-05 5.122994398878420642e-14
1.720060092135491397e-05 5.465952776777774624e-14
1.720065082276948118e-05 5.329478383505165491e-14
1.720087337926919641e-05 5.627683794779406483e-14
1.720139286823193809e-05 5.832838483367781283e-14
1.720191349997516399e-05 6.043310356109630599e-14
1.720240662880135219e-05 6.236412760616785767e-14
1.720290185791956050e-05 6.419178881383164293e-14
1.720366253416691374e-05 6.640567094318895874e-14
1.720427216715503764e-05 6.818289946479097132e-14
1.720449018427670380e-05 5.497855881698644439e-14
1.720478235515437477e-05 6.949447155598228593e-14
1.720486326401280455e-05 5.611643622583081122e-14
1.720508100178813434e-05 5.850562430546041029e-14
1.720510576203200447e-05 5.728773593506845996e-14
1.720527877899763385e-05 7.102582059218405724e-14
1.720531260530002598e-05 5.960450903051259281e-14
1.720560744266549913e-05 7.194037626658235556e-14
1.720562014022645835e-05 6.104605673434451339e-14
1.720637082003035993e-05 7.427993729411279604e-14
1.720654636381062331e-05 7.323127041939902918e-14
1.720827221629619140e-05 7.242778481398451752e-14
1.720892279170388849e-05 7.136213248989156414e-14
1.721026335892288184e-05 7.069615517466840375e-14
1.721269403223946545e-05 7.037905764697005768e-14
1.721344777388704656e-05 6.900263202178556346e-14
1.721395643364422753e-05 6.778537664950713080e-14
1.721428296156100009e-05 6.606332389929658466e-14
1.721590867374749324e-05 6.410961414964150937e-14
1.721662984615121285e-05 6.360569010600503279e-14
1.721888165428592460e-05 6.469381386312756652e-14
1.722197434479062704e-05 6.481534950092135449e-14
1.722369412553340938e-05 6.339421119080987862e-14
1.722506968001588586e-05 6.174201706021088177e-14
1.722615194211274165e-05 6.090721914811479900e-14
1.722774157697827421e-05 6.280663548738509426e-14
1.722874671590379945e-05 6.410639161379091416e-14
1.723102017956382526e-05 6.543407638423520480e-14
1.723384657922574418e-05 6.552639255830806899e-14
1.723632662015007395e-05 6.487295232925071697e-14
1.723910608911742608e-05 6.562791191564838209e-14
1.724283637395871257e-05 6.776638670610184078e-14
1.724410619354243028e-05 6.602057790904312830e-14
1.724423875607884477e-05 6.481534950092135449e-14
1.724504718669863862e-05 6.355372671541424663e-14
1.724591871957910643e-05 6.261403526138133347e-14
1.724770519022069404e-05 6.426236234895962618e-14
1.724908877088091879e-05 6.559773516921888426e-14
1.725080143967033753e-05 6.639278079978659054e-14
1.725270423151354824e-05 6.792348532881825291e-14
1.725533314607776816e-05 6.858571644611509432e-14
1.725769067913458308e-05 6.768072096140691572e-14
1.726101695034281484e-05 6.603070587885925942e-14
1.726274006741096057e-05 6.483661823753529042e-14
1.726318586607867954e-05 6.345946754178438420e-14
1.726375341984449471e-05 6.221752524307909092e-14
1.726443676629657080e-05 6.083336936820536867e-14
1.726515187705784062e-05 5.954469070878595007e-14
1.726906744957011961e-05 5.935092024780823911e-14
1.726942895750264301e-05 6.085784529526106515e-14
1.726993354043578462e-05 6.221583724810972732e-14
1.727041966655710949e-05 6.382103606422092897e-14
1.727042252350832345e-05 6.600791794677292654e-14
1.727219051919871436e-05 6.769194612795315338e-14
1.727295626227790600e-05 6.599417661272550383e-14
1.727343717843124866e-05 6.486852134245614383e-14
1.727348641322386279e-05 6.347276050216806576e-14
1.727366816293704610e-05 6.179120101363056916e-14
1.727468516194469481e-05 6.015499397816682746e-14
1.727486802750631282e-05 5.870467786607778082e-14
1.727522018487943678e-05 5.707415492453378540e-14
1.727627470237878975e-05 5.864741588288649836e-14
1.727628658729584471e-05 6.141235164269522828e-14
1.727642097828103871e-05 5.992354007972130358e-14
1.727664382047586992e-05 6.476217765938657778e-14
1.727705396439241047e-05 6.725593702736790859e-14
1.727721303943610583e-05 6.912758584939228874e-14
1.727724149467021938e-05 7.045156470360840562e-14
1.727746681581964643e-05 7.157717168748321102e-14
1.727772870008422229e-05 7.345872774152002968e-14
1.727805953503500964e-05 7.533451215121933550e-14
1.727852506571245594e-05 7.708741052714934733e-14
1.727879293345844911e-05 7.849114714366762929e-14
1.727911565466779030e-05 8.023518354600853270e-14
1.727914079583848738e-05 8.140496405977378449e-14
1.727935312445284742e-05 8.243649778554855372e-14
