# HAYSTAC rescaled to fixed polarisation scenario 
#  m_X [eV]	chi
1.726219512195122145e-05 1.543395457297753624e-04
1.726219512195122145e-05 2.662682125662703944e-14
1.726829268292682921e-05 2.446116953546616230e-14
1.727439024390244035e-05 2.506129642929630871e-14
1.727743902439024423e-05 2.358781668543116117e-14
1.728353658536585538e-05 2.794936559071520261e-14
1.728963414634146313e-05 3.155030292734755558e-14
1.729268292682926701e-05 2.193354331231182199e-14
1.729878048780487815e-05 2.446116953546616861e-14
1.730182926829268203e-05 2.794936559071520577e-14
1.730335365853658566e-05 2.898420736606264826e-14
1.730487804878048930e-05 3.155030292734754927e-14
1.731097560975609705e-05 2.898420736606265457e-14
1.731250000000000069e-05 2.794936559071520261e-14
1.731402439024390432e-05 3.561517743852028735e-14
1.732469512195121959e-05 2.761269504655734880e-14
1.732621951219512322e-05 3.079478793040367115e-14
1.733536585365853485e-05 3.518616658567687520e-14
1.733841463414634212e-05 3.876834107639749685e-14
1.734298780487804963e-05 3.392989227610830381e-14
1.734756097560975714e-05 3.271847153525797947e-14
1.735670731707317216e-05 3.193498314914355258e-14
1.735670731707317216e-05 2.536685879080887194e-14
1.736280487804877992e-05 3.232435362299140167e-14
1.736585365853658718e-05 3.604941904906527924e-14
1.737042682926829131e-05 2.829014102413187833e-14
1.737499999999999882e-05 2.761269504655735195e-14
1.737957317073170633e-05 2.662682125662704259e-14
1.738414634146341384e-05 2.446116953546616861e-14
1.738719512195122110e-05 2.598920573747813406e-14
1.738719512195122110e-05 2.166933774606029770e-14
1.739024390243902498e-05 2.274564571325192832e-14
1.739329268292682886e-05 2.662682125662703628e-14
1.739329268292682886e-05 2.794936559071520261e-14
1.739939024390244000e-05 3.005736476959592622e-14
1.739939024390244000e-05 3.476232348223398444e-14
1.740548780487804776e-05 3.561517743852028735e-14
1.741463414634146278e-05 3.518616658567686258e-14
1.741768292682927005e-05 3.271847153525797947e-14
1.741768292682927005e-05 2.969530183403175846e-14
1.742378048780487780e-05 2.728007994526583562e-14
1.742682926829268168e-05 2.446116953546616545e-14
1.742987804878048895e-05 2.630608172597234499e-14
1.743140243902438919e-05 2.933760021125445218e-14
1.743597560975609670e-05 3.271847153525797947e-14
1.743902439024390397e-05 2.536685879080887510e-14
1.744817073170731560e-05 2.598920573747812775e-14
1.745426829268292675e-05 2.475941478984488122e-14
1.746036585365853789e-05 2.662682125662703628e-14
1.746036585365853789e-05 3.232435362299140167e-14
1.746646341463414565e-05 2.506129642929631187e-14
1.746646341463414565e-05 2.416651686324313207e-14
1.747256097560975679e-05 2.506129642929631187e-14
1.747560975609756067e-05 3.042384219368903127e-14
1.748170731707317181e-05 2.794936559071519946e-14
1.748780487804877957e-05 2.475941478984488437e-14
1.748780487804877957e-05 3.648895519384794800e-14
1.749695121951219459e-05 2.695147143606615088e-14
1.749999999999999847e-05 3.561517743852028104e-14
1.749999999999999847e-05 3.042384219368903127e-14
1.750304878048780573e-05 3.830134806205073406e-14
1.751219512195122075e-05 3.518616658567686889e-14
1.751829268292682851e-05 3.830134806205073406e-14
1.752439024390243965e-05 3.648895519384794800e-14
1.753048780487804741e-05 3.476232348223398444e-14
1.753353658536585468e-05 2.695147143606615719e-14
1.753963414634146243e-05 2.898420736606265457e-14
1.753963414634146243e-05 3.434358587887160701e-14
1.754878048780487745e-05 2.794936559071520577e-14
1.755487804878048860e-05 3.604941904906528555e-14
1.755792682926829248e-05 2.728007994526583877e-14
1.756249999999999999e-05 2.662682125662705206e-14
1.756707317073170750e-05 2.598920573747813406e-14
1.757012195121951137e-05 3.311739476956074553e-14
1.757317073170731864e-05 3.476232348223398444e-14
1.757621951219512252e-05 3.648895519384796062e-14
1.757621951219512252e-05 3.830134806205073406e-14
1.758536585365853754e-05 3.648895519384795431e-14
1.758841463414634142e-05 3.005736476959595146e-14
1.759451219512195256e-05 3.693385042700614935e-14
1.760060975609756032e-05 3.193498314914355889e-14
1.760365853658536758e-05 2.933760021125445218e-14
1.760365853658536758e-05 2.446116953546616861e-14
1.760975609756097534e-05 2.247165777979964747e-14
1.761585365853658648e-05 2.536685879080887194e-14
1.761585365853658648e-05 2.898420736606264826e-14
1.762195121951219424e-05 2.387541349789695099e-14
1.762804878048780538e-05 3.155030292734754927e-14
1.763109756097560926e-05 3.783998032001104716e-14
1.763414634146341314e-05 3.561517743852028104e-14
1.764024390243902428e-05 3.876834107639749685e-14
1.764481707317073179e-05 3.392989227610831643e-14
1.764634146341463543e-05 2.863507139607992517e-14
1.764939024390243930e-05 2.695147143606615404e-14
1.765548780487804706e-05 2.933760021125444587e-14
1.765853658536585433e-05 3.830134806205074037e-14
1.766768292682926935e-05 3.232435362299140167e-14
1.767073170731707323e-05 2.794936559071520261e-14
1.767378048780487710e-05 2.728007994526584508e-14
1.767378048780487710e-05 2.898420736606265457e-14
1.768292682926829213e-05 2.695147143606615088e-14
1.768597560975609600e-05 2.446116953546616861e-14
1.769207317073170715e-05 2.630608172597234184e-14
1.770121951219512217e-05 2.761269504655735511e-14
1.770731707317072992e-05 2.863507139607992517e-14
1.771646341463414495e-05 2.695147143606615404e-14
1.771951219512195221e-05 2.969530183403175846e-14
1.772560975609755997e-05 3.155030292734755558e-14
1.772560975609755997e-05 3.392989227610830381e-14
1.773170731707317111e-05 3.648895519384794800e-14
1.773780487804878226e-05 3.476232348223398444e-14
1.774390243902439001e-05 3.434358587887160701e-14
1.775000000000000116e-05 3.271847153525797947e-14
1.775609756097560891e-05 2.630608172597234815e-14
1.775914634146341618e-05 2.829014102413188780e-14
1.776829268292682781e-05 3.518616658567686889e-14
1.778658536585365785e-05 3.518616658567686889e-14
1.778658536585365785e-05 2.630608172597234184e-14
1.779878048780487675e-05 3.155030292734755558e-14
1.779878048780487675e-05 3.518616658567686889e-14
1.781402439024390292e-05 2.358781668543115801e-14
1.782012195121951068e-05 2.416651686324312892e-14
1.782317073170731794e-05 3.434358587887161332e-14
1.783231707317073296e-05 3.604941904906528555e-14
1.784146341463414798e-05 2.933760021125445218e-14
1.784146341463414798e-05 2.446116953546616861e-14
1.784451219512195186e-05 2.330368418685245454e-14
1.785060975609755962e-05 2.829014102413188464e-14
1.785670731707317076e-05 3.352118191526886093e-14
1.786585365853658578e-05 2.536685879080887510e-14
1.786585365853658578e-05 3.604941904906528555e-14
1.787195121951219354e-05 2.330368418685245138e-14
1.787500000000000081e-05 3.648895519384796062e-14
1.788109756097560856e-05 3.434358587887161332e-14
1.789024390243902358e-05 3.648895519384795431e-14
1.789024390243902358e-05 3.079478793040367115e-14
1.789634146341463473e-05 2.662682125662703944e-14
1.790243902439024248e-05 1.543395457297753624e-04
1.807926829268292839e-05 1.543395457297753624e-04
1.807926829268292839e-05 3.232435362299140167e-14
1.808231707317073226e-05 2.933760021125444587e-14
1.808536585365853614e-05 2.695147143606615719e-14
1.808841463414634002e-05 2.933760021125445218e-14
1.809146341463414729e-05 2.630608172597234184e-14
1.809756097560975504e-05 3.311739476956073922e-14
1.810365853658536618e-05 2.829014102413188149e-14
1.810670731707317006e-05 2.695147143606615404e-14
1.810975609756097733e-05 2.829014102413188464e-14
1.811585365853658508e-05 2.630608172597234815e-14
1.812500000000000011e-05 3.079478793040367115e-14
1.812804878048780398e-05 2.567614675195418706e-14
1.813414634146341513e-05 3.738417008976051385e-14
1.813719512195121901e-05 3.971947810504173885e-14
1.813719512195121901e-05 1.543395457297753624e-04
1.817378048780487909e-05 1.543395457297753624e-04
1.817682926829268297e-05 3.271847153525797947e-14
1.818292682926829073e-05 3.693385042700614304e-14
1.818902439024390187e-05 2.863507139607992517e-14
1.819512195121951301e-05 3.648895519384795431e-14
1.820121951219512077e-05 2.761269504655734880e-14
1.820426829268292804e-05 3.518616658567687520e-14
1.821341463414634306e-05 2.863507139607991886e-14
1.821951219512195081e-05 3.434358587887161332e-14
1.823170731707316971e-05 3.830134806205073406e-14
1.823475609756097698e-05 3.476232348223397813e-14
1.824390243902438861e-05 2.536685879080888141e-14
1.824390243902438861e-05 3.155030292734754927e-14
1.825914634146341478e-05 3.352118191526886093e-14
1.826524390243902592e-05 2.933760021125444587e-14
1.827743902439024482e-05 2.598920573747813091e-14
1.827743902439024482e-05 3.005736476959591991e-14
1.828658536585365984e-05 3.604941904906528555e-14
1.829878048780487874e-05 3.005736476959591991e-14
1.830792682926829376e-05 2.794936559071520261e-14
1.832012195121951266e-05 2.761269504655735195e-14
1.832012195121951266e-05 2.598920573747813091e-14
1.832012195121951266e-05 2.969530183403175846e-14
1.832621951219512042e-05 2.933760021125444587e-14
1.833231707317073156e-05 2.863507139607992517e-14
1.834146341463414659e-05 3.738417008976051385e-14
1.835365853658536549e-05 2.506129642929631187e-14
1.836280487804878051e-05 3.604941904906529186e-14
1.836585365853658438e-05 3.693385042700614304e-14
1.837804878048780667e-05 3.434358587887161332e-14
1.838719512195121831e-05 3.042384219368903127e-14
1.839634146341463333e-05 4.020376181167533033e-14
1.840548780487804835e-05 2.898420736606264826e-14
1.840548780487804835e-05 2.630608172597234184e-14
1.841158536585365949e-05 2.728007994526583562e-14
1.841768292682926725e-05 2.662682125662703628e-14
1.842378048780487839e-05 3.155030292734755558e-14
1.842987804878048954e-05 2.969530183403175846e-14
1.843597560975609729e-05 3.117025646008807082e-14
1.844817073170731619e-05 3.042384219368903758e-14
1.844817073170731619e-05 1.543395457297753624e-04
1.870121951219512276e-05 1.543395457297753624e-04
1.870426829268292664e-05 4.020376181167534296e-14
1.870731707317073051e-05 3.434358587887161332e-14
1.871341463414634166e-05 3.042384219368903127e-14
1.871951219512194941e-05 2.794936559071520577e-14
1.872560975609756056e-05 3.876834107639750316e-14
1.873170731707317170e-05 3.693385042700614304e-14
1.873475609756097558e-05 3.924102794974618059e-14
1.874085365853658672e-05 3.561517743852028104e-14
1.874999999999999836e-05 3.783998032001105347e-14
1.875914634146341338e-05 3.434358587887160701e-14
1.877134146341463228e-05 3.830134806205074037e-14
1.877743902439024342e-05 3.117025646008806451e-14
1.878353658536585457e-05 3.924102794974618059e-14
1.878963414634146232e-05 3.738417008976051385e-14
1.879573170731707347e-05 3.830134806205073406e-14
1.880487804878048849e-05 3.079478793040367747e-14
1.880792682926829237e-05 3.876834107639750316e-14
1.881402439024390351e-05 3.352118191526886724e-14
1.882012195121951127e-05 3.738417008976051385e-14
1.883231707317073016e-05 3.434358587887160701e-14
1.883231707317073016e-05 2.761269504655734880e-14
1.884146341463414519e-05 3.561517743852028104e-14
1.885060975609756021e-05 3.518616658567686889e-14
1.885365853658536747e-05 2.863507139607992517e-14
1.885975609756097523e-05 3.604941904906528555e-14
1.886280487804877911e-05 3.232435362299140167e-14
1.886890243902439025e-05 2.567614675195419021e-14
1.887195121951219413e-05 3.079478793040367115e-14
1.887499999999999801e-05 2.630608172597234184e-14
1.888109756097560915e-05 3.117025646008806451e-14
1.889024390243902417e-05 2.898420736606265457e-14
1.889329268292682805e-05 3.155030292734755558e-14
1.889939024390243920e-05 3.648895519384794800e-14
1.890548780487805034e-05 2.898420736606265457e-14
1.891463414634146197e-05 2.794936559071520577e-14
1.892073170731707312e-05 3.518616658567687520e-14
1.892682926829268087e-05 2.567614675195419021e-14
1.893292682926829202e-05 3.117025646008806451e-14
1.893902439024390316e-05 2.387541349789694784e-14
1.895426829268292594e-05 2.475941478984488437e-14
1.895731707317073320e-05 3.232435362299140798e-14
1.896951219512195210e-05 2.630608172597234815e-14
1.897560975609755986e-05 3.311739476956074553e-14
1.897865853658536374e-05 2.506129642929631187e-14
1.899085365853658602e-05 3.352118191526886724e-14
1.899695121951219378e-05 2.166933774606028823e-14
1.900304878048780492e-05 2.933760021125444587e-14
1.900914634146341607e-05 3.518616658567686889e-14
1.901524390243902382e-05 2.695147143606615719e-14
1.902134146341463497e-05 3.193498314914356520e-14
1.902439024390243885e-05 2.330368418685245138e-14
1.902743902439024272e-05 2.416651686324313207e-14
1.903963414634146162e-05 2.598920573747812775e-14
1.904573170731707277e-05 2.794936559071520261e-14
1.904573170731707277e-05 3.783998032001104716e-14
1.905182926829268391e-05 4.220066774650705081e-14
1.905792682926829167e-05 3.783998032001105978e-14
1.906097560975609893e-05 2.898420736606264826e-14
1.906402439024390281e-05 3.604941904906528555e-14
1.907012195121951395e-05 3.924102794974618059e-14
1.907926829268292559e-05 2.863507139607992517e-14
1.908841463414634061e-05 4.429675925833139916e-14
1.909451219512195175e-05 3.271847153525797315e-14
1.909756097560975563e-05 3.783998032001104716e-14
1.910365853658536677e-05 3.232435362299140167e-14
1.910975609756097453e-05 4.323601299504679809e-14
1.911280487804878180e-05 3.155030292734755558e-14
1.911890243902438955e-05 3.924102794974618059e-14
1.911890243902438955e-05 3.476232348223397813e-14
1.912804878048780457e-05 3.830134806205074037e-14
1.913719512195121960e-05 3.352118191526886724e-14
1.913719512195121960e-05 3.876834107639750316e-14
1.914634146341463462e-05 2.630608172597234499e-14
1.914634146341463462e-05 2.969530183403175846e-14
1.915243902439024237e-05 3.561517743852028104e-14
1.916158536585365740e-05 4.020376181167533665e-14
1.916463414634146466e-05 3.392989227610830381e-14
1.917073170731707242e-05 4.020376181167534296e-14
1.917378048780487629e-05 3.876834107639749685e-14
1.918597560975609858e-05 3.830134806205074668e-14
1.919207317073170634e-05 3.005736476959591991e-14
1.920426829268292524e-05 3.311739476956074553e-14
1.921646341463414753e-05 2.220097023133638705e-14
1.921951219512195140e-05 3.352118191526886724e-14
1.922865853658536643e-05 3.924102794974618690e-14
1.923170731707317030e-05 3.232435362299139536e-14
1.923170731707317030e-05 3.042384219368902496e-14
1.923170731707317030e-05 2.969530183403175846e-14
1.924085365853658532e-05 2.933760021125444587e-14
1.925000000000000035e-05 2.794936559071519946e-14
1.925000000000000035e-05 3.042384219368903127e-14
1.925609756097560810e-05 3.876834107639749685e-14
1.926524390243902312e-05 3.561517743852028735e-14
1.926524390243902312e-05 3.738417008976051385e-14
1.927439024390243815e-05 3.648895519384795431e-14
1.928048780487804929e-05 3.738417008976051385e-14
1.928048780487804929e-05 3.311739476956075184e-14
1.929268292682926819e-05 3.830134806205074668e-14
1.929573170731707207e-05 3.193498314914356520e-14
1.930487804878048709e-05 3.561517743852028735e-14
1.931402439024390211e-05 2.662682125662703628e-14
1.932317073170731713e-05 3.476232348223398444e-14
1.932621951219512101e-05 2.728007994526584193e-14
1.933231707317073215e-05 3.232435362299139536e-14
1.933841463414633991e-05 2.330368418685244823e-14
1.933841463414633991e-05 2.794936559071520261e-14
1.935060975609756220e-05 2.416651686324312892e-14
1.935365853658536608e-05 2.933760021125444587e-14
1.935975609756097383e-05 3.193498314914355889e-14
1.936585365853658498e-05 2.761269504655735195e-14
1.936890243902438885e-05 2.358781668543116117e-14
1.937500000000000000e-05 3.311739476956074553e-14
1.937804878048780387e-05 3.005736476959591991e-14
1.938719512195121890e-05 3.518616658567687520e-14
1.939634146341463392e-05 2.863507139607992517e-14
1.940548780487804894e-05 3.271847153525797315e-14
1.941158536585365670e-05 3.079478793040366484e-14
1.941768292682926784e-05 2.387541349789694784e-14
1.942682926829268286e-05 3.561517743852029366e-14
1.942987804878048674e-05 3.738417008976050754e-14
1.943292682926829401e-05 3.079478793040367115e-14
1.943597560975609788e-05 3.434358587887160701e-14
1.944512195121951290e-05 2.662682125662703628e-14
1.945426829268292454e-05 3.476232348223397813e-14
1.946036585365853568e-05 4.119011525080039299e-14
1.946646341463414683e-05 4.821854038128893197e-14
1.946646341463414683e-05 5.713447884304154480e-14
1.946646341463414683e-05 1.543395457297753353e-04
