# HAYSTAC rescaled to fixed polarisation scenario 
#  m_X [eV]	chi
2.315644171779141289e-05 1.736319889459972691e-04
2.315644171779141289e-05 6.585323412728137216e-14
2.315644171779141289e-05 5.694022956874274779e-14
2.316257668711656421e-05 5.294686694043931683e-14
2.316871165644171892e-05 5.105647093644562011e-14
2.317484662576687363e-05 5.167898206127320009e-14
2.318711656441717965e-05 5.167898206127320009e-14
2.319325153374233436e-05 5.167898206127319378e-14
2.319631901840491002e-05 5.167898206127319378e-14
2.320858895705521605e-05 4.983385416562283116e-14
2.321165644171779510e-05 4.747575121482044162e-14
2.321472392638037076e-05 4.923356895539263266e-14
2.322392638036810113e-05 4.983385416562282485e-14
2.323926380368098281e-05 4.983385416562283116e-14
2.324539877300613752e-05 4.923356895539263266e-14
2.325153374233128884e-05 4.923356895539262635e-14
2.326380368098159826e-05 4.864051461942764707e-14
2.327300613496932863e-05 4.864051461942764707e-14
2.327607361963190429e-05 4.805460405656030966e-14
2.328527607361963466e-05 4.747575121482044793e-14
2.329141104294478936e-05 4.747575121482044162e-14
2.330368098159509200e-05 4.633887965715045552e-14
2.331288343558282237e-05 4.747575121482044162e-14
2.331901840490797708e-05 4.468441286817194517e-14
2.332822085889570745e-05 4.747575121482043531e-14
2.334049079754601348e-05 4.690387107879666966e-14
2.334969325153374384e-05 4.690387107879666335e-14
2.335889570552147421e-05 4.747575121482042900e-14
2.336809815950920458e-05 4.805460405656031597e-14
2.337730061349693495e-05 4.747575121482044162e-14
2.338650306748466532e-05 4.864051461942764707e-14
2.339263803680981664e-05 4.747575121482044162e-14
2.339877300613497135e-05 4.923356895539263266e-14
2.340490797546012605e-05 4.633887965715044921e-14
2.341104294478527737e-05 4.864051461942764076e-14
2.341717791411043208e-05 4.983385416562282485e-14
2.342638036809816245e-05 4.864051461942764076e-14
2.343865030674846848e-05 4.690387107879666966e-14
2.344171779141104414e-05 4.864051461942764707e-14
2.344785276073619885e-05 4.690387107879666966e-14
2.345705521472392921e-05 4.522923203813475373e-14
2.346319018404908053e-05 4.690387107879666335e-14
2.346932515337423524e-05 4.690387107879666966e-14
2.347239263803681090e-05 4.747575121482044162e-14
2.347852760736196561e-05 4.055559643019845098e-14
2.348159509202454127e-05 4.256997786001242884e-14
2.348773006134969598e-05 4.805460405656031597e-14
2.349693251533742635e-05 4.468441286817193255e-14
2.350000000000000201e-05 4.690387107879666966e-14
2.350613496932515333e-05 4.468441286817194517e-14
2.351380368098159756e-05 4.578069397028025515e-14
2.352147239263803840e-05 4.578069397028031195e-14
2.352760736196319311e-05 5.230908321520824843e-14
2.353680981595092348e-05 5.105647093644562642e-14
2.354294478527607480e-05 5.167898206127320640e-14
2.354907975460122951e-05 5.044145841327539318e-14
2.355214723926380517e-05 4.308901656980707739e-14
2.355828220858895988e-05 4.105007459307894308e-14
2.357055214723926590e-05 4.205719135098057492e-14
2.357361963190184156e-05 3.958443740888648303e-14
2.357975460122699627e-05 4.256997786001242253e-14
2.358588957055214759e-05 4.105007459307894939e-14
2.358895705521472664e-05 5.105647093644562011e-14
2.359509202453987796e-05 4.055559643019845098e-14
2.360122699386503267e-05 4.105007459307894308e-14
2.360429447852760833e-05 4.256997786001243515e-14
2.361042944785276304e-05 4.205719135098058123e-14
2.361656441717791775e-05 4.205719135098058123e-14
2.362269938650306907e-05 4.205719135098057492e-14
2.363190184049079943e-05 4.308901656980707108e-14
2.363803680981595075e-05 4.361438371094718632e-14
2.364417177914110546e-05 4.155058173038191407e-14
2.364723926380368112e-05 3.910761391751323013e-14
2.365337423312883583e-05 4.006707461833532011e-14
2.365950920245399054e-05 4.006707461833532642e-14
2.366871165644172091e-05 4.155058173038191407e-14
2.367791411042945127e-05 4.155058173038192038e-14
2.368098159509202693e-05 4.105007459307894939e-14
2.369325153374233296e-05 4.155058173038191407e-14
2.370552147239263899e-05 4.256997786001242884e-14
2.371472392638036936e-05 4.256997786001243515e-14
2.372085889570552407e-05 4.155058173038191407e-14
2.372699386503067539e-05 4.256997786001243515e-14
2.373006134969325444e-05 4.155058173038190776e-14
2.374233128834356046e-05 4.256997786001242884e-14
2.375153374233129083e-05 4.205719135098058123e-14
2.375766871165644215e-05 3.422682246790015545e-14
2.376380368098159686e-05 4.308901656980708370e-14
2.376993865030675157e-05 4.155058173038190776e-14
2.377300613496932723e-05 3.725706911575583478e-14
2.377914110429447855e-05 3.863653411373056183e-14
2.378834355828220892e-05 3.863653411373056183e-14
2.380061349693251833e-05 4.006707461833531380e-14
2.380981595092024870e-05 4.055559643019845098e-14
2.381901840490797568e-05 4.155058173038191407e-14
2.383435582822086076e-05 4.155058173038191407e-14
2.384355828220859113e-05 4.256997786001243515e-14
2.384969325153374245e-05 4.256997786001243515e-14
2.385582822085889715e-05 4.308901656980707739e-14
2.386196319018405186e-05 4.414615644346446027e-14
2.387116564417178223e-05 4.522923203813475373e-14
2.387423312883435789e-05 4.205719135098056861e-14
2.388343558282208826e-05 4.256997786001243515e-14
2.388650306748466392e-05 4.308901656980708370e-14
2.389877300613497333e-05 4.308901656980708370e-14
2.390490797546012465e-05 4.414615644346444765e-14
2.391411042944785502e-05 4.468441286817195148e-14
2.392331288343558539e-05 4.414615644346445396e-14
2.392638036809816105e-05 4.578069397028029933e-14
2.393558282208589142e-05 4.578069397028031195e-14
2.393865030674846708e-05 4.747575121482044162e-14
2.394478527607362179e-05 4.633887965715044921e-14
2.394785276073619745e-05 4.864051461942764707e-14
2.395092024539877650e-05 4.747575121482044162e-14
2.396012269938650686e-05 4.923356895539263266e-14
2.396012269938650686e-05 4.690387107879666966e-14
2.396932515337423384e-05 4.864051461942764707e-14
2.397239263803680950e-05 4.747575121482044793e-14
2.397546012269938855e-05 4.923356895539263266e-14
2.397852760736196421e-05 5.359242690748470949e-14
2.398466257668711892e-05 5.557671817971820222e-14
2.398466257668711892e-05 5.044145841327539318e-14
2.398466257668711892e-05 1.736319889459972691e-04
