# HAYSTAC rescaled to fixed polarisation scenario 
#  m_X [eV]	chi
2.316178478861060337e-05 1.602256285094911237e-13
2.316636759193935497e-05 1.486633380810307693e-13
2.317573364512994825e-05 1.456489007034456581e-13
2.318549147360969947e-05 1.443591074213816452e-13
2.319525871436634051e-05 1.433537208753010791e-13
2.320501945750320059e-05 1.417826997290947863e-13
2.321473387885242783e-05 1.375234316346625273e-13
2.322460814369532421e-05 1.415687732821814367e-13
2.323440514500857047e-05 1.412733277075438618e-13
2.324414338416776565e-05 1.376322146141240323e-13
2.325394773995418589e-05 1.372915215604391606e-13
2.326371722128873514e-05 1.348793191750599777e-13
2.327355555522004143e-05 1.359049361969446169e-13
2.328330842882566230e-05 1.321780051042939726e-13
2.329313374293417953e-05 1.320752194083397363e-13
2.330290814207995335e-05 1.290580800978238764e-13
2.331122657691885239e-05 1.299049312511718823e-13
2.331831759261735517e-05 1.258344848206485974e-13
2.332816280705104134e-05 1.323073726518515051e-13
2.333781500952938470e-05 1.299446981987893125e-13
2.334764730867812353e-05 1.289984634370701500e-13
2.335754428128807971e-05 1.312419921994232533e-13
2.336741338971440565e-05 1.317960285152672190e-13
2.337725014052189910e-05 1.304284279746091912e-13
2.338716322682301332e-05 1.328557899439293466e-13
2.339704039159914311e-05 1.331742851767114129e-13
2.340683787566103674e-05 1.290934827950909373e-13
2.341688398573613350e-05 1.378332918628273045e-13
2.342671120647270779e-05 1.348761472887500464e-13
2.343653094007005724e-05 1.313138564841273306e-13
2.344644057062066772e-05 1.322395598787090168e-13
2.345592213547494122e-05 1.246852701620256713e-13
2.346411225303210660e-05 1.257487915495267328e-13
2.347334028792807486e-05 1.270476125857048113e-13
2.348076913716076928e-05 1.152385295549148538e-13
2.348962634428736378e-05 1.307838474142275488e-13
2.349945812074878790e-05 1.264868420718879980e-13
2.350930207590867446e-05 1.226127587348756727e-13
2.351883559227444076e-05 1.258376403505943157e-13
2.352856342910521984e-05 1.389483729195513969e-13
2.353851376772645579e-05 1.399600833186555617e-13
2.354796750316451843e-05 1.384244781372508609e-13
2.355291585011251218e-05 1.217500382656770861e-13
2.355783451725247316e-05 1.112924395485979000e-13
2.356791631834351529e-05 1.106792864948445232e-13
2.357767936439022523e-05 1.089510766358438271e-13
2.358165433865263132e-05 1.140337519587363908e-13
2.359218643143935816e-05 1.239067342741005828e-13
2.359445986728423144e-05 1.344743933768395027e-13
2.360034806833365083e-05 1.113240541631710581e-13
2.360838325735341319e-05 1.287802671068479569e-13
2.361035575896161274e-05 1.137360450174204237e-13
2.362032088400070704e-05 1.137344411710585808e-13
2.362738811813503868e-05 1.276566269105471779e-13
2.363031362951270643e-05 1.149380758674227297e-13
2.364053065825132664e-05 1.119110339142512390e-13
2.365007836369548892e-05 1.053460830369161838e-13
2.366008099324014383e-05 1.064127960050007212e-13
2.367005798077448733e-05 1.095293966530804461e-13
2.368009353099798323e-05 1.082659074678680898e-13
2.369011788362478945e-05 1.097923693897158675e-13
2.370013293149285673e-05 1.106242265174521836e-13
2.371013956281747440e-05 1.108085601802617509e-13
2.372010793195549402e-05 1.088222275873106486e-13
2.373013746690788738e-05 1.097457066495955802e-13
2.374080133709408573e-05 1.106477005186480482e-13
2.375080989103844437e-05 1.100546676918794635e-13
2.375839846671335884e-05 8.777033467727893242e-14
2.375881109260359511e-05 9.883677393130923477e-14
2.376756555929502177e-05 1.135829462979710593e-13
2.377771534965989869e-05 1.022062646359980939e-13
2.378002781806873002e-05 9.803672276600718955e-14
2.379010641282544827e-05 1.001671675565804862e-13
2.380018640688053440e-05 1.021500419211094454e-13
2.381027520897123717e-05 1.043612488329906038e-13
2.382034922381940015e-05 1.056048476649261783e-13
2.383043022549329292e-05 1.069852769696846862e-13
2.384052457924917863e-05 1.088239942738940059e-13
2.385060502977824488e-05 1.097425758575900691e-13
2.386070247335947577e-05 1.113030810281769223e-13
2.387083148357042520e-05 1.142389148882460268e-13
2.388077913151191698e-05 1.078148207109113252e-13
2.389088297623631320e-05 1.090531571534500116e-13
2.390099565022532648e-05 1.105195826300359340e-13
2.391107068680713794e-05 1.098774062040836374e-13
2.392122563685507300e-05 1.130365227008385923e-13
2.393133382586123270e-05 1.136296594306132517e-13
2.394148734499078213e-05 1.162811814634864461e-13
2.395163786958403470e-05 1.185645627949280920e-13
2.396177361200748550e-05 1.198905551037568320e-13
2.396798505514132364e-05 1.201862915626360533e-13
2.397057876071402561e-05 1.157744407349177673e-13
2.397596866241415899e-05 1.227849858911597692e-13
2.397975506898507094e-05 1.147250716374832352e-13
2.398724363045863419e-05 1.267006096290007702e-13
2.398952219646028795e-05 1.368812733285017598e-13
