# HAYSTAC 2022 rescaled to fixed polarisation scenario 
#  m_X [eV]	chi
1.844651086512794373e-05 2.178872217497641817e+00
1.844651086512794373e-05 3.094900682138697737e-14
1.844771025279756953e-05 3.006090640187597539e-14
1.844918681330018321e-05 2.953087036293447037e-14
1.844972120827870814e-05 3.087483943210537499e-14
1.845089249256772564e-05 3.207821149695553096e-14
1.845220300259299909e-05 3.117990529745237755e-14
1.845312251379633317e-05 3.031088739662445496e-14
1.845368881493764885e-05 2.945026580401709388e-14
1.845560150707086576e-05 2.875896976052435075e-14
1.845717215122183916e-05 2.855186082441720920e-14
1.845819897535780189e-05 2.961189473726286958e-14
1.845910605130663274e-05 3.039624986353348319e-14
1.846152617623749052e-05 2.781951616295729160e-14
1.846421069363139350e-05 2.972118668260048262e-14
1.846669040546480888e-05 2.945986158484058732e-14
1.846742438197330674e-05 2.871139068060785242e-14
1.846870549971385526e-05 2.778299888593453653e-14
1.846979123122755267e-05 2.750232229684726489e-14
1.847201897940463171e-05 2.813738851862050052e-14
1.847324910401724373e-05 2.916479132451806604e-14
1.847433292203154952e-05 3.001641687260340282e-14
1.847523488451868027e-05 3.077501665659427950e-14
1.847530984396630554e-05 3.174633316740857882e-14
1.847723912896042392e-05 3.164450101899000440e-14
1.847783483520565429e-05 3.083565666040943185e-14
1.847856778852350875e-05 3.006226338098232085e-14
1.847955904764887579e-05 2.934951010537037483e-14
1.848121300108622903e-05 2.852021320112433569e-14
1.848304110826680727e-05 2.839233096822657544e-14
1.848477925337746716e-05 2.839233096822657860e-14
1.848537488985970196e-05 2.758628537905285778e-14
1.848598088614723215e-05 2.682641948509220943e-14
1.848739397056581394e-05 2.601337697240135298e-14
1.849058472083378460e-05 2.546201939925127835e-14
1.849281720655268068e-05 2.591348243357213527e-14
1.849361152805499166e-05 2.686980041089843016e-14
1.849696636089571706e-05 2.804808233118363921e-14
1.849741104021507474e-05 2.722884254337760702e-14
1.849794454776396727e-05 2.640840328296864288e-14
1.849895257054530196e-05 2.569482612718497133e-14
1.849934341298850989e-05 2.481340458921304303e-14
1.849960298366563343e-05 2.386672083734494709e-14
1.850098031454742631e-05 2.494984459779713740e-14
1.850109500491716290e-05 2.589023111849980748e-14
1.850148330576748863e-05 2.693697087666290637e-14
1.850255926683732588e-05 2.810380328573825768e-14
1.850559928463363639e-05 2.805800524089884567e-14
1.850896181201600396e-05 2.754220476089491465e-14
1.851044268862850236e-05 2.770383369414069351e-14
1.851114783155303212e-05 2.882764725596943773e-14
1.851212731083227121e-05 2.982677394106534185e-14
1.851370508549605214e-05 2.843431250932937978e-14
1.851445338335155544e-05 2.750712018725901477e-14
1.851478896330721128e-05 2.671067037890878424e-14
1.851525194046449777e-05 2.594900527604373481e-14
1.851589365042424459e-05 2.514176021426707258e-14
1.851715779582384778e-05 2.337693619114563259e-14
1.851716544184849305e-05 2.436322253012070069e-14
1.851881048126119685e-05 2.449644395388691431e-14
1.851910892736930144e-05 2.545362309103071370e-14
1.851980020892264676e-05 2.635202807063059837e-14
1.852033358192860571e-05 2.712029027281179876e-14
1.852086643171208438e-05 2.790954324554440604e-14
1.852128983829993416e-05 2.873538013266658604e-14
1.852189665679423167e-05 2.952583257800213474e-14
1.852369470041551205e-05 3.026302843976726642e-14
1.852541993239513113e-05 3.087344004740194282e-14
1.852960937486986803e-05 3.379715451706110789e-14
1.853090989669017622e-05 3.228821798256623658e-14
1.853097346074806306e-05 3.132144306459895321e-14
1.853153717766858430e-05 3.039736937129621883e-14
1.853271719334730091e-05 2.954114349299255371e-14
1.853487436844358053e-05 2.998762953013291617e-14
1.853554648510458293e-05 2.914799870807694936e-14
1.853570320070469161e-05 2.840240653809125303e-14
1.853585930239040407e-05 2.768144353888586706e-14
1.853684491403493270e-05 2.693137333784920922e-14
1.853731769787659745e-05 2.458880334431306870e-14
1.853891582864902618e-05 2.697335487895200409e-14
1.853983248455248786e-05 2.898966832448925070e-14
1.853983970003977619e-05 2.808446633347272747e-14
1.854236093480996644e-05 2.730081089955382364e-14
1.854298016862648274e-05 2.808796479523129844e-14
1.854537484408384540e-05 2.895438971852050475e-14
1.854739542346331484e-05 2.814715876818623902e-14
1.854942689009152502e-05 2.565513448832414548e-14
1.855117322507157779e-05 2.501701506356161045e-14
1.855291830891741438e-05 2.491625936491489772e-14
1.855317008357943627e-05 2.589862742672037529e-14
1.855475301997077232e-05 2.815387581476268758e-14
1.855496459719298589e-05 2.927114456197848224e-14
1.855764321728807205e-05 2.515975230331113068e-14
1.855767497689319716e-05 2.596369881542971585e-14
1.856191541030634460e-05 2.848002574297464993e-14
1.856353169637065908e-05 2.935256330835967107e-14
1.856435124353906271e-05 3.035286893772724352e-14
1.856574734383852309e-05 3.114479346307548344e-14
1.856763094163026812e-05 3.131284684427791042e-14
1.856976565450660087e-05 3.064254157133656157e-14
1.857185561441931026e-05 2.992045906436843049e-14
1.857514159118040111e-05 2.554878125086371982e-14
1.857728614063953540e-05 2.887092053679847671e-14
1.857786398755712190e-05 2.993305352669927590e-14
1.858025950940379859e-05 2.803548786885279696e-14
1.858058440731554466e-05 2.885506084349297727e-14
1.858302058752738816e-05 2.999293246164062793e-14
1.858418993581725752e-05 2.939652943140550534e-14
1.858559487889389911e-05 2.918718147977289250e-14
1.858606227105238037e-05 2.838033624219720548e-14
1.858750140198480859e-05 2.764386006399383739e-14
1.858797550365717848e-05 2.689262114606200255e-14
1.859013910109812915e-05 2.790534509143412845e-14
1.859036812305646535e-05 2.874497591349007948e-14
1.859324294062241891e-05 2.751575639000016202e-14
1.859358109582933576e-05 2.798818866587697624e-14
1.859666582673166334e-05 2.864938717374833689e-14
1.859826621138558445e-05 2.881214637925456516e-14
1.859870843903385011e-05 2.769543738592013833e-14
1.859921847631677280e-05 2.662910624190906155e-14
1.860052590467394345e-05 2.589862742672037213e-14
1.860064699928695546e-05 2.528905544990774430e-14
1.860319878676239537e-05 2.626596591136986037e-14
1.860540113962245380e-05 2.519104763395138872e-14
1.860642122687248203e-05 2.490506428728748449e-14
1.860833870474740747e-05 2.593053339795849573e-14
1.860986224492171007e-05 2.687427844194940113e-14
1.861119678318014578e-05 2.727282320548530319e-14
1.861348235854099435e-05 2.683061763920248702e-14
1.861573128149564195e-05 2.765991454344853247e-14
1.861887274612165232e-05 2.780698833799327961e-14
1.862078837101885235e-05 2.853735811021806154e-14
1.862328869908677666e-05 2.797671371130887910e-14
1.862500218297742695e-05 2.721125027853453044e-14
1.862630661152565956e-05 2.697055610954514921e-14
1.862743523731736077e-05 2.787175985855188561e-14
1.862854930589668946e-05 2.874124422094761051e-14
1.862960405732371662e-05 2.952751183964623820e-14
1.863057317699537137e-05 3.128625853491279375e-14
1.863062656894365040e-05 3.037572555454989122e-14
1.863175600863700831e-05 2.908922455053303149e-14
1.863272165411133011e-05 2.784713068777157841e-14
1.863361378333770898e-05 2.604472318975811191e-14
1.863400619422526930e-05 2.708490583102515484e-14
1.863603596860245810e-05 2.861903129018168225e-14
1.863751166531230712e-05 2.815723433805091345e-14
1.863924827563700359e-05 2.868060421713246447e-14
1.864090612353625146e-05 2.959300304376660148e-14
1.864323057681961494e-05 2.909522191354771016e-14
1.864397148644136244e-05 2.822253895754415201e-14
1.864487989370074676e-05 2.736798136531830616e-14
1.864571966579666045e-05 2.581886249862505367e-14
1.864591107289450067e-05 2.661527702836931190e-14
1.864812904380597707e-05 2.825502663379625599e-14
1.864865450123695480e-05 2.914024826971951623e-14
1.865120963009170893e-05 2.723364043378935690e-14
1.865126990532251969e-05 2.789415001380670891e-14
1.865258319377157529e-05 2.892969469434239458e-14
1.865391425275900829e-05 2.956018111163169532e-14
1.865695929349121969e-05 2.931287166949883891e-14
1.865887488142308536e-05 3.004472442603271795e-14
1.865954435506305895e-05 3.089443081795334341e-14
1.866213826579300221e-05 3.212097723107101641e-14
1.866550406850932619e-05 3.008838522877962890e-14
1.866700960982998702e-05 2.953758740951091579e-14
1.866936865958098525e-05 2.898007254366574464e-14
1.867070969760433995e-05 2.841687402302513473e-14
1.867112425540744768e-05 2.786216407772838586e-14
1.867244325445624809e-05 2.877856114637232548e-14
1.867288080798360422e-05 2.969655751182018488e-14
1.867398927226870627e-05 3.048301171514593097e-14
1.867647801143414483e-05 3.020257502057923246e-14
1.867892373872109051e-05 3.082965929739473425e-14
1.868161241465411730e-05 2.999602583835346504e-14
1.868386257724358724e-05 3.103135522893479037e-14
1.868555709364818813e-05 3.327898235259228511e-14
1.868695984362984025e-05 3.380413326675091614e-14
1.868910625829787604e-05 3.303381015255193606e-14
1.869114736550809297e-05 3.082352865964640138e-14
1.869140025515417955e-05 3.182597911947649284e-14
1.869356804854293560e-05 3.468956213364629496e-14
1.869647046833760242e-05 3.092801605083557678e-14
1.869654363577055397e-05 3.279535499908804505e-14
1.869761197702971822e-05 3.377529746074091715e-14
1.869812678145088349e-05 3.467276951720517828e-14
1.869812678145088349e-05 2.149551690582606867e+00
