# ORGAN rescaled to fixed polarisation scenario 
#  m_X [eV]	chi
6.325446665677619720e-05 5.474085959659907630e+00
6.325446665677619720e-05 1.309337370005888744e-11
6.325781816736782040e-05 1.397044234472535008e-11
6.329259008975595172e-05 1.515435952530229189e-11
6.332652413449616369e-05 1.605905248189819571e-11
6.335470729174393501e-05 1.555487264936031863e-11
6.338467284326088579e-05 1.547968889058202772e-11
6.341575810399821263e-05 1.558850597834002191e-11
6.344801639344261300e-05 1.559139739103128785e-11
6.348027468288702693e-05 1.577389423453730761e-11
6.351253297233142730e-05 1.597515319541580026e-11
6.354479126177582768e-05 1.571419486214051014e-11
6.357704955122022805e-05 1.566811663342241778e-11
6.360930784066462843e-05 1.549261322146592092e-11
6.364156613010904236e-05 1.562509937075747563e-11
6.367382441955344273e-05 1.517379800303374900e-11
6.370608270899784310e-05 1.494149558432959602e-11
6.373834099844224348e-05 1.510592906108544552e-11
6.377059928788664385e-05 1.520871343727404973e-11
6.380285757733105778e-05 1.520102401553393136e-11
6.383511586677545816e-05 1.507779524840013245e-11
6.386737415621985853e-05 1.498673994126836384e-11
6.389963244566425891e-05 1.459942641179920967e-11
6.393189073510867283e-05 1.458193632230654671e-11
6.396414902455307321e-05 1.412154052738952317e-11
6.399640731399747358e-05 1.385721035512505424e-11
6.402866560344187396e-05 1.396605805449976121e-11
6.406092389288627433e-05 1.441185362916643756e-11
6.409318218233068826e-05 1.401508087967209078e-11
6.412732569648287668e-05 1.421996078578391282e-11
6.415769876121948901e-05 1.488789274859080721e-11
6.418995705066388939e-05 1.453843878351795385e-11
6.422221534010828976e-05 1.455637025074561875e-11
6.425447362955270369e-05 1.496899746006577576e-11
6.428585214746680568e-05 1.614358092285383496e-11
6.431247338229111998e-05 1.721948234415386204e-11
6.434245078258289392e-05 1.715051546343221974e-11
6.437470907202729430e-05 1.651711505722808047e-11
6.440696736147169467e-05 1.549308250126880326e-11
6.443168475208494285e-05 1.552326476657224788e-11
6.443336050738075445e-05 1.647347313979849044e-11
6.443336050738075445e-05 5.373930291467115872e+00
6.461469119501520616e-05 5.358849224653527976e+00
6.461469119501520616e-05 1.132951143773040603e-11
6.462984281581484055e-05 1.056985601983144967e-11
6.466039043839477110e-05 1.070509662499154418e-11
6.468304804645691301e-05 1.095523520650927098e-11
6.469631444254877290e-05 1.033783748311094985e-11
6.472368511238038493e-05 1.128951969471200678e-11
6.474840250299361956e-05 1.187050883922234050e-11
6.475740968770862045e-05 1.254771326612957878e-11
6.475740968770862045e-05 5.347038886846594785e+00
6.495301222461240817e-05 5.330936564023233792e+00
6.495301222461240817e-05 1.119902609062181149e-11
6.495594479638007847e-05 9.337963171043302448e-12
6.495682456791039040e-05 1.021807232633585552e-11
6.496562228321340129e-05 8.063622482776049220e-12
6.496806609301980224e-05 8.481622217234586368e-12
6.499138702088653173e-05 9.197471985657323841e-12
6.500521200207699097e-05 1.035625904047233741e-11
6.502896583339514206e-05 1.068512995028572517e-11
6.505017810251463833e-05 9.489606002721533777e-12
6.505433257918550910e-05 9.151070520842949308e-12
6.508224088717453097e-05 9.771574703495140224e-12
6.510315989911726563e-05 9.964264369831688993e-12
6.511878250871596849e-05 9.061475270181575972e-12
6.513072607373339895e-05 8.964121343958946453e-12
6.516012079309878280e-05 9.471467566697612874e-12
6.519289659520806617e-05 9.048033508620764232e-12
6.522393297974926607e-05 9.252974916158774855e-12
6.523285288554261463e-05 9.576586616060410886e-12
6.526621088939989137e-05 8.845501174908220610e-12
6.529846917884429174e-05 8.457027879679706409e-12
6.533585946888212869e-05 8.242914720648309794e-12
6.536298575773310604e-05 8.413572370890965587e-12
6.539524404717750642e-05 8.637147619825919887e-12
6.542163719308656620e-05 8.647369773492590974e-12
6.544705281507306018e-05 7.913169550568008972e-12
6.547983746355268933e-05 7.939455415607030084e-12
6.548908634374303725e-05 7.645893622758971750e-12
6.552116134745195823e-05 7.712359555756224078e-12
6.554545688994387097e-05 7.834550794379834854e-12
6.555311416067056865e-05 8.853259419406923628e-12
6.555594898004598508e-05 9.902999330634665197e-12
6.555800178028335699e-05 1.092755194087941462e-11
6.556093435205102729e-05 1.196395612837655291e-11
6.556885229582373980e-05 1.296336715066975447e-11
6.556994153676602819e-05 1.641011646262055868e-11
6.557516595033532317e-05 1.464089776510123248e-11
6.559172635561159252e-05 1.296874318047792015e-11
6.559319264149542767e-05 1.389080860299216093e-11
6.559382104973135702e-05 1.178800971568389392e-11
6.559759149914694666e-05 1.024037614099002144e-11
6.560003530895333406e-05 9.092282592804663211e-12
6.560296788072100436e-05 8.170276440683030742e-12
6.561099754151345300e-05 7.458210273607964224e-12
6.562984978859134704e-05 6.995921832272060395e-12
6.566210807803574741e-05 7.147034429691690705e-12
6.569436636748014779e-05 7.344612188350268356e-12
6.572662465692454816e-05 7.446196994924839211e-12
6.575888294636896209e-05 7.347597962680981250e-12
6.579114123581336247e-05 7.202661110486276624e-12
6.582339952525776284e-05 7.219144307956626818e-12
6.585691463117402192e-05 6.995862279142048090e-12
6.588791610414657714e-05 7.179614244642186352e-12
6.592130230580931329e-05 7.076494534518908993e-12
6.594774056820709729e-05 6.654181869055160069e-12
6.597002811364141323e-05 6.437116097323863227e-12
6.598762354424744857e-05 5.970676064880318346e-12
6.601255040427267320e-05 6.098220435587643333e-12
6.602330316742081569e-05 6.810937329439983347e-12
6.602428069134336794e-05 7.407484742826014991e-12
6.602721326311103824e-05 7.888677644284434527e-12
6.602784167134696759e-05 8.586686720800546773e-12
6.603124554929158490e-05 9.994421401785964266e-12
6.603395817817669076e-05 1.137462926640244259e-11
6.603395817817669076e-05 5.243671549679550736e+00
6.684100192864030467e-05 5.180359028449382564e+00
6.684100192864030467e-05 9.067687847967244518e-12
6.685566478747866971e-05 8.387132739024102082e-12
6.688792307692307008e-05 8.461999956861649037e-12
6.691920384244491821e-05 8.984209304115146953e-12
6.695243965581187083e-05 9.391123767888029767e-12
6.698306873871868864e-05 9.963759441931007445e-12
6.700559251910094918e-05 9.929303715715132933e-12
6.703129325223152824e-05 9.847401484519571192e-12
6.706094481121578025e-05 1.024694646773315941e-11
6.709369186262146352e-05 1.052233736395992316e-11
6.712057377049179265e-05 1.067315771232660915e-11
6.713939110600102846e-05 1.135296991969431108e-11
6.713939110600102846e-05 5.157335836795890138e+00
