# ORGAN rescaled to fixed polarisation scenario 
#  m_X [eV]	chi
1.074435064935064997e-04 4.225837258508217120e-01
1.074435064935064997e-04 2.397501688699656647e-12
1.075000110505377880e-04 2.005147015562200500e-12
1.075835057568039801e-04 2.443047033844838398e-12
1.076704955903092057e-04 2.372033957386576053e-12
1.076875828790334517e-04 2.008492489773812350e-12
1.077800913344950765e-04 1.900174978683528179e-12
1.078689411479930125e-04 1.956399150831927549e-12
1.079619115325517289e-04 1.923851115763794550e-12
1.080439663658869519e-04 1.936185697999184186e-12
1.081380659453998167e-04 1.902165243167246455e-12
1.082277742112020848e-04 1.948951106014938659e-12
1.083174824770043529e-04 1.947336989624344750e-12
1.084071907428066210e-04 1.852997138016095113e-12
1.084921017751435334e-04 1.883460329694732552e-12
1.085809612996403879e-04 1.914586621802000899e-12
1.086763155402134388e-04 1.942822773917234292e-12
1.087660238060157068e-04 1.942178087838784398e-12
1.088582806020964430e-04 1.871441972296822912e-12
1.089454403376202430e-04 1.915216977910944968e-12
1.090351486034225111e-04 1.896726596641851280e-12
1.091223083389462976e-04 1.831175295351491326e-12
1.092221767454587555e-04 1.842075747036930936e-12
1.093088041213243817e-04 1.801317519903310730e-12
1.093928942937127718e-04 1.847869675904222001e-12
1.094882206529289179e-04 1.853397851446787490e-12
1.095532817992380374e-04 1.817344992171248519e-12
1.096289561583068425e-04 1.865230564243839349e-12
1.097247808967774529e-04 1.863601622909481932e-12
1.098099018080784677e-04 1.902015094496892195e-12
1.098996100738807357e-04 1.873472007816179087e-12
1.099893183396830038e-04 1.870098271108335031e-12
1.100790266054852719e-04 1.862133810820579850e-12
1.101669873076680233e-04 1.833511265140736393e-12
1.102589528431455044e-04 1.814757834708530790e-12
1.103467921867435617e-04 1.844528645554347732e-12
1.104378596686943578e-04 1.836957320395863789e-12
1.105318854446154446e-04 1.764535649287961459e-12
1.106172762002988940e-04 1.823154870026880245e-12
1.107146300569365798e-04 1.763697560976035492e-12
1.107932946915321303e-04 1.802538453033990268e-12
1.108882829892959501e-04 1.794366989358532498e-12
1.109679539666168522e-04 1.616094910416420734e-12
1.109739345176703296e-04 1.762562362056512713e-12
1.110658175293102344e-04 1.829276102839366344e-12
1.111555257951125025e-04 1.840465018215864563e-12
1.112409165507959518e-04 1.742689154919238491e-12
1.113349423267170386e-04 1.817667770555059551e-12
1.114246505925193067e-04 1.809051918222674730e-12
1.115143588583215748e-04 1.827318071953621064e-12
1.116025380059567675e-04 1.814931257850643297e-12
1.116953287798101333e-04 1.854077449929505728e-12
1.117834836557283926e-04 1.886026629864966103e-12
1.118590560735860558e-04 1.920348390349234393e-12
1.118590560735860558e-04 4.059025606530611285e-01
