# ORGAN-Q rescaled to fixed polarisation scenario 
#  m_X [eV]	chi
2.545230137671127574e-05 1.204574833434755465e+00
2.545230137671127574e-05 5.493179599209157372e-13
2.545241808952469065e-05 5.791300973926198122e-13
2.545300165359175505e-05 4.990841354110034220e-13
2.545311836640516996e-05 5.261700236885816600e-13
2.545381864328564927e-05 4.780530234647933717e-13
2.545416878172589061e-05 4.517667894249094317e-13
2.545440220735271705e-05 4.274529778889990339e-13
2.545521919704660788e-05 4.008503151780580015e-13
2.545626961236732854e-05 3.764778302959568087e-13
2.545743674050146411e-05 3.502333326635366244e-13
2.545907071988924916e-05 3.338186220616758401e-13
2.546117155053068709e-05 3.145897174838508474e-13
2.546502307337332837e-05 3.052860555082991940e-13
2.546922473465620761e-05 2.983730656137383707e-13
2.547342639593908685e-05 2.912583973923370985e-13
2.547762805722196609e-05 2.865940348979350611e-13
2.548182971850484533e-05 2.895562972435349769e-13
2.548568124134748661e-05 3.013491430664364340e-13
2.548883248730964520e-05 3.161661568868232076e-13
2.549163359483156582e-05 3.321650811182761073e-13
2.549548511767420371e-05 3.230953881618523503e-13
2.549933664051684499e-05 3.101670514182658782e-13
2.550353830179972423e-05 3.065157542013733286e-13
2.550773996308260347e-05 3.096839811505175719e-13
2.551124134748500340e-05 3.033315743556800023e-13
2.551404245500692403e-05 2.875071814697769938e-13
2.551754383940932396e-05 2.739281116349927330e-13
2.552174550069220320e-05 2.712030233938210610e-13
2.552594716197508244e-05 2.724948638732802779e-13
2.553014882325796168e-05 2.727851108317264974e-13
2.553435048454084092e-05 2.705698200397826561e-13
2.553855214582372016e-05 2.698610790585390449e-13
2.554275380710659940e-05 2.713132505102706654e-13
2.554695546838947864e-05 2.744548288050879846e-13
2.555045685279187857e-05 2.849878674126338958e-13
2.555395823719427850e-05 2.977494602613107073e-13
2.555815989847715774e-05 3.017530151542749855e-13
2.556236155976003698e-05 2.911383400311214391e-13
2.556586294416243692e-05 2.925332289011472059e-13
2.556854733887094263e-05 3.053608547723995704e-13
2.556971446700507820e-05 3.172064491591226809e-13
2.557111502076603681e-05 3.343020920900611080e-13
2.557341593051618505e-05 3.595248782032252201e-13
2.557671723580987806e-05 3.588162932516200064e-13
2.557811778957083668e-05 3.339026078273885057e-13
2.557951834333179529e-05 3.153358349472128575e-13
2.558126903553299526e-05 3.016657652994203631e-13
2.558259956160590900e-05 2.872129099765596367e-13
2.558617097369635381e-05 2.713527059591958780e-13
2.559037263497923644e-05 2.675000675826417750e-13
2.559422415782187433e-05 2.762812593827216281e-13
2.559737540378403291e-05 2.884264579936605198e-13
2.560087678818643285e-05 2.946575496346825062e-13
2.560507844946931209e-05 2.949715451853897318e-13
2.560928011075219133e-05 2.951044608213400171e-13
2.561348177203507395e-05 2.972401392084859510e-13
2.561768343331795319e-05 3.038400427975529920e-13
2.562188509460083244e-05 3.049125140384180053e-13
2.562608675588371168e-05 3.099635509133380099e-13
2.563028841716659092e-05 3.205675221119372628e-13
2.563449007844947016e-05 3.254775968217481969e-13
2.563834160129211144e-05 3.326272906385224829e-13
2.564219312413474933e-05 3.528765854477516787e-13
2.564639478541762857e-05 3.482944540006905035e-13
2.564989616982002850e-05 3.397901920553423158e-13
2.565339755422242843e-05 3.246386021260340776e-13
2.565759921550530767e-05 3.257845609002533542e-13
2.566180087678818691e-05 3.207647346360928608e-13
2.566600253807106615e-05 3.148532561891240487e-13
2.567020419935394539e-05 3.153826739598520800e-13
2.567440586063682463e-05 3.176652299592343558e-13
2.567860752191970726e-05 3.209490526432544534e-13
2.568280918320258650e-05 3.189304124363318022e-13
2.568701084448546574e-05 3.212386707009948281e-13
2.569121250576834498e-05 3.241607658617249062e-13
2.569541416705122422e-05 3.293283435832874873e-13
2.569961582833410347e-05 3.387162226408948138e-13
2.570381748961698271e-05 3.394944220377186831e-13
2.570801915089986195e-05 3.338528327684306762e-13
2.571222081218274119e-05 3.383421688335150911e-13
2.571642247346562043e-05 3.477732325754853800e-13
2.572062413474849967e-05 3.457984193912430394e-13
2.572482579603138230e-05 3.434124575588663535e-13
2.572902745731426154e-05 3.473892881570482708e-13
2.573322911859714078e-05 3.632703854696221256e-13
2.573728072054848898e-05 3.803469447983136902e-13
2.574100219197046822e-05 3.755537990938656166e-13
2.574443354868481988e-05 3.577956710962140736e-13
2.574863520996769912e-05 3.592796206292644260e-13
2.575108617904937840e-05 3.787438368602702107e-13
2.575248673281033701e-05 4.013701079283501152e-13
2.575493770189201629e-05 4.196185962826678794e-13
2.575913936317489553e-05 4.154447821942199830e-13
2.576229060913705750e-05 3.981468988763303229e-13
2.576299088601753681e-05 3.813710973703945478e-13
2.576439143977849543e-05 3.621626508886975851e-13
2.576579199353945743e-05 3.443446716428848057e-13
2.576789282418089536e-05 3.257886770492242115e-13
2.576985359944624013e-05 3.119697033537531661e-13
2.577384517766497456e-05 3.076188694902029641e-13
2.577699642362713653e-05 3.185471996070453761e-13
2.577991424396246868e-05 3.347683634525002526e-13
2.578259863867097439e-05 3.559510428220818343e-13
2.578511963544070194e-05 3.602737671052520669e-13
2.578925126903553291e-05 3.678674883660873235e-13
2.579345293031841215e-05 3.827981748039208357e-13
2.579590389940009142e-05 4.047785358952032532e-13
2.579930524424813959e-05 4.227023100204696474e-13
2.580255652976465333e-05 3.900235575471736115e-13
2.580300670775924644e-05 4.043474785189237610e-13
2.580722504230118544e-05 4.026165566078114397e-13
2.580962932625749807e-05 3.973189514787861998e-13
2.581313071065989800e-05 4.002057250694950098e-13
2.581481137517304970e-05 3.768812463761508374e-13
2.581621192893401170e-05 3.577890156864342865e-13
2.581761248269497032e-05 3.357207427900150781e-13
2.581936317489617029e-05 3.185135066451028170e-13
2.582216428241809091e-05 3.002322238836597807e-13
2.582566566682049084e-05 2.903031711725329180e-13
2.582986732810337008e-05 2.877692452284869580e-13
2.583406898938624932e-05 2.916391177565420524e-13
2.583827065066912856e-05 2.926689251057911592e-13
2.584247231195200780e-05 2.915442840444375308e-13
2.584667397323488704e-05 2.963742839147004723e-13
2.585017535763728698e-05 3.120341994878956689e-13
2.585169262421166051e-05 3.251320105541287953e-13
2.585356002922627200e-05 3.423330792726860652e-13
2.585472715736040756e-05 3.564883765742955537e-13
2.585742822532797303e-05 3.722513502819408322e-13
2.585986252115059255e-05 3.559797550230953368e-13
2.586102964928472473e-05 3.401373314842173990e-13
2.586266362867251317e-05 3.249940887689109615e-13
2.586418089524688670e-05 3.104310325863824868e-13
2.586733214120904529e-05 2.936365912465127856e-13
2.587118366405168657e-05 2.867804366632884492e-13
2.587538532533456581e-05 2.892116253326404199e-13
2.587958698661744505e-05 2.913051485576974856e-13
2.588378864790032429e-05 2.928733492950009496e-13
2.588799030918320353e-05 2.940882933208241615e-13
2.589219197046608277e-05 2.953082851505423583e-13
2.589639363174896201e-05 2.961690799131701718e-13
2.589989501615136194e-05 3.077251026905935026e-13
2.590339640055376187e-05 3.185551844385991573e-13
2.590689778495616180e-05 3.159774843664499034e-13
2.591004903091832039e-05 3.017067342501547640e-13
2.591390055376096167e-05 2.968798829997696479e-13
2.591810221504384091e-05 2.992128219488544026e-13
2.592230387632672015e-05 3.032367536752949000e-13
2.592650553760959939e-05 3.033740027660073879e-13
2.593035706045223728e-05 3.134875289945682642e-13
2.593315816797415790e-05 3.277160402769443475e-13
2.593455872173511991e-05 3.458031457619005008e-13
2.593630941393631649e-05 3.667947076732041648e-13
2.593712640363021071e-05 3.915934157686186817e-13
2.593864367020458424e-05 4.228378212889645973e-13
2.594121135209967842e-05 4.605019129943146321e-13
2.594126137187685431e-05 4.445312485383088898e-13
2.594366232118135770e-05 4.356808143328704081e-13
2.594389574680818413e-05 4.097070605079191654e-13
2.594459602368866344e-05 3.866981645781009604e-13
2.594552972619596919e-05 3.649781506751120783e-13
2.594669685433010476e-05 3.495936814008100934e-13
2.594786398246423694e-05 3.331129694323103372e-13
2.594961467466543690e-05 3.177924425322494803e-13
2.595241578218735753e-05 3.053145391445554015e-13
2.595556702814951611e-05 3.140310940380627212e-13
2.595808802491924365e-05 3.307179321981592059e-13
2.596011882787263670e-05 3.535169824509690278e-13
2.596186952007383667e-05 3.735966442785587933e-13
2.596467062759575390e-05 3.893790585903880537e-13
2.596712159667743317e-05 3.646746684070215237e-13
2.596922242731887449e-05 3.450233520573688230e-13
2.597062298107983311e-05 3.300710929151905360e-13
2.597307395016151577e-05 3.130488970097498961e-13
2.597622519612367435e-05 3.001992168355413396e-13
2.598042685740655359e-05 2.917839616477809272e-13
2.598427838024919148e-05 2.940447953213202158e-13
2.598777976465159142e-05 3.102675565126965911e-13
2.599093101061375339e-05 3.228937209333599647e-13
2.599443239501615332e-05 3.373534994759685837e-13
2.599863405629903256e-05 3.375063420410737861e-13
2.600248557914167045e-05 3.353063148884642317e-13
2.600563682510383242e-05 3.174003134786687849e-13
2.600913820950622897e-05 2.996351248268088942e-13
2.601333987078911160e-05 2.898073438164693295e-13
2.601754153207199084e-05 2.878082417117875992e-13
2.602174319335487008e-05 2.895357560077009262e-13
2.602594485463774932e-05 2.894890129909604680e-13
2.603014651592062856e-05 2.894422850642867494e-13
2.603434817720350780e-05 2.913586397481638679e-13
2.603854983848638704e-05 2.920286490173276045e-13
2.604275149976926628e-05 2.985136362249145525e-13
2.604695316105214552e-05 3.004900744595568291e-13
2.605115482233502476e-05 3.022937641631537737e-13
2.605535648361790400e-05 3.007626221666865544e-13
2.605955814490078663e-05 2.948578460467043665e-13
2.606375980618366587e-05 2.832653606597409004e-13
2.606796146746654511e-05 2.847906069860405842e-13
2.607131279253741061e-05 2.999985249260729954e-13
2.607566451315182428e-05 2.908969881789312879e-13
2.607986617443470352e-05 2.880041052211771820e-13
2.608301742039686210e-05 3.002590732069302152e-13
2.608476811259806207e-05 3.164374413784368344e-13
2.608826949700046200e-05 3.314220030677938374e-13
2.609107060452238263e-05 3.213580400172209021e-13
2.609282129672358259e-05 3.054498309280778851e-13
2.609597254268574117e-05 2.946274184408723481e-13
2.610017420396862041e-05 2.960319102222860324e-13
2.610367558837102035e-05 3.033588729124942993e-13
2.610717697277342028e-05 3.176265244370058945e-13
2.611085342639594088e-05 3.350247164616728091e-13
2.611270916012920987e-05 3.403551153121836914e-13
2.611558029533917876e-05 3.258271343032688378e-13
2.611733098754037872e-05 3.105554061385802914e-13
2.611929176280572350e-05 2.988486210209639834e-13
2.612328334102445793e-05 3.046252446939783902e-13
2.612503403322565790e-05 3.189738623065815157e-13
2.612678472542685786e-05 3.354383249486522736e-13
2.612853541762805783e-05 3.527526347642286079e-13
2.613063624826949914e-05 3.708417133906933738e-13
2.613308721735117842e-05 3.939476909191023728e-13
2.613658860175357835e-05 4.145090066522201571e-13
2.614044012459621624e-05 4.109477519337896361e-13
2.614324123211813686e-05 4.187558882549864594e-13
2.614569220119981614e-05 4.030618959028706118e-13
2.614989386248269538e-05 3.980739342483925841e-13
2.615434562265146081e-05 3.957760280765394897e-13
2.615829718504845386e-05 4.060993164091621367e-13
2.616179856945085379e-05 3.882304917476160475e-13
2.616389940009229511e-05 3.686669973062547486e-13
2.616600023073373303e-05 3.520311395443749308e-13
2.616845119981541231e-05 3.365548974161829807e-13
2.617160244577757428e-05 3.239329676620246089e-13
2.617580410706045352e-05 3.258776235057272667e-13
2.618000576834333276e-05 3.316845540366390745e-13
2.618420742962621200e-05 3.359391968606743579e-13
2.618840909090909124e-05 3.398304582422261733e-13
2.619261075219197048e-05 3.321367479334651148e-13
2.619681241347484972e-05 3.232236963497593179e-13
2.620126417364361515e-05 3.263049856165678906e-13
2.620521573604060820e-05 3.446589315472142200e-13
2.620941739732349083e-05 3.450275157013660015e-13
2.621361905860637007e-05 3.337113141910313666e-13
2.621747058144900796e-05 3.367524684148253104e-13
2.622027168897092859e-05 3.516265026586648511e-13
2.622167224273188720e-05 3.726331386359794361e-13
2.622377307337332852e-05 3.835230660635452389e-13
2.622517362713428713e-05 4.018403240390692888e-13
2.622692431933548710e-05 4.212856401228305075e-13
2.623112598061836634e-05 4.207007287284079923e-13
2.623532764190124558e-05 4.175425850452593244e-13
2.623952930318412482e-05 4.095972130058337157e-13
2.624373096446700406e-05 4.072726617446774341e-13
2.624793262574988330e-05 4.059580701854558477e-13
2.625213428703276593e-05 4.026630922813750946e-13
2.625633594831564517e-05 4.128722212839405843e-13
2.625878691739732445e-05 4.392715900311113961e-13
2.626018747115828306e-05 4.668035198727818660e-13
2.626088774803876237e-05 4.843253366412126987e-13
2.626158802491924507e-05 5.085633003241679548e-13
2.626193816335948303e-05 5.350068806899658848e-13
2.626228830179972438e-05 5.701364996700978455e-13
2.626275515305337725e-05 6.086913429632930487e-13
2.626368885556068300e-05 6.582832614476312426e-13
2.626438913244116230e-05 7.093015269666858115e-13
2.626438913244116230e-05 1.167329707794865445e+00
