# QUAX5 rescaled to fixed polarisation scenario 
#  m_X [eV]	chi
3.652413272271227398e-05 1.000181836669175262e+00
3.652413272271227398e-05 7.656417544753990671e-13
3.652431408125282494e-05 1.609713423123446846e-13
3.652449544020693127e-05 5.664625310736414368e-13
3.652467679874747545e-05 2.442755638982874920e-13
3.652485815770158855e-05 1.039959378760851589e-13
3.652503951624212595e-05 9.271984952566316005e-14
3.652522087519625261e-05 2.842919252646338731e-13
3.652540223373679001e-05 2.422833812741444818e-13
3.652558359269090989e-05 3.140976738997368107e-13
3.652576495123145407e-05 1.011658570747365378e-13
3.652594631018556717e-05 9.764026283752886896e-14
3.652612766872611135e-05 1.631414170139163552e-13
3.652630902768021768e-05 3.031723739200124818e-13
3.652649038622076864e-05 2.267218683675577448e-13
3.652667174517487496e-05 3.719358378566641331e-13
3.652685310371542592e-05 1.019222191232187678e-13
3.652703446266953902e-05 9.839159776725237106e-14
3.652721582121008320e-05 9.154406235689211636e-14
3.652739718016420308e-05 3.242096932458094997e-13
3.652757853870474048e-05 1.552180350625381164e-13
3.652775989765885358e-05 2.469882732317478635e-13
3.652794125619939777e-05 1.694690797799001313e-13
3.652812261515351087e-05 1.602461443480906792e-13
3.652830397369406183e-05 1.549825635912274299e-13
3.652848533264816815e-05 2.300441279954973700e-13
3.652866669118871911e-05 1.829401189544537068e-13
3.652884805014283221e-05 3.056127262092934807e-13
3.652902940868337639e-05 1.013514893128432348e-13
3.652921076763749627e-05 9.777418533068209190e-14
3.652939212617803367e-05 2.024672553809109067e-13
3.652957348513214677e-05 2.564149168800670729e-13
3.652975484367269095e-05 1.652956650183231352e-13
3.652993620262681083e-05 1.872224611984277385e-13
3.653011756116735501e-05 1.189360596548038823e-13
3.653029892012146134e-05 9.486808837997118210e-14
3.653048027866201230e-05 2.151135421942739593e-13
3.653066163761612540e-05 3.217825851235012118e-13
3.653084299615666958e-05 1.427902734338990802e-13
3.653102435511078268e-05 2.661590883791361047e-13
3.653120571365132008e-05 2.759285013782237182e-13
3.653138707260543996e-05 1.978564877000903342e-13
3.653156843114598414e-05 2.636288213578081846e-13
3.653174979010009724e-05 2.861514018498299491e-13
3.653193114864064143e-05 2.748989541858279562e-13
3.653211250759476130e-05 2.257598215993400540e-13
3.653229386613530548e-05 2.660701753242805952e-13
3.653247522508940503e-05 9.496139946282017508e-14
3.653265658362995599e-05 3.240814413123947045e-13
3.653283794258406909e-05 3.016664391806534207e-13
3.653301930112462005e-05 2.653628739428258529e-13
3.653320065966516423e-05 3.321824095249979572e-13
3.653338201861927055e-05 9.987115308179188375e-14
3.653356337715982151e-05 1.029652596715387634e-13
3.653374473611393461e-05 1.737035319742651633e-13
3.653392609465448557e-05 3.025893000944589125e-13
3.653410745360859867e-05 9.001914839030443849e-14
3.653428881214914285e-05 2.684212948552269155e-13
3.653447017110324918e-05 1.494206661195284085e-13
3.653465152964379336e-05 1.322466932017763068e-13
3.653483288859791324e-05 1.968440522484726310e-13
3.653501424713845742e-05 2.619614087484506539e-13
3.653519560609257730e-05 2.193463119923754657e-13
3.653537696463311470e-05 9.586712578654089010e-14
3.653555832358722780e-05 2.211767726798542607e-13
3.653573968212777876e-05 1.958534313342996001e-13
3.653592104108188508e-05 3.248591331956863149e-13
3.653610239962243604e-05 2.620515459429097864e-13
3.653628375857654237e-05 1.103829088052696909e-13
3.653646511711708655e-05 3.173504512965130805e-13
3.653664647607119965e-05 1.046172260272396772e-13
3.653682783461175061e-05 2.147032427025311923e-13
3.653700919356586371e-05 2.535643164790150597e-13
3.653719055210640789e-05 2.096600585476861734e-13
3.653737191106052099e-05 1.808365826088084516e-13
3.653755326960106517e-05 2.435828420052749817e-13
3.653773462855517150e-05 2.838371749789446236e-13
3.653791598709572245e-05 1.714295640251784815e-13
3.653809734604983555e-05 2.816863515809748432e-13
3.653827870459038651e-05 8.609166359627255582e-14
3.653846006354449284e-05 2.817952250941704950e-13
3.653864142208503702e-05 9.723330227914541563e-14
3.653882278103915690e-05 2.277479422639871834e-13
3.653900413957970108e-05 2.835043509511385453e-13
3.653918549853381418e-05 2.410837064329973906e-13
3.653936685707435158e-05 8.673860406932295406e-14
3.653954821602847146e-05 2.460783248783253770e-13
3.653972957456901564e-05 3.294886963245117543e-13
3.653991093352312874e-05 2.230278920228277774e-13
3.654009229206367970e-05 3.122256536270772640e-13
3.654027365101779280e-05 3.056616008296850724e-13
3.654045500955834376e-05 1.673629819903162834e-13
3.654063636851244331e-05 1.868948070979024836e-13
3.654081772705298749e-05 2.753478982661565655e-13
3.654099908600710737e-05 1.007395297101692512e-13
3.654118044454764477e-05 3.214643059957418123e-13
3.654136180350176465e-05 2.833829094477360687e-13
3.654154316204230883e-05 8.666761586856044868e-14
3.654172452099642871e-05 1.577790695587056444e-13
3.654190587953696611e-05 2.042553534222881249e-13
3.654208723849107244e-05 2.058548797340450058e-13
3.654226859703162340e-05 2.887844002954435529e-13
3.654244995557216758e-05 2.923607116883314328e-13
3.654263131452628068e-05 8.717478464688379517e-14
3.654281267306682486e-05 1.616867772963485960e-13
3.654299403202093796e-05 2.135634757471811679e-13
3.654317539056148892e-05 1.816302169975899071e-13
3.654335674951560202e-05 3.923831647637990604e-13
3.654353810805615298e-05 2.591037644713207684e-13
3.654371946701025930e-05 8.804729224465836500e-14
3.654390082555080348e-05 3.173642229384949523e-13
3.654408218450491658e-05 2.105349201639937923e-13
3.654426354304545399e-05 1.854360181527282049e-13
3.654444490199957387e-05 2.994906729986589798e-13
3.654462626054011805e-05 3.474126038687448965e-13
3.654480761949423792e-05 8.824502666049065758e-14
3.654498897803478211e-05 1.802923500598205222e-13
3.654517033698889521e-05 2.821016400533219860e-13
3.654535169552944617e-05 2.883337604805024968e-13
3.654553305448354571e-05 3.316272692949626930e-13
3.654571441302409667e-05 1.745843143284215433e-13
3.654589577197820977e-05 1.305541628754438341e-13
3.654607713051874718e-05 2.107772105024682443e-13
3.654625848947287383e-05 2.673720430728755436e-13
3.654643984801341124e-05 2.601472358882605665e-13
3.654662120696753111e-05 3.905698037058604315e-13
3.654680256550807529e-05 2.368430600728554147e-13
3.654698392446218162e-05 8.938430061219930679e-14
3.654716528300272580e-05 2.567378762441827962e-13
3.654734664195683890e-05 1.035753691436006605e-13
3.654752800049738308e-05 1.386609527257974380e-13
3.654770935945149618e-05 4.006478938862537824e-13
3.654789071799204714e-05 8.799997988816718523e-14
3.654807207694616024e-05 9.013454556236921957e-14
3.654825343548670442e-05 3.894902154811370272e-13
3.654843479444082430e-05 1.047908849989417644e-13
3.654861615298136171e-05 2.948071337613987895e-13
3.654879751193547481e-05 3.181845222419907638e-13
3.654897887047601899e-05 1.674466827540888379e-13
3.654916022943013887e-05 8.993352644091345445e-14
3.654934158797067627e-05 2.958783515596736868e-13
3.654952294692478937e-05 1.042982783252471386e-13
3.654970430546534033e-05 3.929400321047338026e-13
3.654988566441945343e-05 3.845466859135154656e-13
3.655006702296000439e-05 8.898862848204995492e-14
3.655024838191410394e-05 9.291741178368680038e-14
3.655042974045464812e-05 2.661490831298861895e-13
3.655061109940876800e-05 2.860409648341850552e-13
3.655079245794931218e-05 1.464227120708847817e-13
3.655097381690343205e-05 1.726550116747893607e-13
3.655097381690343205e-05 9.994473562413539458e-01
