# QUAX4 rescaled to fixed polarisation scenario 
#  m_X [eV]	chi
4.281790110584518104e-05 8.531659237347385405e-01
4.281790110584518104e-05 2.393892905130423837e-13
4.281794533965245156e-05 2.460218642916238411e-13
4.281799510268562327e-05 6.763045976880703614e-14
4.281804210110584777e-05 1.535412066207534271e-13
4.281809186413901947e-05 3.809633510216762903e-14
4.281813333333333601e-05 6.104225265147331545e-14
4.281818309636650771e-05 2.801245136931598896e-14
4.281822456556082425e-05 7.596002803370841166e-14
4.281827432859399595e-05 6.447153262003471674e-14
4.281830750394945053e-05 5.623678401031963259e-14
4.281836832543443818e-05 1.784446531855847373e-14
4.281841532385466267e-05 4.581404222931824318e-14
4.281845402843601845e-05 7.492867811237471322e-14
4.281850655608215091e-05 2.251087338369248817e-14
4.281854802527646067e-05 2.361366718682562440e-14
4.281859778830963915e-05 2.598399715065234843e-14
4.281863925750394891e-05 5.939583394871084853e-14
4.281868625592417341e-05 6.855987984719612459e-14
4.281873601895734512e-05 6.535789099952994591e-14
4.281878301737756962e-05 6.950303741337216057e-14
4.281882725118483336e-05 3.888461618467323040e-14
4.281887148499210387e-05 5.509506242598282435e-14
4.281891571879936761e-05 3.783619743910836259e-14
4.281896548183254609e-05 5.324452179492715947e-14
4.281900695102685585e-05 8.888458295158130547e-14
4.281905394944708035e-05 6.491236703934260854e-14
4.281910647709320604e-05 6.716819976230925617e-14
4.281914518167456859e-05 1.136710738637511431e-13
4.281919494470774030e-05 1.192397265695690000e-13
4.281923917851501081e-05 1.076242497687918026e-13
4.281928894154818252e-05 1.217088321683608923e-13
4.281933041074249905e-05 1.545892326469842210e-13
4.281933041074249905e-05 8.531374451429127870e-01
