# RADES2 rescaled to fixed polarisation scenario 
#  m_X [eV]	chi
3.656761261617221827e-05 1.607478823991633998e+00
3.656761261617221827e-05 5.876531246533348977e-13
3.656761709686775022e-05 5.668831222738985492e-13
3.656761997731487886e-05 5.463898131135435995e-13
3.656762580933128757e-05 5.262334878279174009e-13
3.656763398564322356e-05 5.072966977303454266e-13
3.656765316646679931e-05 5.194696059105985472e-13
3.656765966347532402e-05 5.442216719163807736e-13
3.656766414417086274e-05 5.625112921817321338e-13
3.656766834482292309e-05 5.821154034479342793e-13
3.656766974504028106e-05 6.036012298213886796e-13
3.656767226543151863e-05 6.288660256150740680e-13
3.656767450577928460e-05 6.583141016017171093e-13
3.656767733732993204e-05 6.906566201981578559e-13
3.656767926651828814e-05 7.229981868795918343e-13
3.656768573297661804e-05 7.563001431566600757e-13
3.656768766782241562e-05 8.578084161234855240e-13
3.656768891978146231e-05 7.930637168503571872e-13
3.656768946010062840e-05 8.286681410167667322e-13
3.656770223008290460e-05 7.902673450304436860e-13
3.656770363030025579e-05 7.513321319453243766e-13
3.656770850305664933e-05 7.145243730538493698e-13
3.656771343182173447e-05 6.882039720792293045e-13
3.656771987282156757e-05 6.659492473747344969e-13
3.656772662498081054e-05 6.413693120100012368e-13
3.656773023442998942e-05 6.168554729239093143e-13
3.656773359495164177e-05 5.980694694586848607e-13
3.656773695547329412e-05 5.786437541324730603e-13
3.656774143616882606e-05 5.573996272618718823e-13
3.656774678811071784e-05 5.334737573910400134e-13
3.656775151773377633e-05 5.142240577929202692e-13
3.656775795873360943e-05 4.951420871785494976e-13
3.656776335957197564e-05 4.775168902833893424e-13
3.656776832034203128e-05 4.609126614025667224e-13
3.656777118300862377e-05 4.443070755701141230e-13
3.656777616155921557e-05 4.284739886353308065e-13
3.656778416280124562e-05 4.114750096937246216e-13
3.656780339040130787e-05 4.185978906128726433e-13
3.656780528608019354e-05 4.064695872512546607e-13
3.656780864660183911e-05 4.454286225524478086e-13
3.656781312729737784e-05 4.695416561318115046e-13
3.656781811716285936e-05 4.955204517776655112e-13
3.656782320886232810e-05 5.212876787021635213e-13
3.656782992990562602e-05 5.431954126436784301e-13
3.656783553077504434e-05 5.644832646303057217e-13
3.656784942093120014e-05 5.863475962380398755e-13
3.656786749881433727e-05 6.044825509952871218e-13
3.656787884416521132e-05 6.150489111645190900e-13
3.656788817894757518e-05 5.815202100301164931e-13
3.656789377981699350e-05 5.598856927527105714e-13
3.656789826051252545e-05 5.429293023646879245e-13
3.656790274120806417e-05 5.262295026163934664e-13
3.656790722190359611e-05 5.096700377195054918e-13
3.656791154257428908e-05 4.922223142578740323e-13
3.656792230116741571e-05 4.737108177133506154e-13
3.656793335929421493e-05 4.612481945726880140e-13
3.656794972261859315e-05 4.869859471171190679e-13
3.656795202885893589e-05 5.063217265034640676e-13
3.656795202885893589e-05 5.228999498915049379e-13
3.656796323059777253e-05 4.596744028840578138e-13
3.656796323059777253e-05 4.831415377264651064e-13
3.656796499087102158e-05 4.384464233303827058e-13
3.656796944247112764e-05 4.193855041502629773e-13
3.656798141188157577e-05 4.071550378610309823e-13
3.656799347529263009e-05 4.046856609390898232e-13
3.656799612297635844e-05 4.219614166155409183e-13
3.656800467703146673e-05 4.433344717822133945e-13
3.656800915772699868e-05 4.654515653828635712e-13
3.656800915772699868e-05 4.869767655065908542e-13
3.656802147963972169e-05 4.405605244920334477e-13
3.656802259981360129e-05 4.232326089582745931e-13
3.656802371998748766e-05 4.100543961480474025e-13
3.656803230798725835e-05 3.909760152869293937e-13
3.656804948398680651e-05 3.848407870083293311e-13
3.656805332458298256e-05 3.991356488314568492e-13
3.656805732520399758e-05 4.126644721160342278e-13
3.656806475908521949e-05 4.307584129222551713e-13
3.656806852694282744e-05 4.507845759999566900e-13
3.656807076729060019e-05 4.655443474426977688e-13
3.656807300763836616e-05 4.809047516492851677e-13
3.656807916859472089e-05 4.979555012352037651e-13
3.656808308920331642e-05 5.157767429908021711e-13
3.656808532955108240e-05 5.497717342364057274e-13
3.656808532955108240e-05 5.687765520189382058e-13
3.656808626302931878e-05 5.303529905638220235e-13
3.656810325233322373e-05 4.731040767690489317e-13
3.656810421248226435e-05 4.576575604484920126e-13
3.656810561059402716e-05 4.957388170214084942e-13
3.656811221372428762e-05 5.219413394112723557e-13
3.656811637437014161e-05 5.414892398210753743e-13
3.656811861471790759e-05 5.613287338402573888e-13
3.656812085506568034e-05 5.822604462772804611e-13
3.656812677598477660e-05 6.059850257011262254e-13
3.656814118888874560e-05 6.180240045910410324e-13
3.656814693911467713e-05 5.877469963566656039e-13
3.656814917946244988e-05 5.688350578887157796e-13
3.656815141981021585e-05 5.506660361972922666e-13
3.656815366015798183e-05 5.335980436145547786e-13
3.656815590050574780e-05 5.173115401745854392e-13
3.656815814085351377e-05 5.015221341236999529e-13
3.656816038120128652e-05 4.860959948387131991e-13
3.656816299494034569e-05 4.652402657815301950e-13
3.656816406177261681e-05 4.460304131291806699e-13
3.656816747563587764e-05 4.263829297821891798e-13
3.656816854246814876e-05 4.075725140384603021e-13
3.656817107377017357e-05 3.883737265964850068e-13
3.656817344989658915e-05 3.686579238790770506e-13
3.656817578359218351e-05 3.523818196980522773e-13
3.656817768166459456e-05 3.369339347492250197e-13
3.656818091772248025e-05 3.225041683036380361e-13
3.656818963018601759e-05 3.105058967990803404e-13
3.656820369459144672e-05 3.005757791689724675e-13
3.656822810080424238e-05 3.066349285727006967e-13
3.656824087369606321e-05 3.176157508381738085e-13
3.656824887493808647e-05 3.291838713453136835e-13
3.656826007667692311e-05 3.399620598796153377e-13
3.656827687928517807e-05 3.476650850231972988e-13
3.656828223122706307e-05 3.654317444436182428e-13
3.656828752093707152e-05 3.810993920972211064e-13
3.656829505099483917e-05 3.974387555741971855e-13
3.656831315568555941e-05 3.840728894630314649e-13
3.656831672547046220e-05 4.023184698089696265e-13
3.656832239907844184e-05 4.213962663842660922e-13
3.656832667610599938e-05 4.455705867514224721e-13
3.656833400815323408e-05 4.687105611257495253e-13
3.656834948691962825e-05 4.773821102713063731e-13
3.656835585154396417e-05 4.534016978535787337e-13
3.656835753180479373e-05 4.355315054080744530e-13
3.656835977215255971e-05 4.213116924436013240e-13
3.656836686658715760e-05 4.067279842826993586e-13
3.656836873354363037e-05 3.733647114228904111e-13
3.656836985371750997e-05 3.815710643573236666e-13
3.656837116058703956e-05 3.946828926700139231e-13
3.656838553615187855e-05 4.011410900077326427e-13
3.656838814989094450e-05 4.192085862730075458e-13
3.656840513919484267e-05 4.350422233034550922e-13
3.656841802119450209e-05 4.154141678593148247e-13
3.656842250189004082e-05 3.990898709978171632e-13
3.656842618246137111e-05 3.844612903689607387e-13
3.656842835168698568e-05 3.686553541332861225e-13
3.656843059203475165e-05 3.509773817715345366e-13
3.656843283238252440e-05 3.349636781865139055e-13
3.656843606844041009e-05 3.189531943594682757e-13
3.656843863239396259e-05 3.028197522977095528e-13
3.656844490536770732e-05 2.705278600323599235e-13
3.656844527875900729e-05 2.895209998058785564e-13
3.656844728573721586e-05 2.789767456738260908e-13
3.656846656206279419e-05 2.962400983243589327e-13
3.656848024176204040e-05 3.091742854187113278e-13
3.656850082789466535e-05 3.142528287534810814e-13
3.656852118920918103e-05 3.236840468377822783e-13
3.656854186264052486e-05 3.121746799678306685e-13
3.656855804292995330e-05 3.359997080187007333e-13
3.656855870185576841e-05 3.261327313482090743e-13
3.656857409875561508e-05 3.114767417978555113e-13
3.656857624575555945e-05 2.990999231841587860e-13
3.656858940779869046e-05 3.141104976546848707e-13
3.656859332840728600e-05 3.284985487455274733e-13
3.656861001899815096e-05 3.422065386876005159e-13
3.656861853231966166e-05 3.541234946365062918e-13
3.656862251516014052e-05 3.688333985683391292e-13
3.656862685361136965e-05 3.839768944188939880e-13
3.656863850875391897e-05 4.081503428280281740e-13
3.656864317614510091e-05 4.009914291693771250e-13
3.656866833697387076e-05 4.039949659921113457e-13
3.656867927063691011e-05 3.865914871135179049e-13
3.656868462257879511e-05 3.726331728723307274e-13
3.656869302388292259e-05 3.598954657383022051e-13
3.656871070662779869e-05 3.500621320879847437e-13
3.656871326702524938e-05 3.376895595788888594e-13
3.656871742767109660e-05 3.254136962207702997e-13
3.656872046814307100e-05 3.144929365871629117e-13
3.656872308188213017e-05 3.028666741945576172e-13
3.656873123904579541e-05 2.896383460561594730e-13
3.656874887982611820e-05 2.835803126786606806e-13
3.656875234218175775e-05 3.000082453180906361e-13
3.656876127447740253e-05 3.167817354355540226e-13
3.656876508840276757e-05 3.292997630312315398e-13
3.656876609655925717e-05 3.438964205975907287e-13
3.656876639527229715e-05 3.581509423516895277e-13
3.656877759701113379e-05 3.311130333416759465e-13
3.656877871718501339e-05 3.047744584862155074e-13
3.656877871718501339e-05 3.206152871284451070e-13
3.656878095753277936e-05 2.920021794810511014e-13
3.656878303785570636e-05 2.821436724620793699e-13
3.656879348311348356e-05 2.717164065111991642e-13
3.656880490124954640e-05 2.642843492200312840e-13
3.656881543399564233e-05 2.794737143791830410e-13
3.656882240396647357e-05 2.919305869764199511e-13
3.656883584605307618e-05 3.027610357495809192e-13
3.656884480744414684e-05 3.151321806906980607e-13
3.656884672774223487e-05 3.282157706281566664e-13
3.656884896809000084e-05 3.401700159639464572e-13
3.656885120843776681e-05 3.529286401790871110e-13
3.656885344878553278e-05 3.660126204016722516e-13
3.656886048987851543e-05 4.073090862554705051e-13
3.656886186855406372e-05 3.801929397357795791e-13
3.656886273022628140e-05 3.931872806714413942e-13
3.656888171422578699e-05 3.747144519462500289e-13
3.656888961439948662e-05 3.957383588080064643e-13
3.656889297492113897e-05 4.104451705307557969e-13
3.656890056721079672e-05 4.259583165512590901e-13
3.656891705865963503e-05 4.324530090633976307e-13
3.656892225946695591e-05 4.124533237484878253e-13
3.656892489987681932e-05 3.964630625011407154e-13
3.656892844709412166e-05 3.803493181698038866e-13
3.656893330118094680e-05 3.605701110644059959e-13
3.656894216073803026e-05 3.438703480021233266e-13
3.656895999865850881e-05 3.291373005139808768e-13
3.656897474761464101e-05 3.072825155919203662e-13
3.656897545509288610e-05 3.175149614048772039e-13
3.656898370900571167e-05 3.352234671186115581e-13
3.656898790965777202e-05 3.468700724878558200e-13
3.656899203029741289e-05 3.612188450351190266e-13
3.656899651099295161e-05 3.744534324784394416e-13
3.656900961302676632e-05 3.871033664202654062e-13
3.656901171335279649e-05 4.006645442318213259e-13
3.656901171335279649e-05 4.112460522925236273e-13
3.656902229277281339e-05 3.705739026681686420e-13
3.656902995618461577e-05 3.532962818735614443e-13
3.656903157098073540e-05 3.397739009218617480e-13
3.656905129283001793e-05 3.598919398232177841e-13
3.656905700038265997e-05 3.477231336388608007e-13
3.656906408148185574e-05 3.364258758235338316e-13
3.656906983793097900e-05 3.228113353501324751e-13
3.656907220274251163e-05 3.099179294603172203e-13
3.656907456755404426e-05 2.977332203369141728e-13
3.656907879932204966e-05 2.844726550207059265e-13
3.656908116413358229e-05 2.727108707168043696e-13
3.656908732508993702e-05 2.627146759700851218e-13
3.656908900535076659e-05 2.481305564269199601e-13
3.656909064827245937e-05 2.536909969464742032e-13
3.656910580795902154e-05 2.590848981398141292e-13
3.656910692813290114e-05 2.647227771177559866e-13
3.656910855747673032e-05 2.764943888286834204e-13
3.656911051268932670e-05 2.936003611147502421e-13
3.656911275303709945e-05 3.109025069172605093e-13
3.656911499338486542e-05 3.278290669317848122e-13
3.656911751886780099e-05 3.474118735007834083e-13
3.656911975921556696e-05 3.688120161903688337e-13
3.656912193846294332e-05 3.912125480089544692e-13
3.656912395477592931e-05 4.131159987232892588e-13
3.656912805141184907e-05 4.335073052138220857e-13
3.656913493247999274e-05 4.493434127560503484e-13
3.656914277369717703e-05 4.655875158296973314e-13
3.656915273079836063e-05 4.822618581562253706e-13
3.656916517717485031e-05 4.954362361845583667e-13
3.656918235317439846e-05 4.812424114031162565e-13
3.656918598040411351e-05 4.653678583466795379e-13
3.656919206134805553e-05 4.485756540567653003e-13
3.656920257374911802e-05 4.279748909576542770e-13
3.656921177640840286e-05 4.254559530116294778e-13
3.656923462795562933e-05 4.364013358459813834e-13
3.656925879170654488e-05 4.362807165985888992e-13
3.656927341397635018e-05 4.552615783630243747e-13
3.656927637989129193e-05 4.749610930859818265e-13
3.656928251538914986e-05 4.354939150044018221e-13
3.656928423565618578e-05 4.181836953502673824e-13
3.656928647600395175e-05 4.028973915028679807e-13
3.656928862033681976e-05 3.850720337517551605e-13
3.656929119673674893e-05 3.674563821724402369e-13
3.656929343708451491e-05 3.526937157925553274e-13
3.656929623751922407e-05 3.402014398088347917e-13
3.656929931799740482e-05 3.291141637941415145e-13
3.656930788732761390e-05 3.152102432882375970e-13
3.656931416030136540e-05 2.937134045147142828e-13
3.656931528047524500e-05 3.033085229500527774e-13
3.656933497195298890e-05 3.207339912463742684e-13
3.656934608525704575e-05 3.077297196799695486e-13
3.656935499573111604e-05 3.264680426150270193e-13
3.656935515866549963e-05 3.088131159514737132e-13
3.656935635351764600e-05 3.402839251031619371e-13
3.656935695094371919e-05 3.521125183411577438e-13
3.656935784708282558e-05 3.023690124882355353e-13
3.656935859386541198e-05 3.657779227457660680e-13
3.656935919129148516e-05 3.786405492480759147e-13
3.656936083421317795e-05 3.935659755665309802e-13
3.656936120760447115e-05 4.228454123488090020e-13
3.656936192044240192e-05 4.071021440484629387e-13
3.656936395712218670e-05 4.372139316049266810e-13
3.656936456812612349e-05 4.543030628654061205e-13
3.656936619746995268e-05 4.699281941923129871e-13
3.656936680847388947e-05 4.902501382416452044e-13
3.656936755525648264e-05 5.244134146670305779e-13
3.656936830203906904e-05 5.058903666025741923e-13
3.656937110247377820e-05 5.442341536359212206e-13
3.656937705006368548e-05 5.728164672235750581e-13
3.656938601145474937e-05 5.908914543447707602e-13
3.656938995873414914e-05 6.099408186705773247e-13
3.656939033212544912e-05 6.334578711639084028e-13
3.656940433429898814e-05 5.577825532379033195e-13
3.656940769482064049e-05 5.093693193931258480e-13
3.656940777483305997e-05 5.332635572158863661e-13
3.656940825490758367e-05 4.879218052360274625e-13
3.656940825490758367e-05 4.755182592287793500e-13
3.656941788840298074e-05 5.832394822112540995e-13
3.656941958111018697e-05 6.135736303954224181e-13
3.656942057682029991e-05 5.523968864090245729e-13
3.656942220616413587e-05 6.478711733817098038e-13
3.656942444651190184e-05 6.890623459677756640e-13
3.656942841803749098e-05 7.474557253615282974e-13
3.656943261868955133e-05 7.260138234886334228e-13
3.656944768502828512e-05 6.943754540236567282e-13
3.656945026142821429e-05 6.609385350682252868e-13
3.656945194168904385e-05 6.369917558473561033e-13
3.656945306186292345e-05 6.180320023826019551e-13
3.656945578228521312e-05 5.952951133714721395e-13
3.656945692023963565e-05 5.696946733291900195e-13
3.656945965844246148e-05 5.434364183631105097e-13
3.656946230329746571e-05 5.188736963758025617e-13
3.656947080777550520e-05 4.956056988195838695e-13
3.656948666707943336e-05 5.044502410028701532e-13
3.656948778725331974e-05 4.885284766137281662e-13
3.656948810730299769e-05 4.713408673753338498e-13
3.656949034765076366e-05 4.546818313634110707e-13
3.656949152116626529e-05 4.392543982780907606e-13
3.656949482834630238e-05 4.238180680139891418e-13
3.656949562847050403e-05 4.088386903342494015e-13
3.656950085594862237e-05 3.902167192831136148e-13
3.656950408069162511e-05 3.595004001472146338e-13
3.656950735295714708e-05 3.737177685282528619e-13
3.656952322548163325e-05 3.902251390435764919e-13
3.656952923368700717e-05 3.736810607089027869e-13
3.656953427446948230e-05 3.578288707477814873e-13
3.656954363592265718e-05 3.445324089954467063e-13
3.656955611786021239e-05 3.444602204229923309e-13
3.656956171872963071e-05 3.528331938606907892e-13
3.656956334807346667e-05 3.690039946038413607e-13
3.656956545264257626e-05 3.903112834705205246e-13
3.656956769299034223e-05 4.105043880885156061e-13
3.656956927990335018e-05 4.308123784258743953e-13
3.656957247239891415e-05 4.520440841830150305e-13
3.656957471274668013e-05 4.774233167807683112e-13
3.656957656103359129e-05 5.017781664922707609e-13
3.656957814794659247e-05 5.266336793610863739e-13
3.656958300203341761e-05 5.544205217743581837e-13
3.656958799189889914e-05 5.854461256311405029e-13
3.656959770431564239e-05 6.169745419426149489e-13
3.656959935657211938e-05 6.479025365752023277e-13
3.656961772742381390e-05 5.983862951343028292e-13
3.656961772742381390e-05 5.857185078304481121e-13
3.656962176004979265e-05 6.266262388065497264e-13
3.656962724890182098e-05 6.594850716568512402e-13
3.656963055850647972e-05 6.923688661216075124e-13
3.656963527681465526e-05 7.328194604155468558e-13
3.656964013090148040e-05 7.773907466555471351e-13
3.656964205119956843e-05 8.128618577948167363e-13
3.656964624094084830e-05 8.560512536100007610e-13
3.656964909229255107e-05 8.220968051087207486e-13
3.656965309291356609e-05 9.111278371435695096e-13
3.656966029403138771e-05 9.459782275657401395e-13
3.656967522968316989e-05 9.039021607981348100e-13
3.656967709663964266e-05 8.663885169228430068e-13
3.656967949701224761e-05 8.345730007628088178e-13
3.656968101724823142e-05 8.012952201927220320e-13
3.656968325759599739e-05 7.696663149311764974e-13
3.656968621805555230e-05 7.398273794432078177e-13
3.656968845840331828e-05 7.108477829665273790e-13
3.656969069875108425e-05 6.830033391420578483e-13
3.656969389924789762e-05 6.574347776159507976e-13
3.656970286063896151e-05 6.358922467101684243e-13
3.656971070185614580e-05 6.171232413040853465e-13
3.656971518255168452e-05 5.910592253616067351e-13
3.656971742289945050e-05 5.661789579259819412e-13
3.656971966324721647e-05 5.493000818307088997e-13
3.656972363477280561e-05 5.249671286581553580e-13
3.656972638429052116e-05 5.018679722795992626e-13
3.656972862463828713e-05 4.864311954842019870e-13
3.656973038491152941e-05 4.699592652062496386e-13
3.656973512164681184e-05 4.503241668126842656e-13
3.656973678590514937e-05 4.319610772944873657e-13
3.656974517831900877e-05 4.185966209988039604e-13
3.656974783992875160e-05 4.038920334588540746e-13
3.656974958789238931e-05 3.741325060308252338e-13
3.656974976792033824e-05 3.880533267427719069e-13
3.656976222985479027e-05 4.203711026880708571e-13
3.656976222985479027e-05 4.082374293760401611e-13
3.656976895089809497e-05 4.576367268434670971e-13
3.656977031999950788e-05 4.392510495118101312e-13
3.656978799385411590e-05 4.205760603456835326e-13
3.656979023420188187e-05 4.352120069847313827e-13
3.656979695524518656e-05 4.586427583190741911e-13
3.656980093808565865e-05 4.787350321546381173e-13
3.656980591663625045e-05 5.004907249159195297e-13
3.656980703681013683e-05 5.190588039645586630e-13
3.656980975723242650e-05 5.385269331646413739e-13
3.656981199758019247e-05 5.602468801646079494e-13
3.656981423792795844e-05 5.824771498670246870e-13
3.656981647827572442e-05 6.057162104421555844e-13
3.656981935872285306e-05 6.309045177666130648e-13
3.656982127902094109e-05 6.570715458879801945e-13
3.656982351936870706e-05 6.824295437371548609e-13
3.656982575971647303e-05 7.081733018834683304e-13
3.656982800006423900e-05 7.350419692217955605e-13
3.656983224072251926e-05 7.633491055822506379e-13
3.656983705747021441e-05 7.879101222575541623e-13
3.656984090052830866e-05 8.217221423101896368e-13
3.656984288237441271e-05 8.887015704569526622e-13
3.656984288237441271e-05 9.205593378166169994e-13
3.656984295705266593e-05 8.532476492298583787e-13
3.656984400254829231e-05 9.527415358269402890e-13
3.656985357494329977e-05 7.390364613748598097e-13
3.656985408411324258e-05 7.863727860025910497e-13
3.656985520428712895e-05 8.305628931475592722e-13
3.656985884485225289e-05 7.018305836890041167e-13
3.656986032508202357e-05 6.795794463865942790e-13
3.656986290548257744e-05 6.528146755564751496e-13
3.656986416567819962e-05 5.863582255537036381e-13
3.656986466353325947e-05 6.196361479714671510e-13
3.656987872793868182e-05 6.793303478874172625e-13
3.656987872793868182e-05 6.546692979980853667e-13
3.656988147745639738e-05 7.119941097236486793e-13
3.656988400875842219e-05 7.465087766367420523e-13
3.656988624910618817e-05 7.748319228656415182e-13
3.656988848945395414e-05 8.037250794422309382e-13
3.656989072980172011e-05 8.324756393276289153e-13
3.656989217002528444e-05 8.636387691095319930e-13
3.656989441037305718e-05 8.934415418355489972e-13
3.656989665072082316e-05 9.240471958649276366e-13
3.656989940023853871e-05 9.681015178620619546e-13
3.656990673228577342e-05 9.930339937705172939e-13
3.656990673228577342e-05 1.607377983070728211e+00
