# SHUKET rescaled to fixed polarisation scenario 
#  m_X [eV]	chi
2.104843783482856568e-05 5.083285677753488940e+00
2.104843783482856568e-05 2.791618346171911472e-11
2.108558573563305697e-05 3.483189346255343202e-11
2.135454715136590119e-05 2.441712413151302105e-11
2.141312829919607571e-05 2.913099322464703409e-11
2.144945447806987390e-05 3.767010564518008202e-11
2.144845300446683958e-05 3.312567104730942699e-11
2.165383913283234980e-05 2.197800025249229074e-11
2.175316196988060250e-05 2.590434997483249953e-11
2.181469120076631236e-05 3.004376655018323197e-11
2.178743230986885862e-05 3.599108785970797528e-11
2.178308175246345974e-05 3.301215342086271642e-11
2.200118221851759984e-05 2.164825839537670053e-11
2.218364388076185322e-05 2.894411469156018840e-11
2.217981324423023710e-05 2.463303949951714617e-11
2.211200513569125755e-05 3.296345764162993956e-11
2.219345073515037789e-05 1.882641440876532848e-11
2.240234857814895036e-05 2.216989723852516304e-11
2.253181680054742379e-05 2.816695157495112864e-11
2.264354037452959406e-05 1.926834864995362620e-11
2.276843770002864279e-05 2.366595519441786728e-11
2.297269343241942549e-05 1.965857042715729769e-11
2.312277380108728597e-05 2.362158231206834271e-11
2.317329099097762112e-05 1.727105830555467205e-11
2.334574980336809709e-05 2.020434138261192754e-11
2.347963493791755399e-05 2.405132988019135624e-11
2.340342052065005982e-05 2.739409240485005298e-11
2.348292211744500629e-05 1.444147081628543165e-11
2.359207690408279313e-05 1.735441209044367706e-11
2.373199490550104921e-05 2.012138159426437502e-11
2.356829949293189422e-05 1.153307164388151827e-11
2.358448239592643030e-05 1.017115724981267235e-11
2.396860142976309319e-05 1.667113383791368852e-11
2.400687209661828245e-05 2.521893688705410461e-11
2.401940127629000282e-05 2.161779384766438760e-11
2.407749679547350644e-05 1.964614130318468421e-11
2.412748593564588309e-05 1.385213194960557922e-11
2.411765328572515780e-05 1.179592814240690440e-11
2.411680355054681866e-05 1.057692395932923738e-11
2.415498093820199032e-05 1.734625864049035087e-11
2.438331186174695061e-05 4.334447280661162171e-11
2.436674708371692848e-05 3.663623808319683915e-11
2.436002507150259686e-05 3.221680828676078260e-11
2.439058329350739576e-05 2.868285475905006012e-11
2.440432108798916275e-05 5.560561963021310193e-11
2.439472006231084724e-05 4.878061086825234179e-11
2.439850290123868424e-05 2.634843187101502359e-11
2.422581243485316313e-05 2.296021251325096226e-11
2.475321618066729875e-05 4.027034779135288723e-11
2.472925776725264487e-05 3.328272247852129735e-11
2.475613010034453102e-05 5.554642713746397967e-11
2.478084400361074425e-05 4.867422461065623260e-11
2.475204543004241452e-05 2.974720375186971622e-11
2.513109905047128276e-05 4.197427304559242745e-11
2.513525516592388808e-05 3.506508596326792216e-11
2.518281150560992663e-05 5.400753153377772266e-11
2.511242005039039833e-05 4.732406361743349487e-11
2.518076035913951506e-05 2.953698361757765838e-11
2.546061888243002794e-05 4.057712105959653676e-11
2.541054270109534865e-05 3.381729988723723125e-11
2.553730419284033992e-05 5.781096437627615589e-11
2.550655410548002854e-05 4.873853769283566303e-11
2.547005234357192587e-05 2.864816996796592131e-11
2.587486934924543362e-05 4.094807201387206764e-11
2.590312392356810232e-05 3.409728306392544105e-11
2.591472731492376483e-05 5.680375971558948780e-11
2.591372584132072373e-05 4.995108525345440060e-11
2.595474455750615346e-05 3.040975985468592342e-11
2.595202186083520919e-05 2.501092457130141783e-11
2.627082659020239027e-05 4.178485440702467720e-11
2.625656353956231921e-05 3.464461227345488179e-11
2.629535257758182701e-05 5.159972719199049969e-11
2.628222467487130812e-05 4.696436359347619179e-11
2.648396546266613668e-05 2.947488951813360641e-11
2.661587471002858603e-05 2.656807436625776964e-11
2.643359134043336915e-05 2.188038543910264267e-11
2.664130607000874518e-05 4.179610080858674712e-11
2.663169550996417933e-05 3.474981558273047187e-11
2.670327604265728392e-05 5.063856024088343568e-11
2.689807859098259090e-05 2.925327179444771578e-11
2.701123676251242358e-05 4.481311622789335807e-11
2.701016562717804305e-05 3.905614281755257391e-11
2.702472837762882511e-05 3.417987330655685365e-11
2.708769623733581688e-05 5.060884532968500085e-11
2.721673085860320916e-05 3.014725920280565615e-11
2.740588943786077114e-05 4.441688972507679251e-11
2.739030210818320366e-05 3.765859102101962544e-11
2.738658262004767751e-05 3.372597502109367995e-11
2.741855580286282071e-05 5.198168471288656052e-11
2.774085235525179058e-05 2.800523349009365935e-11
2.772714623718048065e-05 2.393078289496736974e-11
2.770643719374624121e-05 2.079126127426622813e-11
2.761115738533781867e-05 4.073602592722660756e-11
2.761029247631701815e-05 3.645524157448355472e-11
2.776347241605427884e-05 3.094556759096606408e-11
2.780256402771828442e-05 1.896824476975335402e-11
2.786193547984379268e-05 1.734944075799588854e-11
2.807322364932091254e-05 2.616657847736108860e-11
2.809150054257633980e-05 2.180575033509747315e-11
2.798297722122905111e-05 1.949675438938960344e-11
2.817859895013171328e-05 3.143613642664400060e-11
2.830728472157739521e-05 5.031827907789214958e-11
2.828930295955802083e-05 4.208444730264863568e-11
2.822833825397313176e-05 3.750070328258571738e-11
2.840345956992239285e-05 5.879469549878888895e-11
2.840345956992239285e-05 5.083285677753488940e+00
