# CAPP-4 rescaled to fixed polarisation scenario 
#  m_X [eV]	chi
1.946587148609258108e-05 2.064772186670980503e+00
1.946587148609258108e-05 1.736700234951152143e-13
1.946587636547299587e-05 1.719989054004679655e-13
1.946602339746948465e-05 1.701036139310019038e-13
1.946690181532160341e-05 1.681013944542193940e-13
1.946717525653933104e-05 1.665278427894402402e-13
1.946797027025486262e-05 1.656292145901688048e-13
1.947040966474207908e-05 1.701627620837470882e-13
1.947041478703537160e-05 1.684088596392233528e-13
1.947280004152284356e-05 1.407264139407878975e-13
1.947283844288039042e-05 1.621819175170284983e-13
1.947285074113693672e-05 1.579714561321082490e-13
1.947285562051735152e-05 1.563009409155854979e-13
1.947286049989776631e-05 1.546304265362359930e-13
1.947286537927817772e-05 1.529599129940591789e-13
1.947286858544859735e-05 1.661103722475862743e-13
1.947287023093484162e-05 1.512988918361497722e-13
1.947288129271203098e-05 1.475117666909955707e-13
1.947288617209244578e-05 1.458412567163087126e-13
1.947289105147286057e-05 1.441707475787912383e-13
1.947289593085327537e-05 1.425002392784424412e-13
1.947296436160447357e-05 1.600628945840837699e-13
1.947297456549631611e-05 1.640223153589701682e-13
1.947304612705403126e-05 1.395225633597466690e-13
1.947314322672428162e-05 1.493402986820464701e-13
1.947406831289286237e-05 1.683054179914190576e-13
1.947547122608732798e-05 1.698462176296439314e-13
1.947694502449008361e-05 1.680286447141484152e-13
1.947698607148571327e-05 1.712763077434974076e-13
1.947767521003925103e-05 1.694857277712951170e-13
1.947895100537162577e-05 1.654656499484310028e-13
1.947966200502802001e-05 1.674932242374200475e-13
1.948091660158341479e-05 1.635122790818213113e-13
1.948108124675157707e-05 1.595787685527258640e-13
1.948112919036065131e-05 1.560844840349996786e-13
1.948123725015432872e-05 1.530008073638542713e-13
1.948124574840855307e-05 1.613912370404358287e-13
1.948125510794734879e-05 1.581882650621741629e-13
1.948126907702203524e-05 1.501796644447817475e-13
1.948136897494301856e-05 1.482750499789157250e-13
1.948313882369743399e-05 1.667220445076377793e-13
1.948338682053442499e-05 1.647107922731167930e-13
1.948614992811556614e-05 1.654535973877191968e-13
1.948617168994098753e-05 1.672293151517089216e-13
1.948646504420590561e-05 1.636855952454070787e-13
1.948876527284930203e-05 1.641903147123965916e-13
1.948884928690843598e-05 1.655686498825695583e-13
1.948903041014310883e-05 1.620017845921280309e-13
1.949030271722735464e-05 1.504614683032569236e-13
1.949030322554036438e-05 1.567718485073540287e-13
1.949035770546990421e-05 1.336080638247805314e-13
1.949042627731096709e-05 1.132259257889923065e-13
1.949048960835408136e-05 1.596424339503821312e-13
1.949052232295055506e-05 1.149448167771544156e-13
1.949054370720487041e-05 1.318302024093772904e-13
1.949054959743594606e-05 1.540152952794985474e-13
1.949056490663417078e-05 1.487787704993672596e-13
1.949056978601458557e-05 1.471097758457600792e-13
1.949057466539500037e-05 1.454407820278040348e-13
1.949057954477541516e-05 1.437717890454984699e-13
1.949058442415582996e-05 1.421027968988426272e-13
1.949058930353624475e-05 1.404338055878360272e-13
1.949059418291665616e-05 1.387648151124779883e-13
1.949059906229707096e-05 1.370958254727679045e-13
1.949060391703414974e-05 1.354352659029897310e-13
1.949061961483881884e-05 1.300658479814636473e-13
1.949062449421923364e-05 1.283968626972417012e-13
1.949062937359964843e-05 1.267278782486638228e-13
1.949063425298006323e-05 1.250588946357293306e-13
1.949063913236047464e-05 1.233899118584376438e-13
1.949064401174088943e-05 1.217209299167881315e-13
1.949064889112130423e-05 1.200519488107800869e-13
1.949065377050171902e-05 1.183829685404129797e-13
1.949067297382085001e-05 1.521473499682286944e-13
1.949067639308364093e-05 1.106449800236370577e-13
1.949076505364367133e-05 1.166184342944150609e-13
1.949082327352361782e-05 1.088044019463892814e-13
1.949165564037482319e-05 1.628890738562317062e-13
1.949175347934513353e-05 1.616896328530760320e-13
1.949194902421174516e-05 1.593363018569551856e-13
1.949195390359215996e-05 1.576674230752938218e-13
1.949195878297257475e-05 1.559985451291661609e-13
1.949244062178850530e-05 1.654229542528206322e-13
1.949502658251317045e-05 1.670446013752513245e-13
1.949697315285761140e-05 1.656129281153204996e-13
1.949743126401897247e-05 1.679902795138462531e-13
1.949940598168817913e-05 1.641749595508882962e-13
1.949973977566653427e-05 1.661584985161180418e-13
1.950150369069694127e-05 1.684945044453073300e-13
1.950283237872423625e-05 1.666677645699894497e-13
1.950457610030149853e-05 1.685357087290815025e-13
1.950479732000314718e-05 1.652031332936512409e-13
1.950589806386665039e-05 1.675106513623359310e-13
1.950714353311044740e-05 1.698309064865431735e-13
1.950903231169688948e-05 1.674886197719784525e-13
1.951059700801944128e-05 1.695158649754202551e-13
1.951207433554079718e-05 1.675520848505550599e-13
1.951432759678724537e-05 1.694526943336636333e-13
1.951515386038038796e-05 1.676947300054150790e-13
1.951682378296110387e-05 1.692222561279957819e-13
1.951836389861270836e-05 1.679069791538622414e-13
1.952013917633303166e-05 1.698884481191222354e-13
1.952021092786845974e-05 1.722308478993542358e-13
1.952213865104268406e-05 1.676758713181583476e-13
1.952382642307458208e-05 1.697395920396851455e-13
1.952515544167461801e-05 1.680320495382457989e-13
1.952616038809212607e-05 1.699967498005359012e-13
1.952834787136365621e-05 1.676929304350464196e-13
1.953132852854970472e-05 1.676654113983586577e-13
1.953430627078122397e-05 1.678211148166355740e-13
1.953663986826102131e-05 1.670541292162505410e-13
1.953761362710227872e-05 1.690481267362945651e-13
1.953968044184463751e-05 1.702945000319488384e-13
1.954206873344718049e-05 1.686449105188888618e-13
1.954264060105632863e-05 1.703184015773233517e-13
1.954562845585656216e-05 1.685565021794048947e-13
1.954579424958256630e-05 1.705822094561220422e-13
1.954739185116862691e-05 1.676935951809277155e-13
1.954766617629798806e-05 1.706508957311422692e-13
1.954962907649264453e-05 1.660909833215658402e-13
1.954999583401255043e-05 1.589729943109085932e-13
1.955004618034682635e-05 1.632498789521138095e-13
1.955011552669271542e-05 1.556861952787050886e-13
1.955012040607313021e-05 1.540222827402194537e-13
1.955012528545354501e-05 1.523583710323026962e-13
1.955013077845301256e-05 1.504852108155348693e-13
1.955018531661864589e-05 1.608385158207247216e-13
1.955019263568926469e-05 1.679930616871300058e-13
1.955025236057291002e-05 1.572768177999148519e-13
1.955237177380668133e-05 1.694546520848198850e-13
1.955291422101045095e-05 1.663490803069935714e-13
1.955312891374868839e-05 1.677082076446890903e-13
1.955550664136941654e-05 1.689427832158843152e-13
1.955777761036457405e-05 1.677626330160446062e-13
1.955943495845935978e-05 1.692092063113052099e-13
1.956174220740917086e-05 1.674268872404747284e-13
1.956201803591377952e-05 1.693023404606666507e-13
1.956444847008423075e-05 1.672235804093502282e-13
1.956534146077275297e-05 1.693731701788534843e-13
1.956783909516262622e-05 1.674325474615964193e-13
1.956817253643324000e-05 1.689936187672245708e-13
1.957023064307390165e-05 1.661492477827519859e-13
1.957144017998232750e-05 1.698569655540226987e-13
1.957144503920001406e-05 1.682017306412210649e-13
1.957358534648636641e-05 1.674818047620869536e-13
1.957455520063420477e-05 1.691543044747498706e-13
1.957666846432426207e-05 1.674712447912223337e-13
1.957747385358810777e-05 1.664861579645269097e-13
1.957839089546790877e-05 1.693162119733205019e-13
1.958053682127471780e-05 1.697422999430563410e-13
1.958182199410031689e-05 1.680562965737041327e-13
1.958276897622447310e-05 1.668098052546983735e-13
1.958474491963250308e-05 1.685222144906333810e-13
1.958565450450301356e-05 1.662442360830861134e-13
1.958762175292619369e-05 1.646092017627769011e-13
1.958804038317096848e-05 1.683250694353328008e-13
1.958882934413127243e-05 1.669693792712396480e-13
1.959097141061573151e-05 1.683266633579599129e-13
1.959269531050216917e-05 1.675305584676816348e-13
1.959530527146598796e-05 1.676999676785908678e-13
1.959584573186546485e-05 1.642672645472247862e-13
1.959626681650151361e-05 1.664372451824700711e-13
1.959905410796881740e-05 1.672532304111567583e-13
1.960224699338353972e-05 1.673401666826557964e-13
1.960540754315769497e-05 1.671956421409437953e-13
1.960679573162978670e-05 1.649851873550662441e-13
1.960772518836638559e-05 1.596368783511926794e-13
1.960788973279714985e-05 1.531374763891781958e-13
1.960799089280895768e-05 1.548251827183974300e-13
1.960800468814812678e-05 1.501347363275239589e-13
1.960804924064468274e-05 1.571912914971446214e-13
1.960807614334744858e-05 1.619221100522649173e-13
1.960814215360180617e-05 1.515059667895453936e-13
1.960868011761416978e-05 1.663811839366972397e-13
1.960881785669688255e-05 1.683273860171806880e-13
1.960945610104198990e-05 1.652393208307849692e-13
1.961157927266318505e-05 1.686395600266311412e-13
1.961191672400243639e-05 1.671048743899679569e-13
1.961411237125894734e-05 1.662801951125466170e-13
1.961480975300818565e-05 1.685710117447839609e-13
1.961785358690507907e-05 1.691637480548448058e-13
1.961808406862832445e-05 1.677756217417389668e-13
1.962006591769967242e-05 1.661044226897995323e-13
1.962040403658339398e-05 1.679798756372187017e-13
1.962123159059119077e-05 1.692531399428909142e-13
1.962396014381546870e-05 1.696542306779400416e-13
1.962436698064002970e-05 1.676411841453854184e-13
1.962655527186091275e-05 1.693156772329062916e-13
1.962722587616187747e-05 1.674259852928437312e-13
1.962865005394552316e-05 1.653703968665678550e-13
1.962889085937805981e-05 1.630131493324540678e-13
1.962924381046929218e-05 1.612805665295873238e-13
1.962976601506865175e-05 1.601334216569335028e-13
1.963060305059975225e-05 1.641931766635871064e-13
1.963106149056869520e-05 1.686829596932685056e-13
1.963116069119530378e-05 1.670295863561663391e-13
1.963157654748062762e-05 1.655946764746535631e-13
1.963442042212519589e-05 1.680650252520023513e-13
1.963687704665269981e-05 1.670869640718605728e-13
1.963726999106477525e-05 1.690258899556700895e-13
1.964007139957804442e-05 1.682766574783255001e-13
1.964032063241521567e-05 1.701312917924752807e-13
1.964095831568438415e-05 1.674101007292875410e-13
1.964332095402280724e-05 1.699403358277595000e-13
1.964344363918799923e-05 1.683214106424960010e-13
1.964417678457777765e-05 1.676182698091884235e-13
1.964627899662801721e-05 1.691580963563711554e-13
1.964665059841158519e-05 1.711012743109631712e-13
1.964813577337907693e-05 1.686221125433442340e-13
1.964826773844028694e-05 1.718567307470517390e-13
1.964898136366804863e-05 1.697751315418515002e-13
1.964915504637565873e-05 1.668566783908712512e-13
1.965101570621228296e-05 1.623367050075739727e-13
1.965102075745596058e-05 1.586834542182483109e-13
1.965105403026016711e-05 1.642696682396287305e-13
1.965112705536317065e-05 1.276086635814770908e-13
1.965117313223958533e-05 1.462655335131215627e-13
1.965117801162000012e-05 1.446101801044688822e-13
1.965122301651132377e-05 1.293420917787357335e-13
1.965123444609029351e-05 1.254645728030944928e-13
1.965124052654896358e-05 1.566352452180542491e-13
1.965129012031369013e-05 1.545807906994106725e-13
1.965129499969410493e-05 1.529254450807435528e-13
1.965129987907451972e-05 1.512701002841147581e-13
1.965130475845493113e-05 1.496147563095237581e-13
1.965133018333613921e-05 1.409893048312499354e-13
1.965133506271655401e-05 1.393339659620570056e-13
1.965133994209696880e-05 1.376786279148974277e-13
1.965134482147738360e-05 1.360232906897704949e-13
1.965134970085779840e-05 1.343679542866756520e-13
1.965135458023821319e-05 1.327126187056122929e-13
1.965135942793433738e-05 1.310680328709349195e-13
1.965137313138907321e-05 1.607074106325948080e-13
1.965139575397099512e-05 1.427461852453629001e-13
1.965142312285931940e-05 1.478623209782369487e-13
1.965267670222480454e-05 1.642155952278859593e-13
1.965322292668320628e-05 1.709214073948347009e-13
1.965326811763171020e-05 1.662581709445531735e-13
1.965329733406609674e-05 1.685375897249102164e-13
1.965615240773158976e-05 1.667006462597924028e-13
1.965653864651901306e-05 1.686007099349216455e-13
1.965800829664555695e-05 1.658803363533390653e-13
1.965945321901294034e-05 1.694366904609684952e-13
1.965962852061166441e-05 1.675702606222840676e-13
1.966137220170344877e-05 1.664668159897822083e-13
1.966262013096820225e-05 1.691341030928783948e-13
1.966300788603162191e-05 1.672902979967740223e-13
1.966482436334669284e-05 1.713971362468788972e-13
1.966593842570082742e-05 1.694780285295241346e-13
1.966918962145102896e-05 1.701128102837390359e-13
1.966929631549656476e-05 1.711889696316687736e-13
1.967249123483949549e-05 1.699709116217981647e-13
1.967439147542037370e-05 1.707720371607985735e-13
1.967620610960351839e-05 1.695999981257977852e-13
1.967908467605179021e-05 1.699114651845664791e-13
1.967973300310926576e-05 1.724393444105216119e-13
1.968137544350262861e-05 1.728165191938745371e-13
1.968209215794851111e-05 1.696919967810437869e-13
1.968303117992327520e-05 1.711479345866320462e-13
1.968339849376647907e-05 1.681497098295207058e-13
1.968569779828479376e-05 1.705591536223859622e-13
1.968572992087252223e-05 1.676671346747677177e-13
1.968669311795933960e-05 1.689223896937952840e-13
1.968835997160468072e-05 1.674829066608573596e-13
1.968971386105093708e-05 1.693462501331639228e-13
1.969091481367750106e-05 1.702603527163253199e-13
1.969306814505279168e-05 1.681874975203383615e-13
1.969349974000438245e-05 1.612802371913596033e-13
1.969353984977093765e-05 1.663301394576751006e-13
1.969363029574062115e-05 1.628556293162864698e-13
1.969366766243012991e-05 1.576573078824048827e-13
1.969382786259290345e-05 1.646319373561128149e-13
1.969389495777010271e-05 1.594821995633568817e-13
1.969619511037120439e-05 1.472360045365097029e-13
1.969624097496288690e-05 1.460800907595358944e-13
1.969627673860342362e-05 1.579219637197954426e-13
1.969628923805520106e-05 1.536911690353178553e-13
1.969629411743561585e-05 1.520396055206727499e-13
1.969629899681603065e-05 1.503880428243139450e-13
1.969630381282786762e-05 1.487579297965558733e-13
1.969630616274592507e-05 1.559448829892649794e-13
1.969640620852692106e-05 1.619932933869071743e-13
1.969654298930659649e-05 1.635900313426046775e-13
1.969668260425653814e-05 1.598735349938597140e-13
1.969682057781098453e-05 1.654204416888430673e-13
1.969684124460819352e-05 1.671331444063528345e-13
1.969902593678195694e-05 1.661014997158509152e-13
1.969970880712710652e-05 1.685048190426422722e-13
1.970131675043904909e-05 1.701854681139230640e-13
1.970261428571121469e-05 1.680315901395221513e-13
1.970433103661436305e-05 1.701281727462719877e-13
1.970597345367461434e-05 1.685093298603260682e-13
1.970703613922392361e-05 1.707804840003432557e-13
1.970845076501380100e-05 1.681390562802356011e-13
1.970979335425859745e-05 1.659334883238681284e-13
1.970979844433952852e-05 1.430423625185251955e-13
1.970987527081784020e-05 1.529520768141389363e-13
1.970988015019825500e-05 1.513016519062311480e-13
1.970988502957866979e-05 1.496512278154819552e-13
1.970988990895908459e-05 1.480008045418907773e-13
1.970989478833949939e-05 1.463503820854569831e-13
1.970989966771991418e-05 1.446999604461799668e-13
1.970991163117914610e-05 1.406533943978637205e-13
1.971001175089015013e-05 1.546494984031151467e-13
1.971007087271616951e-05 1.569870039248017443e-13
1.971012630543488069e-05 1.637630026829583640e-13
1.971018898329420264e-05 1.617069838412248295e-13
1.971028052342797924e-05 1.594606794653930922e-13
1.971041707214957870e-05 1.611348014276591710e-13
1.971285434730994912e-05 1.663298917886125691e-13
1.971294165248652945e-05 1.687063464222387553e-13
1.971321757247175352e-05 1.710994358994908646e-13
1.971500336937583018e-05 1.520353277798629592e-13
1.971508340476846373e-05 1.621864015275916366e-13
1.971509373648684115e-05 1.586926711256915515e-13
1.971509861586725595e-05 1.570426816543669326e-13
1.971510349524766736e-05 1.553926929997691183e-13
1.971510438240774339e-05 1.604091863843313192e-13
1.971510837462808215e-05 1.537427051618974017e-13
1.971511337074008608e-05 1.646449288011267604e-13
1.971512574817955928e-05 1.478677550976486476e-13
1.971513062755997407e-05 1.462177709845355097e-13
1.971513550694038887e-05 1.445677876881451627e-13
1.971514038632080366e-05 1.429178052084769753e-13
1.971520421009522467e-05 1.500445168849501509e-13
1.971524616959836082e-05 1.413241551079366828e-13
1.971624724789232484e-05 1.673628642006352174e-13
1.971728954084461281e-05 1.697809048299236254e-13
1.971818304965926202e-05 1.666886584707480841e-13
1.971913760925701623e-05 1.682044139978629878e-13
1.972034951427796036e-05 1.709505533649660952e-13
1.972251847254280046e-05 1.688303260894214381e-13
1.972291358432776514e-05 1.672943701105609843e-13
1.972506820395126734e-05 1.693338664606689138e-13
1.972553421233240567e-05 1.710460509231485886e-13
1.972830334527970322e-05 1.711317293175835706e-13
1.972906942051600755e-05 1.697250848038045574e-13
1.972923551166811724e-05 1.682453371473986124e-13
1.973208741094703811e-05 1.699396720666250861e-13
1.973298140646756419e-05 1.686771821190695131e-13
1.973588750615625005e-05 1.682356576555294689e-13
1.973606258865947364e-05 1.700221660966434306e-13
1.973868931122117331e-05 1.703932466790150940e-13
1.973882516613809923e-05 1.686229912809845454e-13
1.974049911777490916e-05 1.673800430265603164e-13
1.974186554759847822e-05 1.649519035263493882e-13
1.974200012437933276e-05 1.623883793700399569e-13
1.974237051858530406e-05 1.559787046088898389e-13
1.974237430309752793e-05 1.577345181162643976e-13
1.974238713303403620e-05 1.281835667540309840e-13
1.974246778647031770e-05 1.454723270068248979e-13
1.974247505983875545e-05 1.598123394549412002e-13
1.974256411592432051e-05 1.520376273831555535e-13
1.974256899530473530e-05 1.503899353995260106e-13
1.974256997118081623e-05 1.159305006375768995e-13
1.974257387468515010e-05 1.487422442303510751e-13
1.974257875406556150e-05 1.470945538756303433e-13
1.974258228052686357e-05 1.538673611690409962e-13
1.974259542158547838e-05 1.414661995566809766e-13
1.974260030096589317e-05 1.398185127985082013e-13
1.974260518034630797e-05 1.381708268547861965e-13
1.974261005972672276e-05 1.365231417255144825e-13
1.974261493910713756e-05 1.348754574106923273e-13
1.974261981848755235e-05 1.332277739103192007e-13
1.974262469786796715e-05 1.315800912243944716e-13
1.974262954952462766e-05 1.299417711794321963e-13
1.974264050040680667e-05 1.262438517521477174e-13
1.974264626694729750e-05 1.242965945633637207e-13
1.974265114632771229e-05 1.226489162921090143e-13
1.974265400943522948e-05 1.434010297606266370e-13
1.974265602570812709e-05 1.210012388352988936e-13
1.974266090508854188e-05 1.193535621929326771e-13
1.974266578446895668e-05 1.177058863650097590e-13
1.974281620245973328e-05 1.146941929085453586e-13
1.974394684361777645e-05 1.629294912074676064e-13
1.974395172299819125e-05 1.612819119248727794e-13
1.974410205227295956e-05 1.583000383801882419e-13
1.974415443907540901e-05 1.645002322591100501e-13
1.974461460900649989e-05 1.667875011591084013e-13
1.974576794129974164e-05 1.691348506755854573e-13
1.974689585242428005e-05 1.705101315941021088e-13
1.974900557822749256e-05 1.679887914577601767e-13
1.974983499896794552e-05 1.708033468265882526e-13
1.975251874268734838e-05 1.693639209128111214e-13
1.975303300062344916e-05 1.710807052120401639e-13
1.975608174442057758e-05 1.712013956288031481e-13
1.975631854434298099e-05 1.695098723565930733e-13
1.975842307814746300e-05 1.721519482007025026e-13
1.975947762919886167e-05 1.700670569643903339e-13
1.976035501035066296e-05 1.691676528372895369e-13
1.976320397212042050e-05 1.709800766136169379e-13
1.976386851597669423e-05 1.729061996927366780e-13
1.976410026190304745e-05 1.689805222804484047e-13
1.976659623995273525e-05 1.676181047656098394e-13
1.976664023200297226e-05 1.567576919829852593e-13
1.976672568892939928e-05 1.637280414761438389e-13
1.976676229968459144e-05 1.513802603187823883e-13
1.976687321449669253e-05 1.548776042196209153e-13
1.976687776911314893e-05 1.601590560370361380e-13
1.976689870978742965e-05 1.530964063016125254e-13
1.976699292125876672e-05 1.584396878765899033e-13
1.976703782388024712e-05 1.698081325806612702e-13
1.976704219314361768e-05 1.619714954683985497e-13
1.976704782661009609e-05 1.505269759329871673e-13
1.976707819705667457e-05 1.657361199659238851e-13
1.976841028269582924e-05 1.682419280860283784e-13
1.976926235325557853e-05 1.722254873028855555e-13
1.977002463175477805e-05 1.704161017050259268e-13
1.977214860891088241e-05 1.720768668481696957e-13
1.977282070395761654e-05 1.533410757610445292e-13
1.977283122314136651e-05 1.566098770090021190e-13
1.977283891925502051e-05 1.635567359386331786e-13
1.977293721860764295e-05 1.685802524618323739e-13
1.977294233994080668e-05 1.668535089947695457e-13
1.977294721932122148e-05 1.652083447913090550e-13
1.977295769889961157e-05 1.616749835080190514e-13
1.977296280799111633e-05 1.599523710885309675e-13
1.977297747781664794e-05 1.550062082828635981e-13
1.977307422876169919e-05 1.581663925142507146e-13
1.977314390188848457e-05 1.704561839063582908e-13
1.977533508459406063e-05 1.711429725102755332e-13
1.977595347213158725e-05 1.693800766689055474e-13
1.977730490208495797e-05 1.680892862985116646e-13
1.977940933244955963e-05 1.697616242404755870e-13
1.978095502188144557e-05 1.687225609455225524e-13
1.978249104097859116e-05 1.703192625455028134e-13
1.978340863109259663e-05 1.683938030744708480e-13
1.978560440604638864e-05 1.701818747161913832e-13
1.978692658084013099e-05 1.681541696228570258e-13
1.978708012290174401e-05 1.709068741474985319e-13
1.978879400527233244e-05 1.655482623379253015e-13
1.978978397806789555e-05 1.685255234646114258e-13
1.979196793133694316e-05 1.704322024246238391e-13
1.979431020903327614e-05 1.688057560958715369e-13
1.979541380892965374e-05 1.705622754944026390e-13
1.979790823902582745e-05 1.685885905840245560e-13
1.979805498304733992e-05 1.706036655242703088e-13
1.979965395354483411e-05 1.679424668378973948e-13
1.980141150520281311e-05 1.699496436516862663e-13
1.980421204777070535e-05 1.698249982487704532e-13
1.980538833448194266e-05 1.682821637353159668e-13
1.980743795575874079e-05 1.695999753665467213e-13
1.980877921871141003e-05 1.677208724075211621e-13
1.981045674160081401e-05 1.662901148973757868e-13
1.981187901199029522e-05 1.680697780740903583e-13
1.981272446075611101e-05 1.692609125647795656e-13
1.981467468257077448e-05 1.700858133515476209e-13
1.981479226824576313e-05 1.675517626231369571e-13
1.981641328713545935e-05 1.659382823166581747e-13
1.981818593820756867e-05 1.676981793525480861e-13
1.982037818716883036e-05 1.690249463460160786e-13
1.982128194585077970e-05 1.667506267196536429e-13
1.982266816119228239e-05 1.585794477550006694e-13
1.982291049451161778e-05 1.603581317575821536e-13
1.982292072457623628e-05 1.569175943079224949e-13
1.982292560395665108e-05 1.552765804065970662e-13
1.982292996582701983e-05 1.538096141180853682e-13
1.982301831218452541e-05 1.621678222022271113e-13
1.982303889429827380e-05 1.647633395340775460e-13
1.982438683581148984e-05 1.669149987069023103e-13
1.982443736908306748e-05 1.703144911912132078e-13
1.982444190972963648e-05 1.687875126498525311e-13
1.982632789981065956e-05 1.610764709781478125e-13
1.982636448037776688e-05 1.503619626664395783e-13
1.982641660657694370e-05 1.352131789859598418e-13
1.982644075396524608e-05 1.627782856710450098e-13
1.982646283439378932e-05 1.553536017129108072e-13
1.982646771377420412e-05 1.537128813728414510e-13
1.982647259315461553e-05 1.520721618403488197e-13
1.982649816589583628e-05 1.434731947562787401e-13
1.982650304527625108e-05 1.418324802638436758e-13
1.982650792465666587e-05 1.401917665789809945e-13
1.982651280403708067e-05 1.385510537016901408e-13
1.982651768341749546e-05 1.369103416319704331e-13
1.982659957779773615e-05 1.569524790731412312e-13
1.982660419842312792e-05 1.649146436863005355e-13
1.982663016264133690e-05 1.466682274667067646e-13
1.982663504202174831e-05 1.450275231110999507e-13
1.982667651675527407e-05 1.310815686936980301e-13
1.982668142385943976e-05 1.294315498719647408e-13
1.982668620158609563e-05 1.331116059203984835e-13
1.982670960782608504e-05 1.485021263512213039e-13
1.982671624674064826e-05 1.589575331978331074e-13
1.982813234643894027e-05 1.649254957106280365e-13
1.982821930367509414e-05 1.674051270998871992e-13
1.982923238057438062e-05 1.693247431218566340e-13
1.983165448283312642e-05 1.700749163434913939e-13
1.983186157134214653e-05 1.684114315092904305e-13
1.983347379717477387e-05 1.668383946829708794e-13
1.983541094038221954e-05 1.678032464108371798e-13
1.983589995712967127e-05 1.655726357529368680e-13
1.983805354073294892e-05 1.594403079790738757e-13
1.983817365470543149e-05 1.638295201970208815e-13
1.983834289353627681e-05 1.573042695110621907e-13
1.983843963430994976e-05 1.680223717960584807e-13
1.983863071361215496e-05 1.556833659685815623e-13
1.983867220242758314e-05 1.523078431642712843e-13
1.983877721384067166e-05 1.540025055078507756e-13
1.983879176485012027e-05 1.423198115141108588e-13
1.983879785879492366e-05 1.470648342786884343e-13
1.983880273817533845e-05 1.454251361157003075e-13
1.983880761755575325e-05 1.437854387592840861e-13
1.983893431246365807e-05 1.487601385053401076e-13
1.983896462640658971e-05 1.504607505028346336e-13
1.983902313024496697e-05 1.621404312811870419e-13
1.983907036479807189e-05 1.664400967775440238e-13
1.983987723688661098e-05 1.647433916021919939e-13
1.984014560280940778e-05 1.696595766242198350e-13
1.984018923465622429e-05 1.708471454016355187e-13
1.984018923465622429e-05 2.025816868903069778e+00
