# Tokyo-Knirck rescaled to fixed polarisation scenario 
#  m_X [eV]	chi
6.669896057922051298e-04 2.580172646952035868e-08
6.693944897020433693e-04 2.282341124531604828e-08
6.735136017995366773e-04 2.236696035522607166e-08
6.776307832787049467e-04 2.218694633347425222e-08
6.817497115077863308e-04 2.176833904559789349e-08
6.853160806837938976e-04 2.022241562649176688e-08
6.866861072043801842e-04 1.602665066208880177e-08
6.911563275261640212e-04 1.567443243246741224e-08
6.949012731513374251e-04 1.778966424373310977e-08
6.993583296440071539e-04 1.889775346442546065e-08
7.034716498865256715e-04 1.920565172745880294e-08
7.054799000816244260e-04 2.218511694282580616e-08
7.064121654637674826e-04 2.676495772301603240e-08
7.105263131141396037e-04 2.706009808691037497e-08
7.146422075144246225e-04 2.706009808691037497e-08
7.187588373883573370e-04 2.693543384208247481e-08
7.228759269333198071e-04 2.673407818640328633e-08
7.269924648730463970e-04 2.662628009850234114e-08
7.296394345306968232e-04 2.236696035522607166e-08
7.296616826085362568e-04 1.945108697229415568e-08
7.296839306863756903e-04 1.691534202211569550e-08
7.297974183561623408e-04 1.398164866914377880e-08
7.298042725619614118e-04 2.571994646082492058e-08
7.327253900217482307e-04 1.250772475369382235e-08
7.368417440930630051e-04 1.247167961899836623e-08
7.409585578354075351e-04 1.239990067809123802e-08
7.450755554461640975e-04 1.231431104904862749e-08
7.491914498464491163e-04 1.231431104904862749e-08
7.533101022729126687e-04 1.210291271629964150e-08
7.544545360422339267e-04 1.054700702261707240e-08
7.571361281218442390e-04 7.128889826699663141e-09
7.612530337983947851e-04 7.083770617629798435e-09
7.634504451889601766e-04 9.552423931138551987e-09
7.636007882604201741e-04 8.133156292675341447e-09
7.636810161774773217e-04 7.270174194631437378e-09
7.645474041343299203e-04 1.121504296866483203e-08
7.686605405084365140e-04 1.141093311848732680e-08
7.715487455224940465e-04 2.208473240576355591e-08
7.715709936003333717e-04 1.920565172745880294e-08
7.715932416781728052e-04 1.670190299340818955e-08
7.716154897560122388e-04 1.452455597757146268e-08
7.716458280439750239e-04 1.200550591813078467e-08
7.726457044678637903e-04 2.592862551616067875e-08
7.766062392535176030e-04 2.687176617766679407e-08
7.797311840413113579e-04 3.010605908689081753e-08
7.804553313947213376e-04 3.504542162879425890e-08
7.845679161635923764e-04 3.578125351099172917e-08
7.886840863664953353e-04 3.571934851268665832e-08
7.928011759114576970e-04 3.545232876158954831e-08
7.969176219169784876e-04 3.532976302470186958e-08
8.010344356593230176e-04 3.512642770420918335e-08
8.044137794684699371e-04 3.261940990561453714e-08
8.044410116936175689e-04 2.749304859445840178e-08
8.050209786318394522e-04 2.444616585731040397e-08
8.064135060493315271e-04 2.031663847189381375e-08
8.108510782362280626e-04 2.019471281340814868e-08
8.149679839127787172e-04 2.006689915775013349e-08
8.193480406460619449e-04 1.943209649064258307e-08
8.228842637119564239e-04 1.756101128021630757e-08
8.269710057755353446e-04 1.667300710030649069e-08
8.310880033862919070e-04 1.655792259037480752e-08
8.344569192297926746e-04 1.641653698500622512e-08
8.382262348071124140e-04 1.380522719875494743e-08
8.382484828849518475e-04 1.200550591813078467e-08
8.382707309627911727e-04 1.044040567208283280e-08
8.391604984954023280e-04 8.851658055696149140e-09
8.435374577531314045e-04 8.739967183859881797e-09
8.466508402822904783e-04 9.002802661185108522e-09
8.468220830632360897e-04 1.471016998344158316e-08
8.469357954610818185e-04 1.214178488454028194e-08
8.470041127910128004e-04 1.026512570029636555e-08
8.471402979947568242e-04 2.090232324458805054e-08
8.471625460725962578e-04 1.817738757955510856e-08
8.471847941504356914e-04 1.580768871244562387e-08
8.483965624180229200e-04 2.669256583147356396e-08
8.527091818753123340e-04 2.750098420674233344e-08
8.557049315234876779e-04 2.709448179291916423e-08
8.635834517811248959e-04 3.132651423893466404e-08
8.680182497181595852e-04 3.361884323100568847e-08
8.721300990133830366e-04 3.448358573798987923e-08
8.762441547295491415e-04 3.488396947854715528e-08
8.803600491298342687e-04 3.488396947854715528e-08
8.844762193327371192e-04 3.482361686762541474e-08
8.885934008119054971e-04 3.454334904290864011e-08
8.927108580936917066e-04 3.420605455563282739e-08
8.949843174594171880e-04 2.861505621207714782e-08
8.957866261255464620e-04 2.361659702596156602e-08
9.002564499810670508e-04 2.315513962198375684e-08
9.025069993426704327e-04 2.236696035522607166e-08
9.030414588489482468e-04 1.973095270693828802e-08
9.040525052788595754e-04 1.646262587145101402e-08
9.081701464290577088e-04 1.628307052118024605e-08
9.122831908689583947e-04 1.657704802919841573e-08
9.162862885652745286e-04 1.720157577440608676e-08
