# WISPDMX rescaled to fixed polarisation scenario 
#  m_X [eV]	chi
1.069567010909508428e-09 1.677182018088758664e+00
1.069567010909508428e-09 7.933992702668999721e-07
1.083169468208181013e-09 7.800833938314287549e-07
1.098332061790963844e-09 7.669910020548042985e-07
1.113706906781217478e-09 7.541183441217508818e-07
1.129296974350049953e-09 7.541183441217508818e-07
1.145105277260084631e-09 7.414617321681400697e-07
1.161134870447673955e-09 7.290175402244544360e-07
1.177388851613261568e-09 7.167822031770000158e-07
1.193870361820009814e-09 7.047522157465379894e-07
1.210582586100806797e-09 7.047522157465379894e-07
1.225978440466173783e-09 6.929241314840598908e-07
1.243140125114461685e-09 6.812945617834299937e-07
1.260542045161877367e-09 6.698601749105825339e-07
1.278187563509451263e-09 6.698601749105825339e-07
1.296080090133300490e-09 6.586176950490219861e-07
1.314223082743622958e-09 6.475639013613400987e-07
1.332620047452864095e-09 6.366956270664842474e-07
1.351274539453291505e-09 6.260097585325125154e-07
1.370190163704018923e-09 6.155032343845715442e-07
1.387615863078393363e-09 6.155032343845715442e-07
1.407040206173740251e-09 6.051730446278557502e-07
1.426736458170336379e-09 5.950162297852714566e-07
1.446708425346222624e-09 5.850298800495889944e-07
1.466959967261080645e-09 5.850298800495889944e-07
1.487494997502089231e-09 5.752111344498126755e-07
1.508317484440219875e-09 5.655571800315481964e-07
1.529431451997120271e-09 5.655571800315481964e-07
1.550840980422731908e-09 5.560652510511242689e-07
1.570564146898569096e-09 5.467326281832394614e-07
1.592549465497427586e-09 5.375566377419090454e-07
1.614842542448498580e-09 5.285346509144814548e-07
1.637447685863257777e-09 5.196640830085219162e-07
1.660369264159666036e-09 5.196640830085219162e-07
1.683611706906361577e-09 5.109423927113201533e-07
1.707179505678668047e-09 5.023670813618413219e-07
1.731077214926586567e-09 4.939356922348861846e-07
1.755309452854938860e-09 4.939356922348861846e-07
1.777632992787353068e-09 4.856458098372679298e-07
1.802516935143638457e-09 4.774950592158034056e-07
1.827749211824108424e-09 4.694811052769162768e-07
1.853334698937205363e-09 4.694811052769162768e-07
1.879278340848881898e-09 4.616016521176614142e-07
1.905585151138092925e-09 4.538544423679720473e-07
1.932260213565664197e-09 4.462372565439561443e-07
1.959308683056725022e-09 4.462372565439561443e-07
1.986735786696888490e-09 4.387479124120371431e-07
2.012002542708098153e-09 4.313842643637672442e-07
2.040167273840221599e-09 4.241442028011416362e-07
2.068726264951100762e-09 4.241442028011416362e-07
2.097685035032915099e-09 4.170256535322200003e-07
2.127049180334670326e-09 4.100265771768957341e-07
2.156824375443666336e-09 4.031449685826377182e-07
2.187016374382105848e-09 3.963788562500381826e-07
2.217631011719053029e-09 3.963788562500381826e-07
2.248674203697954713e-09 3.897263017680020851e-07
2.277272220018987000e-09 3.831853992584118234e-07
2.309150290960766438e-09 3.831853992584118234e-07
2.341474602539934171e-09 3.767542748301215916e-07
2.374251401392519040e-09 3.704310860421034513e-07
2.407487021597194657e-09 3.642140213756150448e-07
2.441187885899332591e-09 3.642140213756150448e-07
2.475360506952191013e-09 3.581012997152179026e-07
2.510011488575478270e-09 3.520911698385098671e-07
2.545147527031531681e-09 3.461819099144203309e-07
2.577516009045437520e-09 3.461819099144203309e-07
2.613596999920229210e-09 3.403718270099262003e-07
2.650183065408694584e-09 3.346592566050473419e-07
2.687281275725902937e-09 3.290425621159783615e-07
2.724898800058321196e-09 3.290425621159783615e-07
2.763042907949254178e-09 3.235201344262310397e-07
2.801720970703671481e-09 3.180903914256394562e-07
2.840940462812707624e-09 3.180903914256394562e-07
2.880708963398096411e-09 3.075027633709363588e-07
2.917345022910819424e-09 3.075027633709363588e-07
2.958183061852523712e-09 3.023418450867087133e-07
2.999592766267975019e-09 2.972675441624178784e-07
3.041582138534914838e-09 2.972675441624178784e-07
3.084159293051231640e-09 2.922784068709112383e-07
3.127332457803056676e-09 2.873730038834089354e-07
3.171109975954814389e-09 2.873730038834089354e-07
3.215500307461527298e-09 2.825499298600185507e-07
3.260512030703694634e-09 2.778078030471196970e-07
3.301978320536008661e-09 2.731452648815119592e-07
3.348200593931758217e-09 2.685609796011982260e-07
3.395069903240670623e-09 2.685609796011982260e-07
3.442595305902853737e-09 2.640536338627081212e-07
3.490785986147700176e-09 2.596219363648390866e-07
3.539651256768731539e-09 2.596219363648390866e-07
3.589200560923282855e-09 2.552646174787138423e-07
3.639443473957382956e-09 2.509804288840470750e-07
3.690389705256178188e-09 2.467681432115164279e-07
3.737323060407581726e-09 2.467681432115164279e-07
3.789639445161542236e-09 2.426265536911360957e-07
3.842688173378855381e-09 2.385544738065295276e-07
3.896479496665223446e-09 2.385544738065295276e-07
3.951023810131993298e-09 2.345507369550096523e-07
4.006331654404995946e-09 2.306141961133592656e-07
4.062413717661515185e-09 2.306141961133592656e-07
4.119280837695759245e-09 2.267437235092213945e-07
4.176944004013258943e-09 2.229382102980084536e-07
4.230065222108068405e-09 2.191965662452294200e-07
4.289279187857665295e-09 2.155177194141513310e-07
4.349322051876128205e-09 2.155177194141513310e-07
4.410205417377858222e-09 2.119006158587019303e-07
4.471941050003200869e-09 2.083442193215265100e-07
4.534540880092142263e-09 2.048475109371129739e-07
4.598017004989836852e-09 2.048475109371129739e-07
4.662381691384400145e-09 2.014094889398973487e-07
4.727647377677435470e-09 1.980291683772725311e-07
4.787772288900487507e-09 1.947055808274077316e-07
4.854793237620171498e-09 1.947055808274077316e-07
4.922752369548297135e-09 1.914377741218101910e-07
4.991662817708931239e-09 1.882248120725381407e-07
5.061537898966911003e-09 1.850657742039949135e-07
5.132391116601307928e-09 1.819597554892232090e-07
5.204236162914922923e-09 1.789058660906257931e-07
5.277086921880309697e-09 1.789058660906257931e-07
5.350957471822833511e-09 1.759032311050376981e-07
5.419009468355184234e-09 1.729509903130757269e-07
5.494866700858095094e-09 1.729509903130757269e-07
5.571785810029906298e-09 1.700482979326979491e-07
5.649781660399982210e-09 1.671943223768945476e-07
5.728869324576684200e-09 1.643882460154502995e-07
5.809064086160134144e-09 1.616292649407019028e-07
5.890381442695757923e-09 1.589165887372282089e-07
5.972837108669159838e-09 1.589165887372282089e-07
6.056447018542938380e-09 1.562494402554056259e-07
6.133471235923529925e-09 1.536270553887638938e-07
6.219329759757145597e-09 1.510486828550786512e-07
6.306390161912406488e-09 1.510486828550786512e-07
6.394669266711878131e-09 1.485135839811384047e-07
6.484184133991011451e-09 1.460210324911218439e-07
6.574952062394933134e-09 1.460210324911218439e-07
6.666990592721393499e-09 1.435703142985309210e-07
6.760317511310499712e-09 1.411607273016108482e-07
6.854950853481911792e-09 1.387915811822084652e-07
6.942130221691573642e-09 1.364621972080031226e-07
7.039308643203388758e-09 1.341719080380579604e-07
7.137847403012809458e-09 1.341719080380579604e-07
7.237765543621813521e-09 1.319200575316349364e-07
7.339082374096132905e-09 1.297060005602180459e-07
7.441817473796706023e-09 1.297060005602180459e-07
7.545990696163369778e-09 1.275291028226920553e-07
7.651622172551508538e-09 1.253887406636214573e-07
7.758732316122422694e-09 1.232843008945828196e-07
7.857405726900314636e-09 1.232843008945828196e-07
7.967396502258027846e-09 1.212151806184909726e-07
8.078926967824478059e-09 1.191807870568783371e-07
8.192018676733838804e-09 1.171805373800696890e-07
8.306693483828760745e-09 1.152138585402086190e-07
8.422973549883797062e-09 1.132801871070862025e-07
8.540881345887950754e-09 1.132801871070862025e-07
8.660439657387164399e-09 1.113789691067248289e-07
8.781671588887599429e-09 1.095096598626714516e-07
8.893354458292138510e-09 1.076717238399533142e-07
9.017846814471436361e-09 1.058646344916549781e-07
9.144081859173918854e-09 1.040878741080680020e-07
9.272083987176757180e-09 1.023409336683728122e-07
9.401877934743944388e-09 1.023409336683728122e-07
9.533488784406535747e-09 1.006233126948113401e-07
9.666941969809831181e-09 9.893451910930533461e-08
9.802263280628389830e-09 9.727406909248202200e-08
9.939478867549862715e-09 9.564148694506558124e-08
1.006588640956256932e-08 9.403630495159487655e-08
1.020679228732067611e-08 9.245806324642878761e-08
1.034967061594688672e-08 9.090630968199930049e-08
1.049454900651384798e-08 9.090630968199930049e-08
1.064145545660387539e-08 8.938059969927796188e-08
1.079041835571945384e-08 8.788049620041349051e-08
1.094146649076947994e-08 8.640556942350966877e-08
1.109462905163229151e-08 8.495539681950293640e-08
1.124993563679658606e-08 8.352956293110731360e-08
1.139300920540098594e-08 8.212765927379062831e-08
1.155249262266547472e-08 8.074928421874882803e-08
1.171420854583984170e-08 7.939404287784393903e-08
1.187818822634020936e-08 7.939404287784393903e-08
1.204446335305120109e-08 7.806154699047285034e-08
1.221306605844977763e-08 7.675141481233612503e-08
1.238402892481480580e-08 7.546327100607230891e-08
1.255738499052354248e-08 7.419674653372777285e-08
1.273316775643626452e-08 7.295147855103258817e-08
1.289510466073226819e-08 7.172711030344938757e-08
1.307561494736504554e-08 7.052329102396751098e-08
1.325865208154482108e-08 6.933967583261244606e-08
1.344425143498721722e-08 6.817592563764177750e-08
1.363244887455378037e-08 6.703170703839954735e-08
1.382328076918321516e-08 6.480055890841818968e-08
1.401678399691960555e-08 6.371299018014888590e-08
1.421299595203916976e-08 6.264367446942500784e-08
1.441195455227649519e-08 6.159230542995244950e-08
1.459524180252658875e-08 6.055858185694595444e-08
1.479955121687911775e-08 5.954220760083757470e-08
1.500672062747959202e-08 5.854289148243327155e-08
1.521679006957828971e-08 5.756034720949368300e-08
1.542980013885324644e-08 5.659429329471431549e-08
1.564579199925530896e-08 5.564445297508342138e-08
1.586480739096303354e-08 5.379232921627667966e-08
1.608688863844892448e-08 5.379232921627667966e-08
1.631207865865858603e-08 5.200185333492262506e-08
1.651953116153481887e-08 5.112908941973729653e-08
1.675077746650574883e-08 5.112908941973729653e-08
1.698526083995276401e-08 5.112908941973729653e-08
1.722302659551804425e-08 5.200185333492262506e-08
1.746412068116033670e-08 5.200185333492262506e-08
1.770858968803435253e-08 5.288951516556653253e-08
1.795648085949443602e-08 5.379232921627667966e-08
1.820784210022431578e-08 5.379232921627667966e-08
1.846272198549460910e-08 5.471055413259236319e-08
1.869752577512484673e-08 5.564445297508342138e-08
1.895926042759876354e-08 5.659429329471431549e-08
1.922465893534045842e-08 5.659429329471431549e-08
1.949377258630625263e-08 5.756034720949368300e-08
1.976665338639962171e-08 5.854289148243327155e-08
2.004335406952126798e-08 5.954220760083757470e-08
2.032392810775990619e-08 6.055858185694595444e-08
2.060842972172566516e-08 6.159230542995244950e-08
2.089691389102816660e-08 6.159230542995244950e-08
2.116267505977913976e-08 6.159230542995244950e-08
2.145891775353484372e-08 6.055858185694595444e-08
2.175930735846107599e-08 5.954220760083757470e-08
2.206390192450343404e-08 5.954220760083757470e-08
2.237276031421141217e-08 5.854289148243327155e-08
2.268594221411352458e-08 5.756034720949368300e-08
2.300350814625166077e-08 5.756034720949368300e-08
2.332551947987689327e-08 5.659429329471431549e-08
2.365203844330901426e-08 5.564445297508342138e-08
2.395283852378101838e-08 5.564445297508342138e-08
2.428813892353371040e-08 5.471055413259236319e-08
2.462813297819342789e-08 5.379232921627667966e-08
2.497288639122012121e-08 5.379232921627667966e-08
2.532246578581421608e-08 5.288951516556653253e-08
2.567693871779167978e-08 5.200185333492262506e-08
2.603637368863880070e-08 5.200185333492262506e-08
2.640084015875021146e-08 5.112908941973729653e-08
2.677040856085199871e-08 5.027097338347935236e-08
2.711086720963500413e-08 4.942725938606152670e-08
2.749037482431740306e-08 4.859770571341030830e-08
2.787519492231095112e-08 4.778207470821733757e-08
2.826540186965690355e-08 4.778207470821733757e-08
2.866107107339895893e-08 4.698013270185406455e-08
2.906227899615558417e-08 4.619164994742768441e-08
2.946910317089631902e-08 4.541640055396205845e-08
2.988162221592493857e-08 4.465416242168221986e-08
3.029991585007235562e-08 4.390471717838554982e-08
3.068526179595529911e-08 4.316785011688066521e-08
3.111480506434428053e-08 4.244335013347640211e-08
3.155036123301897609e-08 4.173100966750318033e-08
3.199201447270788957e-08 4.103062464184895454e-08
3.243985013239151747e-08 3.966492167102670998e-08
3.289395475579593336e-08 3.899921246812265677e-08
3.335441609811722183e-08 3.834467607797509980e-08
3.382132314298010379e-08 3.770112498365568340e-08
3.429476611963388980e-08 3.706837481539333339e-08
3.473091746588170507e-08 3.644624429775438765e-08
3.521709326915972421e-08 3.583455519770949065e-08
3.571007473519990579e-08 3.523313227357162846e-08
3.620995713210344458e-08 3.406039864259698906e-08
3.671683706156850368e-08 3.348875196145611977e-08
3.723081247755837073e-08 3.292669941136129372e-08
3.775198270523093032e-08 3.077125035912218183e-08
3.828044846013313870e-08 2.733315706805167690e-08
3.881631186766414017e-08 2.554387273192698897e-08
3.930996698163690012e-08 2.347107183571205248e-08
3.986024195761195533e-08 2.120451481593603599e-08
4.041821987949194993e-08 1.981642392980764663e-08
4.098400857586840623e-08 1.760232104575366666e-08
4.155771738475605380e-08 1.617395083650591960e-08
4.213945717472223183e-08 1.461206299164758742e-08
4.272934036631215070e-08 1.254742653002127138e-08
4.332748095377400997e-08 1.152924431350438888e-08
4.393399452708826066e-08 9.734041738950480600e-09
4.449273491307571706e-08 8.794043736786756604e-09
4.511556012803441376e-08 7.944819564011510377e-09
4.574710387308901317e-08 6.707742774947941280e-09
4.638748819334173590e-08 6.163431605635199953e-09
4.703683684232580675e-08 5.382901966697627794e-09
4.769527530592056311e-08 4.701217671756917338e-09
4.836293082660185599e-08 4.319729386656779056e-09
4.903993242803092024e-08 3.647110340218572651e-09
4.972641093998843703e-08 3.294915791909021695e-09
5.042249902365715050e-08 2.926772549544917696e-09
5.106375841448171793e-08 2.513229210446836362e-09
5.177856716636520606e-08 2.270531418496105548e-09
5.250338206678993727e-08 1.916990133633628215e-09
5.323834318540161898e-08 1.731870021751161853e-09
5.398359255259095849e-08 1.564626608982631538e-09
5.473927418694086563e-08 1.343550013050708502e-09
5.550553412305787752e-08 1.213805929149658986e-09
5.628252043979318545e-08 1.042299141908654644e-09
5.707038328885867679e-08 9.416462849221654526e-10
5.779618863231778184e-08 8.507132839848628639e-10
5.860524035006548031e-08 7.305102937904570768e-10
5.942561746309408070e-08 6.712317964555401971e-10
6.025747850833694513e-08 5.862278010754590522e-10
6.110098424198413822e-08 5.296168909723369324e-10
6.195629767054835967e-08 4.784727893979548131e-10
6.282358408236576868e-08 4.178795651284125360e-10
6.370301107953775522e-08 3.905243145655406011e-10
6.459474861031987850e-08 3.528121200493570175e-10
6.541624674996752489e-08 3.133921754974295704e-10
6.633196676635756921e-08 2.879614356462279659e-10
6.726050535902001039e-08 2.557873033497553859e-10
6.820204196696969645e-08 2.390429435919775780e-10
6.915675854107305038e-08 2.196453983210909942e-10
7.012483957920973125e-08 1.951042645820010054e-10
7.110647216192673911e-08 1.823323405902520570e-10
7.210184598859144881e-08 1.647248512778877238e-10
7.311115341405069298e-08 1.539416257826335388e-10
7.404096083352783563e-08 1.438642922713729148e-10
7.507741268205958616e-08 1.299715896361807036e-10
7.612837315422657611e-08 1.214633836906233373e-10
7.719404534693107718e-08 1.135121422987399745e-10
7.827463520009840866e-08 1.060814054223004151e-10
7.937035153647466134e-08 9.913709977170728801e-11
8.048140610198137210e-08 9.109245159280770231e-11
8.160801360663520906e-08 8.512935350031829587e-11
8.275039176604044967e-08 8.091462836387420951e-11
8.380278835172909262e-08 7.434867354763751938e-11
8.497588975291907717e-08 7.066769618345129027e-11
8.616541264705133040e-08 6.384345040647337086e-11
8.737158690805709531e-08 6.068258304214553947e-11
8.859464562772463219e-08 5.767820913848221111e-11
8.983482516074454983e-08 5.390247566246031459e-11
9.109236517038497196e-08 5.123378255309388297e-11
9.236750867480614737e-08 4.707633033325872733e-11
9.366050209402341079e-08 4.550939625041831286e-11
9.485165044406765902e-08 4.325624162825481879e-11
9.617941776815841157e-08 3.974614050322582667e-11
9.752577165409252580e-08 3.777832269928885294e-11
9.889097228320966096e-08 3.590793088088048893e-11
1.002752834789609446e-07 3.355732432241207893e-11
1.016789727578925080e-07 3.244036990312149224e-11
1.031023113813427650e-07 3.031675697464666264e-11
1.045455744078633363e-07 2.881578471980600947e-11
1.060090407463738607e-07 2.738912508724502444e-11
1.073572343941940871e-07 2.559617697017403925e-11
1.088600593547088232e-07 2.432891901463629322e-11
1.103839213964660618e-07 2.273629824275269358e-11
1.119291150040528437e-07 2.161063190354980992e-11
1.134959387843561085e-07 2.054069691927918188e-11
1.150846955242689846e-07 1.919606090964278671e-11
1.166956922492038389e-07 1.824567050833097219e-11
1.183292402824245254e-07 1.734233361029554039e-11
1.199856553052093362e-07 1.648372061270431474e-11
1.215115996697003903e-07 1.593506052265014755e-11
1.232125624972746259e-07 1.514612113366119164e-11
1.249373360108134379e-07 1.439624186362274251e-11
1.266862535208140017e-07 1.368348885942293380e-11
1.284596530035736969e-07 1.322803438975181569e-11
1.302578771665023298e-07 1.300602401235526828e-11
1.320812735143507394e-07 1.300602401235526828e-11
1.339301944163656605e-07 1.300602401235526828e-11
1.358049971743844497e-07 1.079657856741921847e-11
1.375321275516019382e-07 1.026204366019099020e-11
1.394573514577835409e-07 9.753973393150469376e-12
1.414095253367090873e-07 9.271057511025694403e-12
1.433890264437349940e-07 8.962470671415205479e-12
1.453962373151730451e-07 8.664155134454660793e-12
1.474315458422151927e-07 8.235195781073717710e-12
1.494953453458929288e-07 7.961087564547940631e-12
1.515880346530862630e-07 7.566936845764383167e-12
1.537100181735964681e-07 7.192300394077846234e-12
1.556648596536148822e-07 7.192300394077846234e-12
1.578439120284507172e-07 7.192300394077846234e-12
1.600534675577097169e-07 7.315071605581199603e-12
1.622939532354561794e-07 7.315071605581199603e-12
1.645658020329699526e-07 7.315071605581199603e-12
1.668694529824177259e-07 6.072397316883963864e-12
1.692053512616951318e-07 5.771755005417934438e-12
1.715739482804582154e-07 5.579642332833437127e-12
1.739757017673557835e-07 5.485997391827705119e-12
1.761882766038641457e-07 5.303396151867518156e-12
1.786546231088247710e-07 5.126872788080707384e-12
1.811554944141852164e-07 5.040826824711600151e-12
1.836913738104483006e-07 4.873043072209623093e-12
1.862627513533902471e-07 4.873043072209623093e-12
1.888701239587631767e-07 4.791257215017640042e-12
1.915139954983237354e-07 4.710843996305865542e-12
1.941948768972051172e-07 4.710843996305865542e-12
1.969132862326545028e-07 4.710843996305865542e-12
1.994175749216298511e-07 4.710843996305865542e-12
2.022090934517844256e-07 4.710843996305865542e-12
2.050396886566366115e-07 4.791257215017640042e-12
2.079099075454535570e-07 4.873043072209623093e-12
2.108203047847337224e-07 4.873043072209623093e-12
2.137714428053956705e-07 4.710843996305865542e-12
2.167638919114669781e-07 4.554043711226279154e-12
2.197982303902950815e-07 4.402462518398594293e-12
2.228750446243004090e-07 4.184498106881283109e-12
2.257095077729579432e-07 3.910572306852227760e-12
2.288690701817772131e-07 3.716961211244524249e-12
2.320728612751287305e-07 3.415342086739796641e-12
2.353215001819558397e-07 3.246249669721938267e-12
2.386156146979901681e-07 3.033743530357130195e-12
2.419558414070725781e-07 2.787565263866213684e-12
2.453428258041721032e-07 2.649553862345921417e-12
2.487772224201272991e-07 2.518375358048339891e-12
2.522596949481333824e-07 2.393691456572133034e-12
2.554678639489619020e-07 2.275180612355886755e-12
2.590439944698189521e-07 2.162537199448836584e-12
2.626701849446151013e-07 2.126242638545996888e-12
2.663471361304882178e-07 2.020973093713557998e-12
2.700755585940251329e-07 1.920915407992734883e-12
2.738561728485779643e-07 1.825811544023893066e-12
2.776897094935023561e-07 1.765039467761327939e-12
2.815769093553450070e-07 1.706290188027443054e-12
2.855185236310075378e-07 1.677652968208489850e-12
2.891496692124039758e-07 1.594592944320115110e-12
2.931972896887422005e-07 1.567830375450726000e-12
2.973015702040321576e-07 1.515645193767807164e-12
3.014633039057621536e-07 1.465196994114277476e-12
3.056832950441825187e-07 1.440606119307087199e-12
3.099623591277262538e-07 1.392655592740747086e-12
3.143013230806051742e-07 1.369282203723304177e-12
3.187010254026117278e-07 1.346301097849668123e-12
3.231623163311584631e-07 1.323705691305023099e-12
3.272722052521884393e-07 1.301489510772845126e-12
3.318534786215245208e-07 1.279646191580374652e-12
3.364988822938553136e-07 1.279646191580374652e-12
3.412093139880967212e-07 1.279646191580374652e-12
3.459856839897549285e-07 1.258169475875217450e-12
3.508289153268383106e-07 1.258169475875217450e-12
3.557399439482312949e-07 1.258169475875217450e-12
3.607197189045655421e-07 1.258169475875217450e-12
3.657692025316228546e-07 1.258169475875217450e-12
3.704209540421485421e-07 1.258169475875217450e-12
3.756062390280509538e-07 1.258169475875217450e-12
3.808641094875655185e-07 1.258169475875217450e-12
3.861955814981101801e-07 1.258169475875217450e-12
3.916016853605178791e-07 1.258169475875217450e-12
3.970834657981411224e-07 1.258169475875217450e-12
4.026419821587433983e-07 1.279646191580374652e-12
4.082783086192172459e-07 1.279646191580374652e-12
4.139935343931673078e-07 1.279646191580374652e-12
4.192585896127770128e-07 1.301489510772845126e-12
4.251275212868809037e-07 1.323705691305023099e-12
4.310786083654256297e-07 1.323705691305023099e-12
4.371130008891450477e-07 1.323705691305023099e-12
4.432318649974517226e-07 1.323705691305023099e-12
4.494363831537958135e-07 1.346301097849668123e-12
4.557277543741736518e-07 1.346301097849668123e-12
4.621071944588361980e-07 1.346301097849668123e-12
4.685759362272412109e-07 1.346301097849668123e-12
4.745351553305854320e-07 1.346301097849668123e-12
4.811778681398034432e-07 1.346301097849668123e-12
4.879135680185148749e-07 1.323705691305023099e-12
4.947435566329727168e-07 1.323705691305023099e-12
5.016691538706197605e-07 1.279646191580374652e-12
5.086916980951555254e-07 1.237053210832523541e-12
5.158125464051727927e-07 1.237053210832523541e-12
5.230330748964159470e-07 1.195877936026296728e-12
5.303546789277099337e-07 1.156073178866782148e-12
5.370995829867209400e-07 1.117593321719883527e-12
5.446180950287761848e-07 1.080394265332934706e-12
5.522418538911923471e-07 1.062261659118253728e-12
5.599723328565995952e-07 1.009669448181872729e-12
5.678110258311640624e-07 9.760626343210834035e-13
5.757594476332880156e-07 9.435744221372170773e-13
5.838191342863402070e-07 9.121675790108206247e-13
5.919916433154947589e-07 8.818061116089257773e-13
6.002785540487202976e-07 8.381481930267734181e-13
6.079127306037881122e-07 8.240812809546166416e-13
6.164225104106293532e-07 8.102504584151842967e-13
6.250514131585036797e-07 8.102504584151842967e-13
6.338011063729407313e-07 7.966517630415285008e-13
6.426732809220889175e-07 7.701352357160623914e-13
6.516696513434738348e-07 7.701352357160623914e-13
6.607919561753288630e-07 7.572098070930342185e-13
6.700419582925718424e-07 7.701352357160623914e-13
6.794214452474696546e-07 7.445013101169960110e-13
6.880621391941961852e-07 7.445013101169960110e-13
6.976938790857942053e-07 7.445013101169960110e-13
7.074604475169308573e-07 7.445013101169960110e-13
7.173637318657205530e-07 7.445013101169960110e-13
7.274056459304712560e-07 7.445013101169960110e-13
7.375881302995243716e-07 7.445013101169960110e-13
7.479131527262707491e-07 7.320061039539889596e-13
7.583827085094168063e-07 7.197206088753472007e-13
7.689988208785740437e-07 7.076413052321483478e-13
7.787787351027785608e-07 6.840874880220045129e-13
7.896803583462871224e-07 6.726062265652271024e-13
8.007345864106344891e-07 6.393057226441833401e-13
8.119435555126778433e-07 5.874281749927680350e-13
8.233094317728017648e-07 5.583448072330441486e-13
8.348344116335187367e-07 5.130369704388569084e-13
8.465207222839292136e-07 4.258829565493612670e-13
8.583706220901228853e-07 1.707454007422051213e-13
8.632214496115088041e-07 7.350069191214813694e-14
8.703864010316039322e-07 7.202115129485146123e-14
8.814557344465471834e-07 2.984861746499346673e-13
8.937946670465727835e-07 4.047976372282782886e-13
9.063063244378252689e-07 4.634939604352187983e-13
9.189931244837026666e-07 5.217944147829016268e-13
9.318575188937193691e-07 5.489739258368448289e-13
9.449019936972967664e-07 5.583448072330441486e-13
9.581290697241846637e-07 5.775691780336623390e-13
9.715413030916095164e-07 5.775691780336623390e-13
9.851412856982408584e-07 5.974554631708936273e-13
9.976700399840306221e-07 6.076539152674138999e-13
1.011635781993931191e-06 6.285760480323630760e-13
1.025797021454963082e-06 6.502185507783753420e-13
1.040156495010362028e-06 6.726062265652271024e-13
1.054716977611873629e-06 6.840874880220045129e-13
1.069481283056011603e-06 6.957647324468759826e-13
1.084452264527818212e-06 6.957647324468759826e-13
1.099632815152241415e-06 6.957647324468759826e-13
1.115025868553226168e-06 6.726062265652271024e-13
1.129206459025082926e-06 6.613176588310292020e-13
1.145013494869228257e-06 6.393057226441833401e-13
1.161041803254086910e-06 6.180264530181402356e-13
1.177294481631815565e-06 5.775691780336623390e-13
1.193774670813814778e-06 5.489739258368448289e-13
1.210485555577685686e-06 5.217944147829016268e-13
1.227430365282685627e-06 4.714057149406302808e-13
1.244612374493797452e-06 4.480665794423648667e-13
1.262034903614535774e-06 4.047976372282782886e-13
1.278085114317328707e-06 3.360311721775242979e-13
1.295976206820753581e-06 2.934765846890087716e-13
1.314117745235315854e-06 1.099585881523782478e-13
1.320513235392444492e-06 8.530366637894957749e-14
1.335031403786987858e-06 5.469519580610436046e-14
1.351166232199451680e-06 8.246433669258328264e-14
1.370080340326512209e-06 2.276732458191651228e-13
1.389259214903264124e-06 3.035812773668538655e-13
1.408706562225156646e-06 3.980037876235399958e-13
1.428426140469688571e-06 4.634939604352187983e-13
1.446592468882838345e-06 5.397603189724475636e-13
1.466842387597650143e-06 5.874281749927680350e-13
1.487375771916480788e-06 6.076539152674138999e-13
1.508196589892226212e-06 6.502185507783753420e-13
1.529308865124008998e-06 6.613176588310292020e-13
1.550716677534730915e-06 6.840874880220045129e-13
1.572424164159514050e-06 6.957647324468759826e-13
1.594435519945177093e-06 6.957647324468759826e-13
1.616754998560904946e-06 7.076413052321483478e-13
1.637316441281213463e-06 6.840874880220045129e-13
1.660236182369026172e-06 6.840874880220045129e-13
1.683476762189223181e-06 6.726062265652271024e-13
1.707042671957119509e-06 6.613176588310292020e-13
1.730938465757668964e-06 6.502185507783753420e-13
1.755168761425534971e-06 6.285760480323630760e-13
1.779738241437481505e-06 6.076539152674138999e-13
1.804651653817257533e-06 5.583448072330441486e-13
1.829913813053146308e-06 5.130369704388569084e-13
1.853186150595745215e-06 4.405465331928748382e-13
1.879127713074613631e-06 1.955037646908841828e-13
1.904622811380896102e-06 7.171272743530009857e-14
1.905432414822372276e-06 7.081239703035639711e-14
1.932105339192370170e-06 2.934765846890087716e-13
1.959151640696567004e-06 4.331526983105990838e-13
1.986576546001611066e-06 5.217944147829016268e-13
2.014385354938904426e-06 5.583448072330441486e-13
2.042583441528784145e-06 5.874281749927680350e-13
2.071176255019046081e-06 6.285760480323630760e-13
2.097516901541954165e-06 6.393057226441833401e-13
2.097516901541954165e-06 1.677182018088758664e+00
