# ATLAS PbPb light-by-light https://arxiv.org/pdf/2008.05355.pdf
# Mass [eV]  g_agamma [GeV^-1]
5.970032669589963913e+09 1.000000000000000000e+00
5.970032669589963913e+09 1.315875761571360649e-04
6.348425931805416107e+09 1.204746350371184433e-04
6.933329823778410912e+09 1.138291277166653251e-04
7.458890790939799309e+09 1.034399570621681336e-04
7.744069796861885071e+09 9.592121754666333333e-05
8.025844076652214050e+09 8.561661433483167796e-05
8.616720809174295425e+09 9.720167724210830671e-05
9.279929903202049255e+09 1.037347988875395971e-04
1.027095083566152763e+10 1.045872657155274958e-04
1.055193196295120811e+10 9.781985907912730009e-05
1.075771367169783783e+10 8.946101334688421540e-05
1.107988887619209671e+10 8.202238975447808994e-05
1.133094616446620178e+10 7.555561801940514671e-05
1.156200311782059097e+10 6.992699809869761158e-05
1.185610953857607079e+10 6.351235554213463096e-05
1.231513544549246216e+10 5.845396296417499070e-05
1.311884259825826454e+10 5.462840706818697161e-05
1.406254264096946716e+10 5.364536113560098923e-05
1.469814306349227715e+10 6.225420300461904607e-05
1.532846663164310265e+10 6.601355948701752622e-05
1.611454436797982025e+10 7.100713028568694915e-05
1.679014943042745590e+10 6.455707085787409168e-05
1.758882928467662430e+10 6.014761809475541670e-05
1.924657886215799713e+10 5.660299232628809401e-05
2.084541292734949875e+10 6.080463027711258779e-05
2.178798851006807327e+10 6.605115219615690378e-05
2.316573980961879730e+10 7.128016427737274676e-05
2.557834377534589005e+10 7.382798541588500921e-05
2.816497122833264160e+10 7.358198019514361086e-05
3.091726953290902710e+10 7.423178829222822029e-05
3.219221252949803543e+10 6.852009470633617198e-05
3.233024748593183136e+10 7.258545637535526902e-05
3.381239366842084885e+10 7.733991849908717145e-05
3.699871693416994476e+10 8.261992842312408203e-05
4.019837060196405792e+10 9.008541959207742107e-05
4.343352021306017303e+10 9.888071967197860173e-05
4.651106415478681946e+10 1.068150858010926573e-04
4.980667185618125916e+10 1.152859956436078342e-04
5.330320359975555420e+10 1.249467875162342100e-04
5.735987793985171509e+10 1.363910317879509903e-04
6.155574139432061768e+10 1.490933510224065530e-04
6.540231298067538452e+10 1.610116843528691807e-04
6.835881689075202179e+10 1.727824841930006761e-04
7.196030120379499817e+10 1.903044707376140901e-04
7.550883247068919373e+10 2.117684033068931268e-04
8.032666157311294556e+10 2.368035960131938253e-04
8.502818050509942627e+10 2.625561236734182385e-04
8.874520866321305847e+10 2.863536760436731781e-04
9.253670045327491760e+10 3.103694088716746455e-04
9.253670045327491760e+10 1.000000000000000000e+00
