1.016238244514106746e-05 3.381472061967400051e-14
1.016457680250783731e-05 3.154080632589610154e-14
1.016896551724138038e-05 3.383107500570310620e-14
1.017554858934169330e-05 3.268692716203935862e-14
1.019310344827586221e-05 3.052317289571467920e-14
1.020188087774294666e-05 3.162714680003396773e-14
1.021504702194357419e-05 3.057216046701429409e-14
1.023699059561128617e-05 3.170823697094095175e-14
1.024137931034482755e-05 3.063086281570930705e-14
1.026112852664576800e-05 3.067483039778230201e-14
1.027429467084639553e-05 3.292301498048394092e-14
1.028965517241379459e-05 3.295961757532891020e-14
1.030062695924764889e-05 3.298574217978277911e-14
1.030501567398119197e-05 3.299618733201295366e-14
1.031818181818181950e-05 3.302750671623586492e-14
1.033573667711598840e-05 3.306922840998312768e-14
1.034012539184952978e-05 3.672953916639509283e-14
1.034670846394984440e-05 3.940249034392472595e-14
1.035109717868338578e-05 3.675846079385758701e-14
1.037523510971786930e-05 3.682202306141410552e-14
1.039059561128526667e-05 3.686242504990769443e-14
1.041253918495297865e-05 3.565423385099347687e-14
1.042789968652037602e-05 3.569316547450495445e-14
1.045642633228840093e-05 3.453911915883845399e-14
1.047178683385579999e-05 3.580420578444760373e-14
1.048056426332288445e-05 3.582637958359045531e-14
1.048714733542319736e-05 4.121074279576901777e-14
1.048934169278996890e-05 1e0
1.049811912225705336e-05 1e0
1.049811912225705336e-05 4.270683058760461409e-14
1.051128526645768088e-05 3.717860728914714884e-14
1.052225705329153688e-05 3.720724031987557282e-14
1.053103448275862133e-05 3.723013347177447549e-14
1.053542319749216271e-05 3.993292083859174869e-14
1.054420062695924886e-05 4.284506331809610696e-14
1.055736677115987469e-05 4.288448974386508283e-14
1.056833855799373069e-05 4.765266109118066262e-14
1.058150470219435821e-05 5.114326022445785324e-14
1.058369905956112806e-05 5.881129938405858865e-14
1.058589341692789959e-05 6.762902426201442911e-14
1.059028213166144267e-05 1e0
1.059686520376175559e-05 1e0
1.059905956112852712e-05 5.302367690360577746e-14
1.060783699059561158e-05 4.778370337701359190e-14
1.061661442006269603e-05 4.459036106678632155e-14
1.062319749216300895e-05 4.160408011680001232e-14
1.063197492163009510e-05 4.622257798181606879e-14
1.063416927899686494e-05 7.026486609472837678e-14
1.063855799373040802e-05 4.788541498384393018e-14
1.064294670846394940e-05 4.314001931854411240e-14
1.064952978056426401e-05 4.025080813954833149e-14
1.065611285266457693e-05 3.502399459969018488e-14
1.066050156739812000e-05 4.028126197067728260e-14
1.066489028213166138e-05 4.029343799816687403e-14
1.066489028213166138e-05 3.891193336703634956e-14
1.066489028213166138e-05 3.891193336703634956e-14
1.066927899686520445e-05 3.758914760558576262e-14
1.068025078369906045e-05 3.895306441037971616e-14
1.069561128526645782e-05 3.765720086886234392e-14
1.070438871473354227e-05 3.767986184947217134e-14
1.071097178683385519e-05 3.769684989772074301e-14
1.071316614420062673e-05 4.648141789884988325e-15
1.071755485893416980e-05 4.649537402259777940e-15
1.071974921630094134e-05 4.044537316792478991e-14
1.073072100313479564e-05 3.774777452642754400e-14
1.073949843260188009e-05 4.193783429965803604e-14
1.074169278996865163e-05 3.402216046524262654e-14
1.074608150470219470e-05 3.173867294277677908e-14
1.075266457680250762e-05 3.175290667569888194e-14
1.075924764890282223e-05 3.176713488494979123e-14
1.077241379310344807e-05 3.292442468081552303e-14
1.077899686520376098e-05 3.531956109638133229e-14
1.078557993730407559e-05 3.533533467718900280e-14
1.078996865203761697e-05 3.534584699473953982e-14
1.079874608150470143e-05 3.185238822337023506e-14
1.080313479623824450e-05 3.663338326618552530e-14
1.080752351097178758e-05 3.417455722157246268e-14
1.081849529780564188e-05 3.541411073489210568e-14
1.082946708463949787e-05 3.544033542612510534e-14
1.084043887147335386e-05 3.937979091958753136e-14
1.085141065830720985e-05 3.940887143644937561e-14
1.086018808777429431e-05 3.677452921550175672e-14
1.087774294670846321e-05 3.681786312487525595e-14
1.088652037617554767e-05 4.090424947736805049e-14
1.088871473354231921e-05 3.684492399504512130e-14
1.089749216300940366e-05 3.686656005682700191e-14
1.091285266457680273e-05 3.690439615390352180e-14
1.092382445141065872e-05 3.693140089965243142e-14
1.092821316614420010e-05 3.694219789109127096e-14
1.094357366771159916e-05 3.697996528914814591e-14
1.095235109717868362e-05 3.700153124988211315e-14
1.096551724137930945e-05 3.576411278483380984e-14
1.097648902821316545e-05 3.579011048335923835e-14
1.099184952978056451e-05 3.582647889249214268e-14
1.100501567398119035e-05 3.844895646753715391e-14
1.101598746081504634e-05 3.588356242463809193e-14
1.102915360501567387e-05 3.591466449546312652e-14
1.104670846394984278e-05 3.723265863655598207e-14
1.105329153605015739e-05 3.857119112934607070e-14
1.105548589341692723e-05 5.863321306058039721e-14
1.105987460815047031e-05 3.858783239815575846e-14
1.107084639498432630e-05 3.729157688724498511e-14
1.108401253918495213e-05 3.732367856912710109e-14
1.109059561128526674e-05 3.866540577029881387e-14
1.110156739811912104e-05 3.869307628702684979e-14
1.112570532915360456e-05 3.875388800927556484e-14
1.114106583072100193e-05 4.016980680947991586e-14
1.115862068965517254e-05 3.883667268960791044e-14
1.116739811912225699e-05 4.166693310586097210e-14
1.117617554858934145e-05 4.169056274144126766e-14
1.118495297805642590e-05 4.171418004801485019e-14
1.119811912225705343e-05 4.174958290031175916e-14
1.121128526645767926e-05 4.326846471521133047e-14
1.122664576802507833e-05 4.331116471221765903e-14
1.123322884012539125e-05 3.768574832592164766e-14
1.125078369905956016e-05 3.643458353196194346e-14
1.126833855799373076e-05 3.522487158210529040e-14
1.127931034482758506e-05 3.524953039171185875e-14
1.128808777429466951e-05 3.652142279711569855e-14
1.130125391849529704e-05 3.655202589486029747e-14
1.131880877742946595e-05 3.659279268088587252e-14
1.132978056426332194e-05 3.661825026099156870e-14
1.133855799373040640e-05 3.538240967601011652e-14
1.134294670846394947e-05 3.664877737475780114e-14
1.134733542319749085e-05 3.540205559792534160e-14
1.135391849529780546e-05 3.420248010313035819e-14
1.135830721003134684e-05 3.542659853624062073e-14
1.136489028213166145e-05 3.800256208190720219e-14
1.136708463949843130e-05 4.685781852049914905e-11
