# CAPP https://arxiv.org/pdf/2207.13597.pdf
# mass [eV] photon coupling [GeV^-1]
9.390707070707070240e-06 1.122484112786669862e-14
9.392143658810325941e-06 9.895827483404885555e-15
9.395196408529741977e-06 9.899043946618266204e-15
9.398967452300785016e-06 9.903017224705381992e-15
9.400583613916947044e-06 9.698616463500861017e-15
9.402738496071829749e-06 9.498978539083996657e-15
9.406509539842872788e-06 9.502788180697028299e-15
9.408664421997755493e-06 9.706953462724493501e-15
9.411896745230077856e-06 9.916639892432646040e-15
9.414410774410774909e-06 9.919288744490725336e-15
9.416026936026935243e-06 9.714549395350469763e-15
9.418002244668911621e-06 9.716587328494025948e-15
9.420336700336700653e-06 9.718995794936405510e-15
9.422491582491581663e-06 9.721218994729374172e-15
9.424287317620651713e-06 9.723071661223516302e-15
9.426980920314253400e-06 9.725850660964725552e-15
9.428956228956228083e-06 9.525464618869835987e-15
9.431290684624017115e-06 9.527822968439807204e-15
9.432906846240179144e-06 9.529455671988251365e-15
9.435420875420876197e-06 9.734558193487187723e-15
9.437755331088665229e-06 9.736966659929570441e-15
9.439371492704825564e-06 9.738634059774295360e-15
9.441346801346801941e-06 9.537982012741228595e-15
9.444040404040403628e-06 9.540703185321964130e-15
9.446374859708192660e-06 9.543061534891935347e-15
9.447272727272727685e-06 9.543968592418847717e-15
9.450864197530864396e-06 9.547596822526497200e-15
9.453019079685747101e-06 9.549773760591086258e-15
9.454455667789001108e-06 9.352477202589647120e-15
9.456430976430975791e-06 9.354431204987172147e-15
9.458765432098764823e-06 9.162039586821131303e-15
9.460740740740741200e-06 8.973263679044032639e-15
9.463254769921436560e-06 8.975648169577427085e-15
9.465589225589225592e-06 8.977862339358436664e-15
9.468282828282828973e-06 8.980417150644217554e-15
9.470796857463524332e-06 9.567733499623951513e-15
9.474388327721661044e-06 9.372194863146489715e-15
9.477441077441077079e-06 9.375214685033573418e-15
9.479955106621774133e-06 9.377701597175878572e-15
9.484444444444444175e-06 9.382142511715707175e-15
9.487497194163860211e-06 9.385162333602790878e-15
9.491627384960717599e-06 9.588777234248316619e-15
9.495757575757574986e-06 9.393333616356075634e-15
9.501144781144781748e-06 9.398662713803872166e-15
9.506711560044893143e-06 9.604015800700444761e-15
9.509764309764309179e-06 9.607099796291946190e-15
9.511739618406285556e-06 9.409143272117869752e-15
9.512098765432098211e-06 1.023519590969660675e-14
9.513176206509539563e-06 1.045388624370903765e-14
