# CAPP double cell
# https://arxiv.org/pdf/2008.10141.pdf
# mass [eV]  g_ap [GeV^-1]
1.298642908054169569e-05 4.986788766928011712e-05
1.298642908054169569e-05 6.057200809838060333e-14
1.299209143671723737e-05 6.006841843182406005e-14
1.299632522146420909e-05 6.015742059045475457e-14
1.300055900621117912e-05 5.993078598202067398e-14
1.300479279095815084e-05 5.984714677612601573e-14
1.300902657570512256e-05 6.027939017120265068e-14
1.301326036045209259e-05 6.019578454845487559e-14
1.301749414519906431e-05 6.046613616997411269e-14
1.302159963343855112e-05 6.054422880096679866e-14
1.302739028612157602e-05 6.690828939148932770e-14
1.303019549943997609e-05 6.114528105442959211e-14
1.303365085021891783e-05 6.961714925392877161e-14
1.303866306893391784e-05 6.117024082667682763e-14
1.304289685368088787e-05 6.139702065499947913e-14
1.304713063842785789e-05 6.075164340094537784e-14
1.305136442317482961e-05 6.078023090535360160e-14
1.305559820792179964e-05 6.465188648479021163e-14
1.305983199266877136e-05 6.061839808864558364e-14
1.306406577741574139e-05 6.099122573337235438e-14
1.306845993279706756e-05 6.110147449164985923e-14
1.307232609870528599e-05 6.039152233054059455e-14
1.307670298340291071e-05 6.093626578316241442e-14
1.308100091640362489e-05 6.076112451662043541e-14
1.308523470115059661e-05 6.116631264961742697e-14
1.308946848589756664e-05 6.062246538203933088e-14
1.309370227064453836e-05 6.068164003076072351e-14
1.309793605539150839e-05 6.075073504755008052e-14
1.310224681804296903e-05 6.072321861024166135e-14
1.310640362488545014e-05 5.964642323183604419e-14
1.311054858897339306e-05 6.017840609706323682e-14
1.311487119437939189e-05 6.035371988900275410e-14
1.311895102331738239e-05 5.957419158905290299e-14
1.312372365339578499e-05 6.002267345964347365e-14
1.312795743814275502e-05 5.958087519081210904e-14
1.313209500050911306e-05 5.999399670334349074e-14
1.313642500763669677e-05 5.967884816634698252e-14
1.314065879238366680e-05 5.972786343966892571e-14
1.314489257713063852e-05 5.937472261571132502e-14
1.314928673251196300e-05 5.926667600284770110e-14
1.315336014662458027e-05 5.957692487767511497e-14
1.315759393137155030e-05 5.922335706799226905e-14
1.316182771611852033e-05 5.945121766304351386e-14
1.316606150086549205e-05 5.911227656920925726e-14
1.317199877812850068e-05 7.223492503283499278e-14
1.317359484777517576e-05 6.545732560854319459e-14
1.317876285510640552e-05 5.913943490452741644e-14
1.318299663985337555e-05 5.914349536960172736e-14
1.318723042460034727e-05 5.929697980897356873e-14
1.319152835760105975e-05 5.910080205042256543e-14
1.319569799409428732e-05 5.813881844866663753e-14
1.319993177884125904e-05 5.857628903875641491e-14
1.320392870849749069e-05 5.858136550623642983e-14
1.320839934833520079e-05 5.894314648751110515e-14
1.321272195374119793e-05 5.856970287659160321e-14
1.321686691782914085e-05 5.820213255735610595e-14
1.322110070257611257e-05 5.795110528157061412e-14
1.322533448732308260e-05 5.822443402725833780e-14
1.322964524997454493e-05 5.831237265935972743e-14
1.323395601262600557e-05 5.890048300099158082e-14
1.323782859335959723e-05 5.826213074145264063e-14
1.324226962631096779e-05 5.774377899821476034e-14
1.324650341105793782e-05 5.801741958740972871e-14
1.325083341818552153e-05 5.779738868602277045e-14
1.325492821504938403e-05 5.727828183985827326e-14
1.325920476529884959e-05 5.771245136239598022e-14
1.326332308318908455e-05 5.837815190580058364e-14
1.326767233479279134e-05 5.812517036436553665e-14
1.327194460849200752e-05 5.833338287413118957e-14
1.327613990428673309e-05 5.889942767891396799e-14
1.328037368903370312e-05 5.783468972502017147e-14
1.328460747378067315e-05 5.707033494929560528e-14
1.328884125852764487e-05 5.710358167977317703e-14
1.329315607264776416e-05 8.996752918667044425e-14
1.329721260564097293e-05 5.739194301367631680e-14
1.330154261276855665e-05 5.641958906125008181e-14
1.330577639751552837e-05 5.667879004070086952e-14
1.331001018226250009e-05 5.669682474905474870e-14
1.331424396700947012e-05 5.635276462410911828e-14
1.331847775175644184e-05 5.576700089771565979e-14
1.332271153650341187e-05 5.578472856015470256e-14
1.332694532125038189e-05 5.613469312755129575e-14
1.332983199266877217e-05 5.653580456004279031e-14
1.333066591996741734e-05 6.192585137523013676e-14
1.333137155075857760e-05 7.232882864160010237e-14
1.333733733835658213e-05 5.976791073490124606e-14
1.333926178596884231e-05 5.592960577488737318e-14
1.334253334690968394e-05 5.419199925163111069e-14
1.334426534976071845e-05 6.287614223581980057e-14
1.334426534976071845e-05 5.988212404134219529e-14
1.334434232766520736e-05 6.760042756779440240e-14
1.334445779452194243e-05 7.285725358220242125e-14
1.334445779452194243e-05 7.651666192674722833e-14
1.335106506465736646e-05 6.098511628081251680e-14
1.335211709601873531e-05 5.665528718128914522e-14
1.335427247734446563e-05 5.576555378784524145e-14
1.335812137256898599e-05 5.608436633461281100e-14
1.336235515731595602e-05 5.613242557860902216e-14
1.336658894206292605e-05 5.587757200479676591e-14
1.337082272680989777e-05 5.575890829966938976e-14
1.337505651155686780e-05 5.564015823787844378e-14
1.337929029630383952e-05 5.564260976491328484e-14
1.338352408105080955e-05 5.549339378897744217e-14
1.338775786579777957e-05 5.528338991252431940e-14
1.339160676102229994e-05 5.633118012312534737e-14
1.339584054576926996e-05 5.607575389123614997e-14
1.340009838611139384e-05 5.679206777825544386e-14
1.340430811526321171e-05 5.611119962092940002e-14
1.340854190001018344e-05 5.586555738917828404e-14
1.341280529164349470e-05 5.590709320037730711e-14
1.341700946950412349e-05 5.625559062770830718e-14
1.342124325425109521e-05 5.620642473306086182e-14
1.342547703899806524e-05 5.591076066456032645e-14
1.342971082374503527e-05 5.664364439822114938e-14
1.343394460849200699e-05 5.608303041742730965e-14
1.343817839323897702e-05 5.681640830310732085e-14
1.344226414355423577e-05 5.800188710854437021e-14
1.344664596273291877e-05 5.781216012140629705e-14
1.345087974747989049e-05 5.825714199664551679e-14
1.345511353222686221e-05 5.784856536958340457e-14
1.345934731697383224e-05 5.669238622377493185e-14
1.346358110172080396e-05 5.686278452214501434e-14
1.346781488646777399e-05 5.741481143441853453e-14
1.347210788498742988e-05 5.763979344180682630e-14
1.347628245596171574e-05 5.792430758835909039e-14
1.348051624070868576e-05 5.827857079856333651e-14
1.348489805988736876e-05 5.850909258310934008e-14
1.348898381020262751e-05 5.840688931228779177e-14
1.349321759494959754e-05 5.819587009082093078e-14
1.349762457998167356e-05 5.851771999471064960e-14
1.350168516444353929e-05 5.794169642400651513e-14
1.350591894919050932e-05 5.808230134345995271e-14
1.351040016291619977e-05 5.798128341335562843e-14
1.351438651868445276e-05 5.741426850687642152e-14
1.351862030343142448e-05 5.776927054631323328e-14
1.352285408817839451e-05 5.760347872357233494e-14
1.352708787292536454e-05 5.756019954082191269e-14
1.353132165767233626e-05 5.730221619217329246e-14
1.353555544241930629e-05 5.771893512047756533e-14
1.353978922716627631e-05 5.762958896032785170e-14
1.354402301191324804e-05 5.783178123365344929e-14
1.354825679666021806e-05 5.748140006262307174e-14
1.355249058140718978e-05 5.713078860715656689e-14
1.355672436615415981e-05 5.760949788709629197e-14
1.356095815090112984e-05 5.735088605384069838e-14
1.356519193564810156e-05 5.775308250489539669e-14
1.356942572039507159e-05 5.750970799015992716e-14
1.357362101618979885e-05 5.707066670149603360e-14
1.357789328988901334e-05 5.722248817676858416e-14
1.358212707463598337e-05 5.737884855472341333e-14
1.358636085938295678e-05 5.708882175631345449e-14
1.359059464412992681e-05 5.706041047746688612e-14
1.359470013236941362e-05 5.754621891334833502e-14
1.359921024805557984e-05 5.754466446823951621e-14
1.360329599837083859e-05 5.725247085751315295e-14
1.360752978311781031e-05 5.710067377685575773e-14
1.361176356786478034e-05 5.707216654616075880e-14
1.361599735261175036e-05 5.690476752995940282e-14
1.362023113735872208e-05 5.664464925268420936e-14
1.362446492210569211e-05 5.697103332334704781e-14
1.362869870685266214e-05 5.660264662297063547e-14
1.363293249159963386e-05 5.711457956040681059e-14
1.363716627634660389e-05 5.693142508570405041e-14
1.364140006109357561e-05 5.680997790468392848e-14
1.364563384584054564e-05 5.736880780300800183e-14
1.364986763058751736e-05 5.703085256134006220e-14
1.365410141533448908e-05 5.692476263865055520e-14
1.365833520008145911e-05 5.689598194518769138e-14
1.366256898482843083e-05 5.683620847470331190e-14
1.366680276957540086e-05 5.672992664831702584e-14
1.367103655432237089e-05 5.677848396963529902e-14
1.367527033906934261e-05 5.667209659621583527e-14
1.367950412381631264e-05 5.675164669455557363e-14
1.368373790856328266e-05 5.686224714102587840e-14
1.368797169331025438e-05 5.647656015738909482e-14
1.369220547805722441e-05 5.668021569640255469e-14
1.369628530699521322e-05 5.651086212074231792e-14
1.370071581305366170e-05 5.651016711318711827e-14
1.370502229915487295e-05 5.656399405609161506e-14
1.370925608390184298e-05 5.634223046445135470e-14
1.371337440179207794e-05 5.613072427364645620e-14
1.371760818653904797e-05 5.591488826939065584e-14
1.372184197128602138e-05 5.608763738804621407e-14
1.372607575603299141e-05 5.638491413550828658e-14
1.373030954077996313e-05 5.621560087993166181e-14
1.373454332552693316e-05 5.626406224940156124e-14
1.373877711027390319e-05 5.632811116163819029e-14
1.374301089502087491e-05 5.664135925926056949e-14
1.374724467976784494e-05 5.654976302826616217e-14
1.375147846451481666e-05 5.675417178928943144e-14
1.375571224926178668e-05 5.613255592589509156e-14
1.375994603400875671e-05 5.625897899716067416e-14
1.376417981875572843e-05 5.624509499315610755e-14
1.376841360350269846e-05 5.602836663671033597e-14
1.377264738824966849e-05 5.657622427617494142e-14
1.377688117299664021e-05 5.620332783892447661e-14
1.378111495774361024e-05 5.578334253708934080e-14
1.378534874249058365e-05 5.644094625812031534e-14
1.378958252723755368e-05 5.663016567654768844e-14
1.379381631198452371e-05 5.625678468246287084e-14
1.379805009673149543e-05 5.625841625733875196e-14
1.380228388147846546e-05 5.629131886959646608e-14
1.380651766622543718e-05 5.633987619091470771e-14
1.381075145097240721e-05 5.638845270260267079e-14
1.381498523571937723e-05 5.618657305969102532e-14
1.381921902046634896e-05 5.628208971059861791e-14
1.382345280521331898e-05 5.620534699073083332e-14
1.382768658996028901e-05 5.617555400526747586e-14
1.383192037470726073e-05 5.630247122855220255e-14
1.383615415945423076e-05 5.663327867942559306e-14
1.384038794420120248e-05 5.638398873323720274e-14
1.384462172894817251e-05 5.616591225332161359e-14
1.384885551369514254e-05 5.608892965383283466e-14
1.385308929844211426e-05 5.638863878065150659e-14
1.385732308318908598e-05 5.612322396134546711e-14
1.386155686793605601e-05 5.654876566210877750e-14
1.386579065268302773e-05 5.644033931191109533e-14
1.387002443742999776e-05 5.625325081142455045e-14
1.387425822217696948e-05 5.671063446306760383e-14
1.387849200692393951e-05 5.639767980548944898e-14
1.388195601262600682e-05 5.696657210190976705e-14
1.388195601262600682e-05 5.330671108848387296e-05
