# CAPP-9 TM020 mode
# https://arxiv.org/pdf/2403.13390
# mass [eV] photon coupling [GeV^-1]
2.138213058419243551e-05 1.0
2.138213058419243551e-05 1.088400172620474348e-13
2.139037800687284993e-05 9.933094605610160215e-14
2.139999999999999840e-05 1.031977674418604774e-13
2.140274914089346648e-05 8.027524142891387713e-14
2.140549828178693796e-05 1.070474035003595685e-13
2.142199312714776341e-05 1.052168592663629072e-13
2.142886597938144041e-05 1.052506161591943481e-13
2.143848797250858887e-05 1.052978758091583981e-13
2.143986254295532291e-05 7.658518340925438084e-14
2.144261168384879439e-05 1.034032548549508524e-13
2.144810996563573734e-05 1.034297693598657529e-13
2.145635738831614837e-05 1.015534385039558436e-13
2.146597938144329684e-05 9.968201774154872072e-14
2.147285223367697383e-05 7.670302565332056196e-14
2.147285223367697383e-05 9.779635770798359407e-14
2.147835051546391339e-05 9.398526588348123609e-14
2.148384879725085634e-05 9.976499832174531858e-14
2.148384879725085634e-05 8.249797938144329639e-14
2.148659793814432781e-05 9.785896140014376502e-14
2.149347079037800481e-05 1.017290970990169918e-13
2.149484536082473885e-05 8.254020618556700257e-14
2.150034364261168180e-05 1.017616264684727581e-13
2.150859106529209283e-05 1.018006617118196827e-13
2.151683848797250725e-05 1.037612006713018518e-13
2.152233676975944681e-05 1.018657204507312027e-13
2.152783505154638976e-05 1.018917439462958234e-13
2.153470790378006675e-05 1.038473728122752439e-13
2.154295532646047779e-05 1.019633085590985017e-13
2.154570446735394926e-05 1.039004018221050197e-13
2.155257731958762626e-05 1.020088496763365720e-13
2.155807560137456920e-05 1.001096868856388741e-13
2.156357388316150876e-05 1.001352193718532021e-13
2.157319587628865723e-05 1.040329743466794466e-13
2.157869415807560018e-05 1.021324612802684916e-13
2.158694158075601121e-05 1.021714965236154162e-13
2.159381443298968821e-05 1.022040258930711699e-13
2.160068728522336520e-05 9.644958043634618718e-14
2.160618556701030815e-05 9.840361352193709701e-14
2.161030927835051366e-05 9.649254375449531321e-14
2.161443298969071918e-05 9.651095660513065835e-14
2.161993127147766213e-05 1.003969273555501598e-13
2.162542955326460169e-05 9.656005754015823276e-14
2.163092783505154464e-05 1.023796844881323055e-13
2.163642611683848759e-05 1.004735248141931819e-13
2.164192439862542715e-05 1.004990573004075100e-13
2.164604810996563266e-05 1.043842915368017304e-13
2.164879725085910414e-05 7.539822968113160769e-14
2.165292096219931304e-05 9.861646607528162016e-14
2.165841924398625260e-05 1.005756547590505195e-13
2.166391752577319555e-05 1.006011872452648602e-13
2.167353951890034063e-05 1.025813665787580616e-13
2.168041237113402101e-05 1.064861184368256308e-13
2.169140893470790352e-05 1.065401294653559538e-13
2.169690721649484308e-05 9.881679789019409399e-14
2.170378006872852007e-05 9.884809973627418577e-14
2.171065292096219706e-05 9.887940158235426493e-14
2.171890034364261149e-05 1.047356087269240142e-13
2.172439862542955105e-05 9.894200527451441064e-14
2.172989690721649400e-05 7.568068280987771477e-14
2.173127147766322804e-05 9.897330712059448980e-14
2.174089347079037650e-05 9.901712970510660568e-14
2.174639175257731945e-05 9.515816446895237306e-14
2.174914089347079093e-05 1.009969407815870971e-13
2.175463917525773049e-05 1.029652131383360991e-13
2.175738831615120196e-05 1.068641956365379298e-13
2.176563573883161300e-05 1.069047039079356563e-13
2.176975945017182190e-05 1.030367777511387900e-13
2.177663230240549889e-05 1.108481227523375663e-13
2.178213058419243845e-05 1.050405255334452251e-13
2.179518900343642711e-05 1.031571364181251305e-13
2.179518900343642711e-05 1.0
