# CAPP (DFSZ)
# mass [eV] photon coupling [GeV^-1]
4.507781155015197250e-06 8.457819895935293075e-16
4.508077676210859534e-06 5.908257840614761551e-16
4.508240774671318698e-06 5.865600801277112510e-16
4.508544585529036834e-06 5.819564668691888947e-16
4.508557377565151593e-06 5.763622120228486637e-16
4.508979514756928504e-06 5.901660264350447876e-16
4.509363275840362830e-06 5.849329691703527956e-16
4.509693310372115842e-06 5.931256646491259378e-16
4.510015669682199489e-06 5.960634324722046237e-16
4.510028461718314249e-06 6.005577855333906133e-16
4.510552935199006698e-06 6.029683278788075747e-16
4.510677657551123277e-06 6.081612348706753070e-16
4.510925731680057064e-06 6.143537568441387041e-16
4.511473961799248232e-06 6.198578470841648634e-16
4.511934475099368575e-06 6.253924794206836637e-16
4.512385394372403484e-06 6.283076142847438436e-16
4.512787277506998904e-06 6.266051638568618817e-16
4.513354391108073885e-06 6.334769682244739250e-16
4.513597439794248394e-06 6.376644083166066097e-16
4.513776528299850796e-06 6.282236123454976678e-16
4.513955616805453199e-06 6.381013968775714894e-16
4.513981762917933010e-06 6.775563134305290654e-16
4.514160289383284275e-06 6.313130565182864063e-16
4.514382018009268364e-06 6.272774222066713212e-16
4.515070351381141850e-06 6.325031558933096851e-16
4.515292384579413841e-06 6.368289078001471143e-16
4.515829650096221049e-06 6.446960217025981274e-16
4.515848838150392766e-06 6.381757519220485756e-16
4.515963966475423063e-06 6.328285219524135240e-16
4.515987841945288648e-06 6.537466467466900336e-16
4.516079094800453361e-06 6.283145566231509454e-16
4.516386103667199974e-06 6.228845393372916081e-16
4.516718696606176107e-06 6.373321216776818836e-16
4.516780829353017412e-06 6.306853560414029376e-16
4.516984770957357014e-06 6.259788010518213638e-16
4.517172813888239495e-06 6.198755771904642281e-16
4.517332714339670181e-06 6.173116259726600430e-16
4.517901959946763019e-06 6.217521506783800511e-16
4.518207224444949106e-06 6.178090920622797604e-16
4.518624709987230434e-06 6.242085943074073377e-16
4.518828219652687825e-06 6.186851949209754433e-16
4.519258829491761624e-06 6.178097048244892251e-16
4.519417816226326910e-06 6.288153349499320652e-16
4.519456192334670343e-06 6.224375261625505924e-16
4.520102190158450046e-06 6.132647711514951938e-16
4.520182370820668771e-06 6.474586646746689478e-16
4.520492347259941328e-06 6.164858274399956373e-16
4.520735395946115836e-06 6.104726144923467678e-16
4.521247077390694372e-06 6.072682450162689008e-16
4.521528502185212312e-06 6.100475413134719179e-16
4.521912263268645791e-06 6.039590172381377565e-16
4.522548210206907782e-06 6.047792367527728830e-16
4.522615825254941489e-06 6.090812508396205553e-16
4.523236239006492519e-06 6.064787363311998953e-16
4.523990969137245564e-06 6.077900737145690502e-16
4.524138077552562337e-06 6.051716407486106886e-16
4.524376899696048894e-06 6.466791592396064637e-16
4.524627372933939832e-06 6.121116684488862667e-16
4.524972757909030725e-06 6.069294429679254532e-16
4.525565668782935317e-06 6.092917469803511585e-16
4.525715762006678784e-06 6.045110449361977630e-16
4.526114447132245725e-06 6.006173815798759567e-16
4.526133635186417442e-06 6.059228629651068383e-16
4.526291793313069684e-06 8.499455386121270825e-16
4.527841945288753624e-06 8.495459378702795858e-16
4.528525745939820784e-06 6.129297830054886792e-16
4.528922299059369022e-06 6.081376089954213270e-16
4.529593880955378245e-06 6.095848264545113574e-16
4.530188710634700602e-06 6.133972231070489525e-16
4.530412571266703394e-06 6.103857647781345642e-16
4.530988212891854035e-06 6.075181265106301781e-16
4.531053452276038548e-06 6.138536798769173201e-16
4.531774923112893556e-06 6.134786549356521298e-16
4.531951453211272837e-06 6.104258059182083641e-16
4.532534770058092842e-06 6.077109408603279529e-16
4.532833007242932458e-06 6.120161838594324908e-16
4.533348343554971749e-06 6.103395540071598348e-16
4.533616976313375777e-06 6.048873078493453218e-16
4.533896573674162916e-06 5.924085956885094684e-16
4.533962361288465823e-06 5.863046296299823629e-16
4.534282162191327196e-06 5.825132346746234555e-16
4.534499626805273031e-06 5.898674120389070842e-16
4.534783610007014093e-06 5.948826272934800954e-16
4.535267148972140835e-06 5.966638920379467197e-16
4.535420653405514565e-06 6.042221032676432102e-16
4.536102895331618997e-06 6.073868958891761675e-16
4.536372380892430168e-06 6.095884303303022713e-16
4.536778115501519568e-06 6.539880995311936211e-16
4.536840569414219028e-06 6.115794801743703717e-16
4.537032449955936191e-06 6.156831469147277285e-16
4.537713625879030848e-06 6.187615645427638290e-16
4.537838348231146580e-06 6.117139836996429723e-16
4.538298861531267771e-06 6.191569993160631515e-16
4.538682622614701249e-06 6.242113345500367930e-16
4.539176395208719630e-06 6.181985069063768832e-16
4.539829641852964278e-06 6.248548374564225382e-16
4.540025786406719694e-06 6.213842707340966744e-16
4.540614220067984248e-06 6.225521550489204551e-16
4.540738485561667704e-06 6.272009532368760973e-16
4.540921228934731709e-06 6.362772321596263025e-16
4.541155015197568539e-06 6.504627293802482171e-16
4.541394534270965965e-06 6.242198681362036377e-16
4.541455296442509592e-06 6.281277736801975632e-16
4.541560830740454455e-06 6.412262235203992313e-16
4.541637582957141320e-06 6.356972849326575589e-16
4.541771899336342487e-06 6.180757528492075741e-16
4.542059720148918231e-06 6.123316361126421919e-16
4.542200432546177202e-06 6.072799494697620035e-16
4.542456273268466470e-06 6.054834311424031227e-16
4.542961558694987202e-06 6.117119337897371732e-16
4.543239785480476665e-06 6.143744269760668415e-16
4.543837813168827500e-06 6.162663200332357210e-16
4.543923093409590872e-06 6.127773201558941588e-16
4.544658008425578164e-06 6.157973074917759863e-16
4.544912344202442764e-06 6.128134678836243985e-16
4.545167173252279814e-06 6.704506764205862944e-16
4.545296105285876243e-06 6.188471531779350395e-16
4.545343618562872833e-06 6.145390761707425449e-16
4.546044439398572330e-06 6.139389474414495260e-16
4.546204339850003017e-06 6.197004610810441455e-16
4.546728813330695466e-06 6.151016493779919275e-16
4.547163742558587137e-06 6.111986914205820898e-16
4.547173252279635451e-06 6.894747782185357969e-16
4.547432375316990317e-06 6.172404043344465083e-16
4.547654956745382396e-06 6.099133897817280701e-16
4.547854512508768075e-06 6.035752893949320483e-16
4.548343807890145570e-06 5.979827724688531088e-16
4.548967419650725925e-06 5.961908518672475434e-16
4.549179331306991088e-06 6.967183802998299619e-16
4.549456715032103420e-06 6.014148666664697038e-16
4.549781845950012821e-06 5.965288290416656075e-16
4.550157079009370640e-06 5.910278592645833879e-16
4.550189972816521670e-06 5.992531156114897276e-16
4.550836884357167620e-06 5.962497885867783817e-16
4.551276595744680726e-06 6.414985791561485185e-16
4.551538618909731671e-06 5.957656728576950794e-16
4.552152636643225744e-06 5.921637922538828421e-16
4.552236366334157255e-06 5.965716813796689539e-16
4.552974981822012496e-06 5.968222166789984343e-16
4.553373860182371211e-06 6.619370779454947971e-16
4.553841185410334235e-06 5.979381069490294240e-16
4.554033065952051398e-06 5.928469510091271563e-16
4.554194528875379758e-06 6.155109690381742808e-16
4.554468085106383454e-06 6.155479408582763159e-16
4.554562656247190090e-06 5.991439472354556812e-16
4.555015197568389152e-06 6.336875379939208978e-16
4.555197568389058001e-06 6.371872124053371993e-16
4.555314827970720012e-06 5.994183610861871017e-16
4.555751462803426815e-06 5.967590651995260253e-16
4.556020948364237985e-06 5.996867713715243949e-16
4.556441166750597979e-06 5.951349321822045922e-16
4.557020920101642499e-06 5.994004574638444871e-16
4.557218282944551217e-06 6.039403140011260308e-16
4.557893702451395122e-06 6.020400701803552021e-16
4.557947429003075589e-06 6.053902839094671575e-16
4.558446318411539365e-06 6.014692420726101773e-16
4.558622848509918646e-06 6.073164198163410817e-16
4.559181860488120692e-06 6.047371395836169916e-16
4.559768162143366543e-06 6.062948258042891076e-16
4.560246506766556254e-06 6.028378950092065337e-16
4.560759878419453215e-06 6.198768383906032586e-16
4.560942249240122064e-06 6.254675209932513518e-16
4.560946247755050648e-06 6.053964376093703252e-16
4.561132645995575408e-06 6.002424716779209665e-16
4.561646295445709995e-06 6.073730488103179714e-16
4.562069023039153976e-06 6.032359105262335924e-16
4.562346726514075111e-06 6.075222945494569247e-16
4.562757234582111793e-06 6.103375349417745944e-16
4.563396836387834540e-06 6.103620571471546915e-16
4.563542665599539753e-06 6.063019074877896784e-16
4.564125982446358911e-06 6.074928468528547189e-16
4.564133657668027428e-06 6.108634988321721808e-16
4.564872572190493626e-06 6.119348174296969984e-16
4.565533106418949461e-06 6.134053804976160088e-16
4.565942451574612460e-06 6.100307870595540392e-16
4.565957446808510734e-06 6.456573386224305515e-16
4.566179104242729164e-06 6.167069717530571610e-16
4.566601241434506922e-06 6.107214311139079162e-16
4.567272823330516145e-06 6.115035543130254384e-16
4.567283787932899257e-06 6.152853830499078652e-16
4.567963593280696236e-06 6.177397788638170447e-16
4.568607131097531933e-06 6.187743863291070640e-16
4.568922995989281203e-06 6.125311195431637584e-16
4.569345133181058114e-06 6.191391051791990258e-16
4.569498637614431844e-06 6.231691002205071249e-16
4.569878419452888008e-06 6.594566925969811545e-16
4.569993263010857367e-06 6.226171815138369582e-16
4.570081954461251003e-06 6.268867263524615084e-16
4.570817380246594454e-06 6.240692076823988868e-16
4.571494195248286949e-06 6.244684395828724940e-16
4.572216945288753516e-06 6.242002547634088995e-16
4.572757118086496629e-06 6.251041781082051297e-16
4.573029239582021709e-06 6.218890944014378837e-16
4.573105991798708574e-06 6.154406102696171625e-16
4.573387416593226515e-06 6.079426115384680894e-16
4.573573482573073563e-06 6.014365834288913984e-16
4.573981762917933283e-06 6.384193189428675701e-16
4.573988642290606676e-06 6.199640560640309519e-16
4.573988642290606676e-06 6.146784637830529186e-16
4.574149821945648923e-06 6.068448698029762961e-16
4.574222387677789170e-06 6.020291453253782024e-16
4.574871292782503930e-06 6.015805487212044126e-16
4.574896876854732603e-06 6.064136844775429978e-16
4.575430487504079057e-06 6.148302647291798360e-16
4.575783791358668958e-06 6.214150497456633083e-16
4.576252832682865808e-06 6.264824939763138599e-16
4.576914820551788749e-06 6.265678721748543444e-16
4.577626697361558321e-06 6.337110411149063933e-16
4.578085106382978558e-06 6.753063505228993981e-16
4.578203618190320523e-06 6.322674506656543240e-16
4.578401894750094642e-06 6.284002961551820364e-16
4.578990328411360043e-06 6.316820140550857168e-16
4.579220585061419792e-06 6.285126640175766342e-16
4.579716276460855090e-06 6.331623819167939324e-16
4.580128819625546566e-06 6.319697551260708558e-16
4.580148007679718282e-06 6.367505435878862673e-16
4.580685273196525491e-06 6.427067150035802895e-16
4.581066293129363615e-06 6.489887589319388828e-16
4.581702240067624759e-06 6.534956091732619093e-16
4.582239505584431968e-06 6.434395902089434521e-16
4.582381201984469388e-06 6.500672856947802947e-16
4.583097734916475081e-06 6.482855960219059309e-16
4.583736173809824143e-06 6.443486436185350046e-16
4.584215875164116203e-06 6.419513091378855395e-16
4.584311815434974784e-06 6.555028546314286845e-16
4.584376899696049166e-06 6.832275606614806815e-16
4.584644408373950070e-06 6.477577246404843473e-16
4.584695576518408263e-06 6.443731352768106843e-16
4.585300000224816055e-06 6.492783981186294195e-16
4.585631953561986831e-06 6.522177992004027743e-16
4.585693355335335815e-06 6.570251781355859508e-16
4.586115492527112726e-06 6.562023931288287921e-16
4.586268996960486456e-06 6.618185728099996902e-16
4.586384125285516754e-06 6.649268041149570540e-16
4.586576005827233916e-06 6.668194860047495050e-16
4.586671946098091651e-06 6.720355303328034422e-16
4.586813937698962182e-06 6.797124867768872992e-16
4.587021276595744502e-06 6.990153948791922710e-16
4.587243750112408457e-06 6.837813116517785938e-16
4.587381904102444306e-06 6.896257186296360054e-16
4.587568389057751047e-06 7.039973592293029949e-16
4.587957545727594947e-06 6.859200426027477557e-16
4.588771972026881843e-06 6.839305525056217694e-16
4.589331410406287460e-06 6.771687198471049028e-16
4.589684470603046870e-06 6.798432147056309641e-16
4.589953103361450898e-06 6.715586089219484696e-16
4.590119399830938541e-06 6.680222281524441251e-16
4.590528744986601539e-06 6.752529782572380685e-16
4.590572603396136528e-06 6.687863639604900108e-16
4.590605497203287557e-06 6.790955086216429145e-16
4.590759878419452928e-06 8.592501921590848597e-16
