# CAPP-MAX 
# https://arxiv.org/pdf/2402.12892.pdf
# mass [eV]	photon coupling [GeV^-1]
4.246185567010309185e-06 1.0
4.246185567010309185e-06 2.145441128594682364e-15
4.246185567010309185e-06 1.944306022788930720e-15
4.247628865979380778e-06 2.101458491589798393e-15
4.249072164948453217e-06 1.967991318502441066e-15
4.250515463917525656e-06 2.147628865979381424e-15
4.251958762886597248e-06 1.946949538795441640e-15
4.251958762886597248e-06 1.946949538795441640e-15
4.253402061855669688e-06 1.969996744438414909e-15
4.253402061855669688e-06 1.969996744438414909e-15
4.254845360824742127e-06 2.015453065653824763e-15
4.257731958762886159e-06 1.972002170374389145e-15
4.259175257731958598e-06 2.039920781334780342e-15
4.259175257731958598e-06 2.107170916983179074e-15
4.263505154639175069e-06 2.131752577319588209e-15
4.263505154639175069e-06 1.997115572436245451e-15
4.264948453608247508e-06 1.975344546934345944e-15
4.266391752577319100e-06 1.998467715680954917e-15
4.267835051546391540e-06 1.931756918068365822e-15
4.269278350515463979e-06 2.202048833423764571e-15
4.272164948453608010e-06 2.001172002170374638e-15
4.272164948453608010e-06 1.0
4.289484536082473894e-06 1.0
4.290206185567009690e-06 2.122523060227888373e-15
4.292371134020617925e-06 2.146185567010309349e-15
4.293814432989690365e-06 1.920916983179598358e-15
4.295257731958762804e-06 2.238055344546933886e-15
4.298144329896906836e-06 1.990719479110145796e-15
4.299587628865979275e-06 2.127164405860010275e-15
4.299587628865979275e-06 2.285570265870862733e-15
4.301030927835050867e-06 1.878871405317416569e-15
4.302474226804123306e-06 1.970080303852414263e-15
4.303917525773195746e-06 2.061349972870320362e-15
4.303917525773195746e-06 1.970741182854042288e-15
4.306804123711339777e-06 1.949395550732500438e-15
4.309690721649483809e-06 2.086797612588170534e-15
4.309690721649483809e-06 2.154845360824742585e-15
4.312577319587628687e-06 1.952008681497557550e-15
4.314020618556700280e-06 1.929956592512207750e-15
4.315463917525772719e-06 2.112306022788930294e-15
4.316907216494845158e-06 2.067571351058057660e-15
4.318350515463916751e-06 2.159175257731958809e-15
4.319793814432989190e-06 2.068953879544221329e-15
4.321237113402061629e-06 8.642474226804126492e-16
4.322680412371133221e-06 7.962832338578387681e-16
4.324123711340205661e-06 6.827563754747691683e-16
4.325567010309278100e-06 7.740488334237646383e-16
4.327010309278350539e-06 7.287596310363526042e-16
4.328453608247422132e-06 8.201280520889855537e-16
4.329896907216494571e-06 7.064568638090064193e-16
4.331340206185567010e-06 7.978784590341818572e-16
4.332783505154638602e-06 6.841237113402059328e-16
4.334226804123711042e-06 7.527867607162230296e-16
4.335670103092783481e-06 7.073988062940851318e-16
4.337113402061855073e-06 7.761150298426468865e-16
4.338556701030927513e-06 7.763733043950072168e-16
4.339999999999999952e-06 7.537894736842100493e-16
4.341443298969071544e-06 7.768898534997276803e-16
4.342886597938143983e-06 7.542908301682035099e-16
4.344329896907216423e-06 7.316766142159510548e-16
4.345773195876288015e-06 6.861747151383610795e-16
4.348659793814432894e-06 7.781812262615292333e-16
4.350103092783504486e-06 7.097536625067817160e-16
4.351546391752576925e-06 7.328920238741170020e-16
4.352989690721649364e-06 7.102246337493211709e-16
4.354432989690720957e-06 6.417059142702111436e-16
4.355876288659793396e-06 7.106956049918604286e-16
4.355876288659793396e-06 6.419186109603902681e-16
4.357319587628865835e-06 6.650645686380892034e-16
4.358762886597937428e-06 7.111665762343996863e-16
4.358762886597937428e-06 6.423440043407483200e-16
4.360206185567009867e-06 6.884536082474224522e-16
4.361649484536082306e-06 6.427693977211065692e-16
4.363092783505154745e-06 6.659457406402596087e-16
4.364536082474226338e-06 7.121085187194783988e-16
4.364536082474226338e-06 6.431947911014646211e-16
4.365979381443298777e-06 6.663863266413447621e-16
4.367422680412371216e-06 6.436201844818227716e-16
4.370309278350515248e-06 6.900488334237654427e-16
4.374639175257731719e-06 6.216592512208357777e-16
4.376082474226804158e-06 6.909603906673899524e-16
4.378969072164948190e-06 6.453217580032551765e-16
4.378969072164948190e-06 7.375105805751479561e-16
4.381855670103092221e-06 6.688095496473133029e-16
4.383298969072164660e-06 7.151698317959841161e-16
4.384742268041237100e-06 6.461725447639714775e-16
4.386185567010308692e-06 6.925556158437328443e-16
4.389072164948453571e-06 6.237102550189910231e-16
4.390515463917525163e-06 6.470233315246875813e-16
4.391958762886597602e-06 6.472360282148667059e-16
4.393402061855670041e-06 6.243255561584375474e-16
4.394845360824741634e-06 6.707921866521965916e-16
4.396288659793814073e-06 7.404275637547464067e-16
4.397731958762886512e-06 6.712327726532818436e-16
4.399175257731958104e-06 6.019924036896370609e-16
4.400618556701030544e-06 6.485122083559409602e-16
4.402061855670102983e-06 6.023874118285411071e-16
4.403505154639174575e-06 5.794085729788375268e-16
4.404948453608247015e-06 6.027824199674450547e-16
4.406391752577319454e-06 6.957460661964187267e-16
4.407835051546391046e-06 6.031774281063490023e-16
4.409278350515463486e-06 6.729951166576225557e-16
4.409278350515463486e-06 6.265816603364082679e-16
4.410721649484535925e-06 6.732154096581652310e-16
4.412164948453607517e-06 6.269918610960392184e-16
4.415051546391752396e-06 6.738762886597929611e-16
4.416494845360823988e-06 5.811177428106335810e-16
4.417938144329896427e-06 6.045599565925128682e-16
4.419381443298968867e-06 6.280173629951168903e-16
4.420824742268041306e-06 6.282224633749335489e-16
4.422268041237112898e-06 7.448030385241441319e-16
4.423711340206185337e-06 7.217634291915349068e-16
4.426597938144329369e-06 7.688301682040146558e-16
4.428041237113401808e-06 8.156918068366776477e-16
4.429484536082474248e-06 7.926446011937049705e-16
4.432371134020618279e-06 7.698328811720016756e-16
4.433814432989690718e-06 6.767400976668467538e-16
4.436701030927834750e-06 7.005317417254474023e-16
4.438144329896907189e-06 7.708355941399886954e-16
4.439587628865978781e-06 6.776212696690169619e-16
4.441030927835051221e-06 7.245892566467708473e-16
4.442474226804123660e-06 7.715876288659789356e-16
4.443917525773195252e-06 7.016711882799780394e-16
4.444639175257731895e-06 6.082137818773745562e-16
4.445360824742267692e-06 7.486923494302753994e-16
4.446804123711340131e-06 7.957438958220283428e-16
4.448247422680411723e-06 7.491785132935417585e-16
4.449690721649484162e-06 7.260021703743889161e-16
4.451134020618556602e-06 7.496646771568083149e-16
4.452577319587628194e-06 6.796039066739003493e-16
4.454020618556700633e-06 7.735930548019527779e-16
4.455463917525773073e-06 6.800444926749856013e-16
4.456907216494844665e-06 7.271795984807372082e-16
4.458350515463917104e-06 6.804850786760707546e-16
4.459793814432989543e-06 7.041779706999455396e-16
4.461237113402061983e-06 7.278860553445463413e-16
4.462680412371133575e-06 7.516093326098738500e-16
4.464123711340206014e-06 7.988431904503517150e-16
4.465567010309278454e-06 6.345805751492134782e-16
4.467010309278350046e-06 5.642539338035792650e-16
4.469896907216494924e-06 5.410927835051533268e-16
4.472783505154638956e-06 5.649831795984789516e-16
4.474226804123711395e-06 6.122626153011401917e-16
4.477113402061855427e-06 5.419663591969601815e-16
4.478556701030927866e-06 4.949983722192075780e-16
4.479999999999999458e-06 5.423157894736828247e-16
4.482886597938144337e-06 5.898534997287020286e-16
4.485773195876288369e-06 5.430146500271284070e-16
4.490103092783504839e-06 5.199066739012472254e-16
4.492989690721648871e-06 5.438882257189351630e-16
4.494432989690721310e-06 5.677178513293524805e-16
4.495876288659793750e-06 5.679001627780774022e-16
4.497319587628865342e-06 5.444123711340192758e-16
4.498762886597937781e-06 3.764754205100379711e-15
4.501649484536081813e-06 3.767169831795984701e-15
4.501649484536081813e-06 7.581725447639704378e-16
4.504536082474226691e-06 6.401182854042324926e-16
4.505979381443298284e-06 5.928920238741169950e-16
4.507422680412370723e-06 5.693586543678766768e-16
4.508865979381443162e-06 4.271557243624526780e-16
4.510309278350514754e-06 4.035539880629390227e-16
4.511752577319587194e-06 4.749213239283767274e-16
4.514639175257731225e-06 4.277026587086273443e-16
4.518969072164948543e-06 4.281128594682584427e-16
4.519690721649484339e-06 4.519690721649480891e-16
4.521855670103092575e-06 4.045870862723814779e-16
4.524742268041236606e-06 4.286597938144331090e-16
4.524742268041236606e-06 4.524742268041232758e-16
4.526185567010309046e-06 1.0
4.527628865979381485e-06 1.0
4.528350515463917281e-06 6.196690179055894313e-16
4.529072164948453077e-06 5.005816603364076996e-16
4.530515463917525516e-06 4.053619099294623210e-16
4.531237113402061313e-06 4.411994031470457134e-16
4.533402061855669548e-06 4.294801953336951578e-16
4.536288659793814427e-06 4.058784590341829324e-16
4.537731958762886019e-06 4.537731958762881823e-16
4.540618556701030897e-06 4.062658708627233292e-16
4.542061855670102490e-06 4.542061855670098836e-16
4.544948453608247368e-06 4.544948453608243182e-16
4.546391752577319808e-06 3.828540423223006115e-16
4.549278350515463839e-06 4.549278350515460194e-16
4.552164948453607871e-06 3.593814432989671214e-16
4.553608247422680310e-06 4.793271839392286555e-16
4.556494845360824342e-06 3.357417254476383255e-16
4.557216494845360138e-06 2.878241996744447407e-16
4.559381443298969220e-06 4.319413998914814522e-16
4.563711340206185691e-06 4.563711340206181926e-16
4.566597938144329723e-06 4.566597938144325286e-16
4.572371134020618633e-06 4.813022246337483936e-16
4.575257731958762664e-06 4.334454693434618833e-16
4.579587628865979135e-06 4.097525773195871477e-16
4.582474226804123167e-06 4.582474226804118698e-16
4.586804123711339638e-06 4.828214867064558768e-16
4.589690721649484516e-06 4.348128052088986971e-16
4.592577319587628548e-06 5.317721106890930509e-16
4.594020618556700987e-06 5.561182854042309305e-16
4.595463917525772579e-06 5.562930005425922028e-16
4.598350515463917458e-06 7.018534997287023694e-16
4.598350515463917458e-06 5.566424308193150433e-16
4.601237113402061489e-06 6.054259359739542000e-16
4.602680412371133929e-06 5.813912099837203225e-16
4.607010309278350400e-06 5.819381443298950875e-16
4.607010309278350400e-06 5.334432989690713515e-16
4.608453608247421992e-06 5.336104177970691717e-16
4.611340206185566870e-06 6.067552902875733094e-16
4.612783505154638463e-06 5.826673901247945769e-16
4.615670103092783341e-06 5.830320130222445188e-16
4.617113402061855781e-06 6.318155181768863379e-16
4.619999999999999812e-06 5.835789473684191852e-16
4.622886597938143844e-06 5.352816060770474722e-16
4.624329896907216283e-06 6.814801953336947167e-16
4.625051546391752079e-06 7.546136733586536763e-16
4.625773195876288722e-06 7.790775908844263456e-16
4.628659793814432754e-06 8.039251220835588691e-16
4.630103092783505193e-06 7.554378730330975991e-16
4.631546391752576785e-06 7.069202387411819290e-16
4.632989690721649225e-06 7.315246880086813222e-16
4.635876288659793256e-06 8.051785132935425699e-16
4.635876288659793256e-06 6.831817688551271216e-16
4.638762886597938135e-06 8.056798697775361291e-16
4.638762886597938135e-06 8.545089527943553083e-16
4.638762886597938135e-06 1.000996201844817086e-15
4.641649484536082166e-06 3.249154639175256874e-15
4.643092783505154606e-06 3.030228974498101571e-15
4.643814432989690402e-06 3.104023331524687175e-15
4.644536082474226198e-06 2.860056429734128263e-15
4.647422680412371077e-06 3.106435160065110735e-15
4.648865979381443516e-06 2.936125881714596867e-15
4.650309278350515108e-06 3.059413998914813178e-15
4.651752577319587547e-06 2.888983179598479737e-15
4.651752577319587547e-06 2.986914812805208091e-15
4.653195876288659987e-06 3.012332067281605243e-15
4.653195876288659987e-06 3.502142159522516450e-15
4.654639175257731579e-06 2.915274009766684335e-15
4.657525773195876458e-06 3.162214867064568970e-15
4.658969072164948050e-06 3.089632121540965318e-15
4.658969072164948050e-06 3.236757460661964174e-15
4.660412371134020489e-06 2.992475311991317758e-15
4.660412371134020489e-06 3.262288659793813699e-15
4.661855670103092928e-06 3.165154639175258270e-15
4.663298969072164521e-06 3.485202387411828500e-15
4.664742268041236960e-06 3.363524688008680999e-15
4.666185567010309399e-06 3.511918610960389572e-15
4.667628865979380992e-06 3.169074335322843346e-15
4.668350515463917635e-06 3.488977753662507394e-15
4.669072164948453431e-06 1.0
4.693608247422679817e-06 1.0
4.695051546391752256e-06 1.037853499728702504e-15
4.696494845360824695e-06 1.137046120455778307e-15
4.696494845360824695e-06 1.285356483993487921e-15
4.697938144329896287e-06 1.063217580032554505e-15
4.700824742268041166e-06 1.261800325556158035e-15
4.700824742268041166e-06 1.138094411285946533e-15
4.702268041237112758e-06 1.138443841562669077e-15
4.703711340206185198e-06 1.287331524688007757e-15
4.705154639175257637e-06 1.114378730330981194e-15
4.706597938144329229e-06 1.263349972870319623e-15
4.707319587628865872e-06 1.350257460661963595e-15
4.709484536082474108e-06 1.164977753662507496e-15
4.710206185567009904e-06 1.016412913727616813e-15
4.712371134020618139e-06 1.165691806836679884e-15
4.712371134020618139e-06 9.424742268041240396e-16
4.713814432989690579e-06 7.939055887140518276e-16
4.715257731958762171e-06 7.693315246880079192e-16
4.715257731958762171e-06 7.941486706456849578e-16
4.716701030927834610e-06 7.199175257731949395e-16
4.718144329896907049e-06 9.436288659793817781e-16
4.719587628865979489e-06 8.445577862181217024e-16
4.719587628865979489e-06 8.693977211068891960e-16
4.721030927835051081e-06 8.448160607704818355e-16
4.722474226804123520e-06 9.942051003798147652e-16
4.723917525773195960e-06 1.044234400434074269e-15
4.725360824742267552e-06 9.202018448182307757e-16
4.726804123711339991e-06 1.119506239826368962e-15
4.728247422680412430e-06 1.045191535539880083e-15
4.729690721649484023e-06 1.020617471513834992e-15
4.731134020618556462e-06 8.964253933803584118e-16
4.731134020618556462e-06 9.462268041237117884e-16
4.732577319587628901e-06 1.046148670645685897e-15
4.733298969072164697e-06 1.145956592512208027e-15
4.734020618556700494e-06 1.245794899620184557e-15
4.736907216494845372e-06 1.072036896364621814e-15
4.739793814432989404e-06 1.147529028757460365e-15
4.739793814432989404e-06 1.047743895822028789e-15
4.745567010309278314e-06 1.098973412913725955e-15
4.748453608247422345e-06 9.246988605534453125e-16
4.749896907216494785e-06 1.299971785132934475e-15
4.751340206185566377e-06 1.225345632121540312e-15
4.752783505154638816e-06 9.505567010309282093e-16
4.755670103092783695e-06 1.051253391209983309e-15
4.755670103092783695e-06 7.258654367878451016e-16
4.757113402061855287e-06 6.509734129137283393e-16
4.758556701030927726e-06 7.263060227889301564e-16
4.761443298969071758e-06 6.515659251220843100e-16
4.761443298969071758e-06 7.016863809007049437e-16
4.762886597938144197e-06 7.018990775908840682e-16
4.765773195876288229e-06 6.521584373304401822e-16
4.765773195876288229e-06 7.023244709712421201e-16
4.768659793814433107e-06 6.776516549104723481e-16
4.771546391752577139e-06 6.780618556701032986e-16
4.771546391752577139e-06 7.534020618556699483e-16
4.774432989690721171e-06 7.538578404774821045e-16
4.775876288659793610e-06 6.786771568095499215e-16
4.777319587628866049e-06 7.291698317959839491e-16
4.780206185567010081e-06 6.792924579489964458e-16
4.783092783505154112e-06 6.545284861638639664e-16
4.783092783505154112e-06 7.048768312533907274e-16
4.785979381443298991e-06 7.304915897992395078e-16
4.787422680412370583e-06 7.307118827997819859e-16
4.788865979381443022e-06 6.805230602278895930e-16
4.790309278350515462e-06 7.815767769940307881e-16
4.791752577319587054e-06 6.809332609875205434e-16
4.793195876288659493e-06 7.063657080846442050e-16
4.796082474226803525e-06 6.563060227889317800e-16
4.797525773195875964e-06 7.070037981551813814e-16
4.798969072164948403e-06 7.829896907216487583e-16
4.800412371134019996e-06 7.074291915355394334e-16
4.801855670103092435e-06 7.329148128052079500e-16
4.804742268041237314e-06 6.827791644058603135e-16
4.806185567010308906e-06 8.094628323385769961e-16
4.807628865979381345e-06 7.590992946283232322e-16
4.809072164948453784e-06 7.593271839392293596e-16
4.809072164948453784e-06 7.340162778079210306e-16
4.810515463917525377e-06 8.355105805751486610e-16
4.811958762886597816e-06 8.104351600651099116e-16
4.814845360824741848e-06 7.095561584373299887e-16
4.814845360824741848e-06 7.602387411828537707e-16
4.816288659793814287e-06 6.337221920781321473e-16
4.817731958762886726e-06 7.606945198046661241e-16
4.819175257731958318e-06 7.355583288117190674e-16
4.820618556701030758e-06 7.357786218122617427e-16
4.822061855670103197e-06 7.613781877373845063e-16
4.823505154639174789e-06 7.616060770482906338e-16
4.824948453608247229e-06 6.856505697232775584e-16
4.827113402061855464e-06 7.621758003255559523e-16
4.829278350515463699e-06 8.133521432447083622e-16
4.829278350515463699e-06 6.862658708627240827e-16
4.832164948453608578e-06 7.629734129137274968e-16
4.832164948453608578e-06 7.884058600108512570e-16
4.833608247422680170e-06 7.632013022246335257e-16
4.836494845360825049e-06 7.891123168746602914e-16
4.838659793814432437e-06 6.748657080846431015e-16
4.839381443298969080e-06 1.0
4.842268041237113112e-06 1.0
4.843711340206185551e-06 7.647965274009765162e-16
4.845154639175257144e-06 7.140227889310901255e-16
4.848041237113402022e-06 8.675442213781867626e-16
4.850927835051546054e-06 6.893423765599568027e-16
4.852371134020618493e-06 6.640086814975591035e-16
4.853814432989690932e-06 6.897525773195879504e-16
4.856701030927834964e-06 7.924091155724355882e-16
4.858144329896907403e-06 6.647986977753670973e-16
4.859587628865978995e-06 7.161497558328807795e-16
4.862474226804123874e-06 6.653912099837230680e-16
4.865360824742267906e-06 6.145718936516530064e-16
4.866804123711340345e-06 6.659837221920789401e-16
4.868247422680411937e-06 6.918035811177429985e-16
4.869690721649484376e-06 6.920086814975585724e-16
4.871134020618556816e-06 6.409386869234930130e-16
4.872577319587628408e-06 7.437091698317949964e-16
4.875463917525773287e-06 6.928290830168206705e-16
4.876907216494844879e-06 6.673662506782427074e-16
4.878350515463917318e-06 6.932392837764517196e-16
4.879793814432989757e-06 7.191275094953876359e-16
4.882680412371133789e-06 6.167596310363517704e-16
4.884123711340206228e-06 7.197655995659247138e-16
4.885567010309277821e-06 6.685512750949546489e-16
4.887010309278350260e-06 7.201909929462828643e-16
4.889896907216494291e-06 6.948800868149758172e-16
4.892783505154639170e-06 7.725447639717849468e-16
4.892783505154639170e-06 1.0

