# Chandra white white dwarfs https://arxiv.org/pdf/2104.12772.pdf
# C_aee = C_aphoton limit
# Mass [eV] g_agamma [GeV^-1]
1.0685868420189637e-20	5.558459596421295e-13
4.51246218162237e-7	5.585282270060484e-13
5.830153498614336e-7	5.558459596421295e-13
6.983229757584323e-7	5.558459596421295e-13
8.364359164608874e-7	5.558459596421295e-13
0.000001001864562147503	5.558459596421295e-13
0.0000012000113590697817	5.558459596421295e-13
0.0000014373472386425137	5.558459596421295e-13
0.0000017023134069855122	5.558459596421295e-13
0.000002146886583949207	5.619958841377023e-13
0.000002456074093078523	5.666529398698554e-13
0.000002925287432882697	5.676457506554614e-13
0.0000035038450112246714	5.764073809377366e-13
0.000004196828566205487	5.858167673810429e-13
0.00000497048823207032	5.945985955060819e-13
0.000005718480871076375	6.061590200330588e-13
0.000006309105468352373	6.175193881455417e-13
0.000007171351248626733	6.342184923515033e-13
0.000008073009599987066	6.642160480591879e-13
0.000021296503545624435	1.329428495671971e-12
0.00002343935942179506	1.496616329103683e-12
0.000026090457322962264	1.6918605879007124e-12
0.00002920565195241616	1.9092539706974807e-12
0.00003325063174885626	2.11914963363151e-12
0.0000387195177603613	2.270864881572167e-12
0.000045857223935482264	2.3517772810940996e-12
0.00005275812870529507	2.3803260506340456e-12
0.00005767811095588609	2.4152286256815807e-12
0.00006616216451463139	2.473274019805881e-12
0.00007791808400247126	2.5478707406631574e-12
0.00009332856896295002	2.628280646692482e-12
0.00011053311957550956	2.735062827101928e-12
0.00013090922381917298	2.8712043341769475e-12
0.00015504153819915613	3.044614438537078e-12
0.0001836224970699108	3.2313248963714083e-12
0.0002150330367859528	3.4596341468956443e-12
0.00025181667631817483	3.705695963509684e-12
0.0002932341359617056	3.9795205803007825e-12
0.0003433948876163225	4.318890574406706e-12
0.0003976258431643605	4.714356863229513e-12
0.0004578319746322864	5.1716969736931675e-12
0.0005271541591149951	5.671583207855238e-12
0.0006001649560218287	6.290045447973567e-12
0.0007648721405771307	7.426462823913747e-12
0.0009007772363230236	8.509452249820362e-12
0.001019767431287197	9.470240576506333e-12
0.001154475903675218	1.0539509940701564e-11
0.0013069789946952629	1.1855660778376183e-11
0.0014630319873540157	1.334330484759565e-11
0.0016377176715989333	1.4969499144621353e-11
0.0018540556708087034	1.6838857297857476e-11
0.002075429493310794	1.8820467142100932e-11
0.0023495880200643353	2.1193385584780258e-11
0.002630128291586973	2.3674773072977046e-11
0.00297756100366818	2.6645475120759062e-11
0.0033330811056226568	2.9765210205897577e-11
0.0037521514189365595	3.3388333379160355e-11
0.004223911697461557	3.7462493193400414e-11
0.004781878813109411	4.214072700837716e-11
0.00535283404830904	4.71250802865404e-11
0.006059928700943834	5.2953278741405835e-11
0.006783482800068011	5.921652731876807e-11
0.007679562217228987	6.664699596259176e-11
0.008645118242571057	7.40808065044838e-11
