# FASER 90% CL 
# data sent by author 
# https://arxiv.org/pdf/2410.10363
# mass [eV]	photon coupling [GeV^-1]
1.017230468865171820e+07 5.805225516094895130e-04
1.018666744844563119e+07 5.798553406538996171e-04
1.037681937052217498e+07 5.698441619860099066e-04
1.054221440655273944e+07 5.607169938205452302e-04
1.057052081000983156e+07 5.591639991129105682e-04
1.076783802484442294e+07 5.480734840718417969e-04
1.088662321837295033e+07 5.415871378079470779e-04
1.096883850978177786e+07 5.371282715803274519e-04
1.117359101948508434e+07 5.265501407651744514e-04
1.124428855066158995e+07 5.231099308056263780e-04
1.138216559204331227e+07 5.164481619849786796e-04
1.159463357292854413e+07 5.068896369463197485e-04
1.163267550361883827e+07 5.052631065335679277e-04
1.181106763940060511e+07 4.976823123669980951e-04
1.203154182536717132e+07 4.888878607053845924e-04
1.205392375919917971e+07 4.880251583654428337e-04
1.225613154670798220e+07 4.802723680269711608e-04
1.248491362707177736e+07 4.719489876458463204e-04
1.250102509787433222e+07 4.713753134116723800e-04
1.271796632415472902e+07 4.636895516113785751e-04
1.295536935646947101e+07 4.556331196648864997e-04
1.296552068454524130e+07 4.552935074866952514e-04
1.319720393061374873e+07 4.475777454587380878e-04
1.344206420049013942e+07 4.397603609302721379e-04
1.344355276904818043e+07 4.397130631695787221e-04
1.369450013839241304e+07 4.318534890035665894e-04
1.393117468532075174e+07 4.247571552536894067e-04
1.395013187824961729e+07 4.241916482939607556e-04
1.421053543056890182e+07 4.165532837706014259e-04
1.443398660281059705e+07 4.102658105827190456e-04
1.447579986955595203e+07 4.090948879626040368e-04
1.474601593214190565e+07 4.016838570851562207e-04
1.495161573688113503e+07 3.962688638701474214e-04
1.502127604902105965e+07 3.944429663503419255e-04
1.530167437626788020e+07 3.872731679856388442e-04
1.548526031656372733e+07 3.827494478516315301e-04
1.558730682754425332e+07 3.802474716236903577e-04
1.587827110690793581e+07 3.733062806606939109e-04
1.603491682096606307e+07 3.696912707195024335e-04
1.617466674223337322e+07 3.664837500735101603e-04
1.647659511925648339e+07 3.597673025742838650e-04
1.660112104326348193e+07 3.570785964900462521e-04
1.678415951625480875e+07 3.531487469140469023e-04
1.709746513937517256e+07 3.466623917880294506e-04
1.718527812725982815e+07 3.448962260405759859e-04
1.741661915862070024e+07 3.402693060723956499e-04
1.774173074450960010e+07 3.340583676627714087e-04
1.779189990421323851e+07 3.331294787934673722e-04
1.807291110541829839e+07 3.279582547725729859e-04
1.841027352562160045e+07 3.220799562826527998e-04
1.842897956557472423e+07 3.217641750250735269e-04
1.875393340404298529e+07 3.163098255963228841e-04
1.910284603595025092e+07 3.107866187782013824e-04
1.910400829372818023e+07 3.107683239032426096e-04
1.946061794205562398e+07 3.053229045093787072e-04
1.981706719586792216e+07 3.001835813575591885e-04
1.982388433169749007e+07 3.000858122722252952e-04
2.019393172234541923e+07 2.949072604823977099e-04
2.056593035882434994e+07 2.899422853882875021e-04
2.057088669321495667e+07 2.898764278591213972e-04
2.095487818634361401e+07 2.848530420277238084e-04
2.133782039381997660e+07 2.800503894183627943e-04
2.134603755069699138e+07 2.799477976818079308e-04
2.174449858709830046e+07 2.750497969004969548e-04
2.213133139788801968e+07 2.704959730463137079e-04
2.215039759399661422e+07 2.702726079478681579e-04
2.256387341408937052e+07 2.655115694562386872e-04
2.294866268290762603e+07 2.612675225563329258e-04
2.298506748181519657e+07 2.608677662204348865e-04
2.341412387173329294e+07 2.562511207515286594e-04
2.379255808705681562e+07 2.523539170434766117e-04
2.385118934780593961e+07 2.517528211390325271e-04
2.429641341360076889e+07 2.472904574223256562e-04
2.466520643014310300e+07 2.437444150122216669e-04
2.474994836343047023e+07 2.429332623317505063e-04
2.521194933444672450e+07 2.386107842937631204e-04
2.556592144662427902e+07 2.354286414322415328e-04
2.568257435970688984e+07 2.343850407538566286e-04
2.616198442223104462e+07 2.302097664790246905e-04
2.649861705854711309e+07 2.273965752357929887e-04
2.665034351006824523e+07 2.261344697664971189e-04
2.714781867239066213e+07 2.221263124122754460e-04
2.747032889301227778e+07 2.196385372416549177e-04
2.765458007663464174e+07 2.182234118549891873e-04
2.817080106670868769e+07 2.144102715857248856e-04
2.849269364588034898e+07 2.121451784910627597e-04
2.869665822228787839e+07 2.107167760779977441e-04
2.923233141921496019e+07 2.071231272202552203e-04
2.957916429920084774e+07 2.049074689815846004e-04
2.977800389102911949e+07 2.036425539392367108e-04
3.033386229164337739e+07 2.002464385806508617e-04
3.073416869637015089e+07 1.979166867853555218e-04
3.090009675919158012e+07 1.969547999981704361e-04
3.147690098106771708e+07 1.937315977771697430e-04
3.195816867667821422e+07 1.911644075385703697e-04
3.206447226017888263e+07 1.905993340633776100e-04
3.266301158243519440e+07 1.875010538597131229e-04
3.323869271392772719e+07 1.846424942895542453e-04
3.327272368549952284e+07 1.844739957999013530e-04
3.389381712882036716e+07 1.814622613607532896e-04
3.452650436497233808e+07 1.785258353431684326e-04
3.456683019313514233e+07 1.783430876931909215e-04
3.517100181232795119e+07 1.756121566337567582e-04
3.582752992908632010e+07 1.727697883691479844e-04
3.594886943549960107e+07 1.722585965398787497e-04
3.649631328868351877e+07 1.699568780316204977e-04
3.717758065661060810e+07 1.672103902600614563e-04
3.739005593691682816e+07 1.663816886076127221e-04
3.787156506866572052e+07 1.645073364972805764e-04
3.857850391066674888e+07 1.618667669053920676e-04
3.890074669596181810e+07 1.607052818261638333e-04
3.929863899965211749e+07 1.592738661704159683e-04
4.003221666659722477e+07 1.567316244334812550e-04
4.048536069080602378e+07 1.552225357427049451e-04
4.077948784067483246e+07 1.542454375510615835e-04
4.154070813508867472e+07 1.518137087884426431e-04
4.216102243515788764e+07 1.499268432786044034e-04
4.231613793450880796e+07 1.494561278900006054e-04
4.310604248413962126e+07 1.471577992705862671e-04
4.391069198044994473e+07 1.449452941159247866e-04
4.396161220595040172e+07 1.448118227674532956e-04
4.473036166359721124e+07 1.427996269701234822e-04
4.556533191157656908e+07 1.407436121792522005e-04
4.593987487552987039e+07 1.398713102647238687e-04
4.641588833612777293e+07 1.387640068367725370e-04
4.728232188043200225e+07 1.368570113788999867e-04
4.812739097714541107e+07 1.350993521198026509e-04
4.816492891863252223e+07 1.350213266801987685e-04
4.906401135721312463e+07 1.332444567474695175e-04
4.997987673826893419e+07 1.315363068866316082e-04
5.057322951285629719e+07 1.304901978014401636e-04
5.091283834470491856e+07 1.298914299499036220e-04
5.186321530739799887e+07 1.283069669399357956e-04
5.283133271435984224e+07 1.267815916599044647e-04
5.333182700194384158e+07 1.260382929679727457e-04
5.381752172193700820e+07 1.253160026825848037e-04
5.482211966808707267e+07 1.239176534366427662e-04
5.584547018776935339e+07 1.225895580823164587e-04
5.655588112535139173e+07 1.217382727739662078e-04
5.688792333048912138e+07 1.213393369030727663e-04
5.794983568003640324e+07 1.201815028739415238e-04
5.903157047645993531e+07 1.191186767515182895e-04
6.013349774031784385e+07 1.181645807845104119e-04
6.092788231212241948e+07 1.175849554052156934e-04
6.125599439924746007e+07 1.173440997632456721e-04
6.239944441689819843e+07 1.166909851713347654e-04
6.356423892427086085e+07 1.162213656610219261e-04
6.475077635350906849e+07 1.159736671460458141e-04
6.595946257418738306e+07 1.160043282252235262e-04
6.719071103214427829e+07 1.164000745586499409e-04
6.844494289090600610e+07 1.172988751889795703e-04
6.869087976136922836e+07 1.175849554052156934e-04
6.972258717575119436e+07 1.190997030186327215e-04
7.080334375694927573e+07 1.217382727739662078e-04
7.102408092046374083e+07 1.225172879488059053e-04
7.171028676967249811e+07 1.260382929679727457e-04
7.216857077295500040e+07 1.304901978014401636e-04
7.234685209689590335e+07 1.350993521198026509e-04
7.232927340638777614e+07 1.398713102647237332e-04
7.217182789405481517e+07 1.448118227674532956e-04
7.191269379857861996e+07 1.499268432786044034e-04
7.157833632269167900e+07 1.552225357427048096e-04
7.118728244608564675e+07 1.607052818261638333e-04
7.102408092046374083e+07 1.627007305458292316e-04
7.073566575270751119e+07 1.663816886076127221e-04
7.024479700544631481e+07 1.722585965398787497e-04
6.973340008485272527e+07 1.783430876931909215e-04
6.972258717575119436e+07 1.784612020271262407e-04
6.918249240061564744e+07 1.846424942895542453e-04
6.862339302618578076e+07 1.911644075385701799e-04
6.844494289090600610e+07 1.931695253026580140e-04
6.803932589656569064e+07 1.979166867853557386e-04
6.744283825500512123e+07 2.049074689815846004e-04
6.719071103214424849e+07 2.078015229669580397e-04
6.682689042359107733e+07 2.121451784910627597e-04
6.619951805043662339e+07 2.196385372416544840e-04
6.595946257418738306e+07 2.224675650594893619e-04
6.555913782027238607e+07 2.273965752357929887e-04
6.491638146751016378e+07 2.354286414322417768e-04
6.475077635350906849e+07 2.374811549960346145e-04
6.426680036982262135e+07 2.437444150122219108e-04
6.362086925099733472e+07 2.523539170434768285e-04
6.356423892427086085e+07 2.530995353241432600e-04
6.296480639893876016e+07 2.612675225563329258e-04
6.239944441689813137e+07 2.691769779384094912e-04
6.230776799387401342e+07 2.704959730463134368e-04
6.163723808311732113e+07 2.800503894183625233e-04
6.125599439924746007e+07 2.855386118836980092e-04
6.095956032584235072e+07 2.899422853882875021e-04
6.027649115881216526e+07 3.001835813575589175e-04
6.013349774031784385e+07 3.023253147705496214e-04
5.959087274402100593e+07 3.107866187782013824e-04
5.903157047645993531e+07 3.197222137277599225e-04
5.890882208543889970e+07 3.217641750250735269e-04
5.823106812993270159e+07 3.331294787934676975e-04
5.794983568003633618e+07 3.379217116548119361e-04
5.755499226575507224e+07 3.448962260405759859e-04
5.688792333048909158e+07 3.569165457512324369e-04
5.687921418313874304e+07 3.570785964900462521e-04
5.619981494684852660e+07 3.696912707195024335e-04
5.584547018776935339e+07 3.763510553772302287e-04
5.551690818503607064e+07 3.827494478516310964e-04
5.483214582385732234e+07 3.962688638701478009e-04
5.482211966808710247e+07 3.964666509455004053e-04
5.415203103601962328e+07 4.102658105827190456e-04
5.381752172193700820e+07 4.172718050691358511e-04
5.347454545933733881e+07 4.247571552536894067e-04
5.283133271435981244e+07 4.390564703638765429e-04
5.280076970337465405e+07 4.397603609302721379e-04
5.213063387799746543e+07 4.552935074866947636e-04
5.186321530739799887e+07 4.615784194927822310e-04
5.145938203248327225e+07 4.713753134116723800e-04
5.091283834470491856e+07 4.848225744671953177e-04
5.078714894519602507e+07 4.880251583654428337e-04
5.011959055375494063e+07 5.052631065335679277e-04
4.997987673826893419e+07 5.089263555108271969e-04
4.946120266018339247e+07 5.231099308056263780e-04
4.906401135721314698e+07 5.342264892510844741e-04
4.881181057470215112e+07 5.415871378079470779e-04
4.817228827034521848e+07 5.607169938205452302e-04
4.816492891863252223e+07 5.609414274476720065e-04
4.754827953578081727e+07 5.805225516094901636e-04
4.728232188043200225e+07 5.891613172806226114e-04
4.693198168761773407e+07 6.010276782070387777e-04
4.641588833612777293e+07 6.188990494621633264e-04
4.632310743762797862e+07 6.222570836730231293e-04
4.572755931837295741e+07 6.442363508721370797e-04
4.556533191157656908e+07 6.503428795769129744e-04
4.513994861200457066e+07 6.669919663030128912e-04
4.473036166359721124e+07 6.832225694876285348e-04
4.455211883197500557e+07 6.905513520162330802e-04
4.396153394580943137e+07 7.149428986597577062e-04
4.391069198044994473e+07 7.170527847274424556e-04
4.337681433334237337e+07 7.401959996915637120e-04
4.310604248413962126e+07 7.519049408266871353e-04
4.279239384129980206e+07 7.663410868007454382e-04
4.231613793450880796e+07 7.883447287578434180e-04
4.221419594587887824e+07 7.934096665797492082e-04
4.165755825813680142e+07 8.214343584919421961e-04
4.154070813508867472e+07 8.273881512521252726e-04
4.111891154415822774e+07 8.504489341802668476e-04
4.077948784067485482e+07 8.691985970327516416e-04
4.058578316634067148e+07 8.804883581643465056e-04
4.005509467811528593e+07 9.115888299750827617e-04
4.003221666659722477e+07 9.129426120100196228e-04
3.953065441022282839e+07 9.437878277775381061e-04
3.929863899965211749e+07 9.580612034364602379e-04
3.900035469546664506e+07 9.771241535346491917e-04
3.857850391066674888e+07 1.004202901269967340e-03
3.846764458812551945e+07 1.011637979766207094e-03
3.794205715259732306e+07 1.047370897959449794e-03
3.787156506866570562e+07 1.052224621197260556e-03
3.742897293460199982e+07 1.084365968689609758e-03
3.717758065661060810e+07 1.102821766339292077e-03
3.692043650447589904e+07 1.122667773510812412e-03
3.649631328868351877e+07 1.155587105547374680e-03
3.641320023854015023e+07 1.162322468679851794e-03
3.590863379414506257e+07 1.203377840777589310e-03
3.582752992908632010e+07 1.210003601888109959e-03
3.540487899074430019e+07 1.245883364295005550e-03
3.517100181232795119e+07 1.265839811633409726e-03
3.490048080501209199e+07 1.289890261253306665e-03
3.452650436497233808e+07 1.323644632760187035e-03
3.440138972877372056e+07 1.335451562929898745e-03
3.391184515997496992e+07 1.382622173764656327e-03
3.389381712882036716e+07 1.384404230120003451e-03
3.343690871479309723e+07 1.431458937523478591e-03
3.327272368549950048e+07 1.448603054068660270e-03
3.296390752411900833e+07 1.482020705798856985e-03
3.266301158243519440e+07 1.514854090554131625e-03
3.249016876177960634e+07 1.534368408930011527e-03
3.206447226017888263e+07 1.583040229636857241e-03
3.201792860774207115e+07 1.588565129428052810e-03
3.155807297932188585e+07 1.644676177994662709e-03
3.147690098106771708e+07 1.654801752528808163e-03
3.111164878647997975e+07 1.702769172225897850e-03
3.090009675919158012e+07 1.730968785164291703e-03
3.067427935491760820e+07 1.762914118095946191e-03
3.033386229164337739e+07 1.811443388036585974e-03
3.024325086452970281e+07 1.825183494319044218e-03
2.982316702317227423e+07 1.889652339691209534e-03
2.977800389102913439e+07 1.896727394075734680e-03
2.941826784950994700e+07 1.956398343517062703e-03
2.923233141921496019e+07 1.988545344608192659e-03
2.902555882713549212e+07 2.025501939230666629e-03
2.869665822228787839e+07 2.087588735418219408e-03
2.864751272695219517e+07 2.097046401323232872e-03
2.827883557494213805e+07 2.171117945694500759e-03
2.817080106670870259e+07 2.192934014288686669e-03
2.790326686073551700e+07 2.247805833548722956e-03
2.765458007663462684e+07 2.295267812906656192e-03
2.749401544000001997e+07 2.327202478960407363e-03
2.714781867239066213e+07 2.388157910678054795e-03
2.703546800338497758e+07 2.409403560239521940e-03
2.665034351006826013e+07 2.474440723620573677e-03
2.654424766624335572e+07 2.494508135230313808e-03
2.616198442223104462e+07 2.563438141068894328e-03
2.607033117645344511e+07 2.582618760682677504e-03
2.568257435970688984e+07 2.667277306407268064e-03
2.565625430738078803e+07 2.673841615839946464e-03
2.530698957478401437e+07 2.768286630392066683e-03
2.521194933444672450e+07 2.797941081144445299e-03
2.499940426818831638e+07 2.866067616948250220e-03
2.474994836343047023e+07 2.957295091863144671e-03
2.472056761281600222e+07 2.967302408188869645e-03
2.443159253204895929e+07 3.072112998861756001e-03
2.429641341360076889e+07 3.123998286749994635e-03
2.412634947278511524e+07 3.180625692794119240e-03
2.385118934780592844e+07 3.274694447783675459e-03
2.379240710687911883e+07 3.292971255097148272e-03
2.343101724962372705e+07 3.409285069746810937e-03
2.341412387173330411e+07 3.414964835439979283e-03
2.307155740465221927e+07 3.529707302730646524e-03
2.298506748181519657e+07 3.559893510549753254e-03
2.272771140548047051e+07 3.654383070957258062e-03
2.256387341408937052e+07 3.715841573958904385e-03
2.239289097700273618e+07 3.783462617131928916e-03
2.215039759399661422e+07 3.879239582482876206e-03
2.205790409276193380e+07 3.917101490809260511e-03
2.174449858709830046e+07 4.044262680913628290e-03
2.171797043589260429e+07 4.055460735840827821e-03
2.138006149647774920e+07 4.198707084443913974e-03
2.134603755069699138e+07 4.213161179378636066e-03
2.105686221268200502e+07 4.347013158125022023e-03
2.095487818634361401e+07 4.395875131847755413e-03
2.075253159123928100e+07 4.500557675700497806e-03
2.057088669321495667e+07 4.599764850390997313e-03
2.046400933483649418e+07 4.659525668664677746e-03
2.019393172234541923e+07 4.817905351994214956e-03
2.018297309078981355e+07 4.824108704165368938e-03
1.988997841102769598e+07 4.994505115855135159e-03
1.982388433169749007e+07 5.033684934364324702e-03
1.957920670442983508e+07 5.170920242896760721e-03
1.946061794205562398e+07 5.237110416276983052e-03
1.925711714188076556e+07 5.353566677410724443e-03
1.910400829372818023e+07 5.441142075018678276e-03
1.894287275632511824e+07 5.542664520663107344e-03
1.875393340404298529e+07 5.663739061899535077e-03
1.864775644594349340e+07 5.738441648302393047e-03
1.841027352562160045e+07 5.910358818947094271e-03
1.836965712177808955e+07 5.941133984965033497e-03
1.810074650187315792e+07 6.150985788580498083e-03
1.807291110541829839e+07 6.173469005055779585e-03
1.783277828781746328e+07 6.368249944718586651e-03
1.774173074450960010e+07 6.442865715734591263e-03
1.756338254369105399e+07 6.593188271333541399e-03
1.741661915862070024e+07 6.716436100030966257e-03
1.729441775988215208e+07 6.826071834272385945e-03
1.709746513937518001e+07 7.002546602878913576e-03
1.703024181847198680e+07 7.067181273927484499e-03
1.678415951625480875e+07 7.307147293620662454e-03
1.677467947702968866e+07 7.316807143427199629e-03
1.652994487634508684e+07 7.575250258771912271e-03
1.647659511925648339e+07 7.634734816120883338e-03
1.629361553293734789e+07 7.842822061337682490e-03
1.617466674223337322e+07 7.985801011711373895e-03
1.606554079613824002e+07 8.119844993184008319e-03
1.587827110690793581e+07 8.357958933352001990e-03
1.584124598150992207e+07 8.406652885618325771e-03
1.561628371365497634e+07 8.703591361485156150e-03
1.558730682754425332e+07 8.740742198235779484e-03
1.538382902303047664e+07 9.011018251665017798e-03
1.530167437626788020e+07 9.115392993870858815e-03
1.513955624235553481e+07 9.329304026284675894e-03
1.502127604902105965e+07 9.481756169327910239e-03
1.489228411461878009e+07 9.658832241158698054e-03
1.474601593214190565e+07 9.864553323139152452e-03
