# HAYSTAC Phase I
# https://arxiv.org/pdf/1803.03690
# https://arxiv.org/abs/1610.02580
# mass [eV] photon coupling [GeV^-1]
2.315644171779141289e-05 8.892073619631903091e-05
2.315644171779141289e-05 3.372488039244690196e-14
2.315644171779141289e-05 2.916033596790022264e-14
2.316257668711656421e-05 2.712243149118413835e-14
2.316871165644171892e-05 2.616098920671389505e-14
2.317484662576687363e-05 2.648697145504739110e-14
2.318711656441717965e-05 2.650099500049016801e-14
2.319325153374233436e-05 2.650800677321155962e-14
2.319631901840491002e-05 2.651151265957225227e-14
2.320858895705521605e-05 2.557847794560644020e-14
2.321165644171779510e-05 2.437134308884690383e-14
2.321472392638037076e-05 2.527704645721047646e-14
2.322392638036810113e-05 2.559538151284514629e-14
2.323926380368098281e-05 2.561228508008384921e-14
2.324539877300613752e-05 2.531044636003448582e-14
2.325153374233128884e-05 2.531712634059928139e-14
2.326380368098159826e-05 2.502536207344162547e-14
2.327300613496932863e-05 2.503526134641371470e-14
2.327607361963190429e-05 2.473695332823527551e-14
2.328527607361963466e-05 2.444864085997579564e-14
2.329141104294478936e-05 2.445508234090320724e-14
2.330368098159509200e-05 2.388204653128045758e-14
2.331288343558282237e-05 2.447762752414912888e-14
2.331901840490797708e-05 2.304452736651214878e-14
2.332822085889570745e-05 2.449373122646764841e-14
2.334049079754601348e-05 2.421141410202820197e-14
2.334969325153374384e-05 2.422095993489797331e-14
2.335889570552147421e-05 2.452593863110468429e-14
2.336809815950920458e-05 2.483475361814659264e-14
2.337730061349693495e-05 2.454526307388690961e-14
2.338650306748466532e-05 2.515735237973614853e-14
2.339263803680981664e-05 2.456136677620542913e-14
2.339877300613497135e-05 2.547744587415452947e-14
2.340490797546012605e-05 2.398578584094641730e-14
2.341104294478527737e-05 2.518375044099504998e-14
2.341717791411043208e-05 2.580836646005281264e-14
2.342638036809816245e-05 2.520024922928186852e-14
2.343865030674846848e-05 2.431323631930575557e-14
2.344171779141104414e-05 2.521674801756868075e-14
2.344785276073619885e-05 2.432278215217552691e-14
2.345705521472392921e-05 2.346357524765412351e-14
2.346319018404908053e-05 2.433869187362514160e-14
2.346932515337423524e-05 2.434505576220499126e-14
2.347239263803681090e-05 2.464510602826172622e-14
2.347852760736196561e-05 2.105829158213394031e-14
2.348159509202454127e-05 2.210713704734010250e-14
2.348773006134969598e-05 2.496189399503130427e-14
2.349693251533742635e-05 2.322034722802986410e-14
2.350000000000000201e-05 2.437687520510422695e-14
2.350613496932515333e-05 2.322944135879802408e-14
2.351380368098159756e-05 2.380711357748322820e-14
2.352147239263803840e-05 2.381487794822798069e-14
2.352760736196319311e-05 2.721800920831641309e-14
2.353680981595092348e-05 2.657662785424543019e-14
2.354294478527607480e-05 2.690767781833073624e-14
2.354907975460122951e-05 2.627018067235949116e-14
2.355214723926380517e-05 2.244391287700552439e-14
2.355828220858895988e-05 2.138745234458453027e-14
2.357055214723926590e-05 2.192358168112681055e-14
2.357361963190184156e-05 2.063726937472879385e-14
2.357975460122699627e-05 2.219955094486000935e-14
2.358588957055214759e-05 2.141251576530083790e-14
2.358895705521472664e-05 2.663550999597906355e-14
2.359509202453987796e-05 2.116284019463995966e-14
2.360122699386503267e-05 2.142643988792101266e-14
2.360429447852760833e-05 2.222265441923998686e-14
2.361042944785276304e-05 2.196067259235203520e-14
2.361656441717791775e-05 2.196637888638668928e-14
2.362269938650306907e-05 2.197208518042133704e-14
2.363190184049079943e-05 2.251991466585706294e-14
2.363803680981595075e-05 2.280040854915865965e-14
2.364417177914110546e-05 2.172714680061558784e-14
2.364723926380368112e-05 2.045235154188688275e-14
2.365337423312883583e-05 2.095956293496549562e-14
2.365950920245399054e-05 2.096499921117739445e-14
2.366871165644172091e-05 2.174969703081861490e-14
2.367791411042945127e-05 2.175815336714475241e-14
2.368098159509202693e-05 2.149884532554590942e-14
2.369325153374233296e-05 2.177224726102163880e-14
2.370552147239263899e-05 2.231795625105738932e-14
2.371472392638036936e-05 2.232662005394987930e-14
2.372085889570552407e-05 2.179761627000004503e-14
2.372699386503067539e-05 2.233817179113987121e-14
2.373006134969325444e-05 2.180607260632617939e-14
2.374233128834356046e-05 2.235261146262735557e-14
2.375153374233129083e-05 2.209191735514899683e-14
2.375766871165644215e-05 1.798340348720044986e-14
2.376380368098159686e-05 2.264560993203461742e-14
2.376993865030675157e-05 2.184271673040609600e-14
2.377300613496932723e-05 1.958818847874627872e-14
2.377914110429447855e-05 2.031869491253138082e-14
2.378834355828220892e-05 2.032655818455635156e-14
2.380061349693251833e-05 2.109003356405100133e-14
2.380981595092024870e-05 2.135542974399315636e-14
2.381901840490797568e-05 2.188781719081214696e-14
2.383435582822086076e-05 2.190191108468903966e-14
2.384355828220859113e-05 2.244791329444476119e-14
2.384969325153374245e-05 2.245368916303974925e-14
2.385582822085889715e-05 2.273330430378639632e-14
2.386196319018405186e-05 2.329702971852494122e-14
2.387116564417178223e-05 2.387780078164566152e-14
2.387423312883435789e-05 2.220604323584200255e-14
2.388343558282208826e-05 2.248545644031221989e-14
2.388650306748466392e-05 2.276253576103699244e-14
2.389877300613497333e-05 2.277422834393722962e-14
2.390490797546012465e-05 2.333895778332238839e-14
2.391411042944785502e-05 2.363261448951969142e-14
2.392331288343558539e-05 2.335692695394986800e-14
2.392638036809816105e-05 2.422483672354958378e-14
2.393558282208589142e-05 2.423415396844325837e-14
2.393865030674846708e-05 2.513465857874471082e-14
2.394478527607362179e-05 2.453906215916483653e-14
2.394785276073619745e-05 2.576120803103359152e-14
2.395092024539877650e-05 2.514754154059953085e-14
2.396012269938650686e-05 2.608866409583391181e-14
2.396012269938650686e-05 2.485416684859275922e-14
2.396932515337423384e-05 2.578430633463513305e-14
2.397239263803680950e-05 2.517008672384545250e-14
2.397546012269938855e-05 2.610536404724591176e-14
2.397852760736196421e-05 2.842021901861590128e-14
2.398466257668711892e-05 2.948003503552027132e-14
2.398466257668711892e-05 2.675609517743635069e-14
2.398466257668711892e-05 9.210110429447853503e-05
