# HAYSTAC Phase IIc/d
# https://arxiv.org/pdf/2409.08998
# mass [eV]	photon coupling [GeV^-1]
1.726219512195122145e-05 6.628682926829270177e-05
1.726219512195122145e-05 1.143587371758653637e-14
1.726829268292682921e-05 1.050946541514116666e-14
1.727439024390244035e-05 1.077110517569946570e-14
1.727743902439024423e-05 1.013960693148555255e-14
1.728353658536585538e-05 1.201872987828629314e-14
1.728963414634146313e-05 1.357198414835697485e-14
1.729268292682926701e-05 9.436809363187632812e-15
1.729878048780487815e-05 1.052802026227241815e-14
1.730182926829268203e-05 1.203145035443194622e-14
1.730335365853658566e-05 1.247802120106318625e-14
1.730487804878048930e-05 1.358395027791821434e-14
1.731097560975609705e-05 1.248351764243445965e-14
1.731250000000000069e-05 1.203887063218357942e-14
1.731402439024390432e-05 1.534218248475416718e-14
1.732469512195121959e-05 1.190223179881602293e-14
1.732621951219512322e-05 1.327501549576757756e-14
1.733536585365853485e-05 1.517605783149577763e-14
1.733841463414634212e-05 1.672401732994534262e-14
1.734298780487804963e-05 1.464065160942804969e-14
1.734756097560975714e-05 1.412164977448304472e-14
1.735670731707317216e-05 1.379075484384760460e-14
1.735670731707317216e-05 1.095438595062879870e-14
1.736280487804877992e-05 1.396380388258464706e-14
1.736585365853658718e-05 1.557573013221931693e-14
1.737042682926829131e-05 1.222642840971840155e-14
1.737499999999999882e-05 1.193679173276770994e-14
1.737957317073170633e-05 1.151363442725221453e-14
1.738414634146341384e-05 1.057997383423992455e-14
1.738719512195122110e-05 1.124285324339901416e-14
1.738719512195122110e-05 9.374091175448246371e-15
1.739024390243902498e-05 9.841424161501416600e-15
1.739329268292682886e-05 1.152272334136898113e-14
1.739329268292682886e-05 1.209505273516021951e-14
1.739939024390244000e-05 1.301184668342548177e-14
1.739939024390244000e-05 1.504862541935178450e-14
1.740548780487804776e-05 1.542322940754737116e-14
1.741463414634146278e-05 1.524545239773195195e-14
1.741768292682927005e-05 1.417873201434475121e-14
1.741768292682927005e-05 1.286862457300594936e-14
1.742378048780487780e-05 1.182611332726775756e-14
1.742682926829268168e-05 1.060595062022367696e-14
1.742987804878048895e-05 1.140786886437063093e-14
1.743140243902438919e-05 1.272362680403476973e-14
1.743597560975609670e-05 1.419362303343910847e-14
1.743902439024390397e-05 1.100633894916506950e-14
1.744817073170731560e-05 1.128228109976723534e-14
1.745426829268292675e-05 1.075216770425587398e-14
1.746036585365853789e-05 1.156715803260651353e-14
1.746036585365853789e-05 1.404226599395298991e-14
1.746646341463414565e-05 1.089086861129231160e-14
1.746646341463414565e-05 1.050202493285584146e-14
1.747256097560975679e-05 1.089467062512065694e-14
1.747560975609756067e-05 1.322818940035835446e-14
1.748170731707317181e-05 1.215653503653088579e-14
1.748780487804877957e-05 1.077282689111121327e-14
1.748780487804877957e-05 1.587635253406972991e-14
1.749695121951219459e-05 1.173272438064853623e-14
1.749999999999999847e-05 1.550697789443368363e-14
1.749999999999999847e-05 1.324665163259891064e-14
1.750304878048780573e-05 1.667945168312922719e-14
1.751219512195122075e-05 1.533086109463801362e-14
1.751829268292682851e-05 1.669397829145802741e-14
1.752439024390243965e-05 1.590956666071004512e-14
1.753048780487804741e-05 1.516201089211017242e-14
1.753353658536585468e-05 1.175725699827665784e-14
1.753963414634146243e-05 1.264841088357263962e-14
1.753963414634146243e-05 1.498718871021660929e-14
1.754878048780487745e-05 1.220317678239828725e-14
1.755487804878048860e-05 1.574526932958546669e-14
1.755792682926829248e-05 1.191716301867629220e-14
1.756249999999999999e-05 1.163481994880912454e-14
1.756707317073170750e-05 1.135916541968527327e-14
1.757012195121951137e-05 1.447721244932447669e-14
1.757317073170731864e-05 1.519892709254313923e-14
1.757621951219512252e-05 1.595662000678382369e-14
1.757621951219512252e-05 1.674917940310747205e-14
1.758536585365853754e-05 1.596492353844390170e-14
1.758841463414634142e-05 1.315320545237106644e-14
1.759451219512195256e-05 1.616798223763042205e-14
1.760060975609756032e-05 1.398454728851786694e-14
1.760365853658536758e-05 1.284936093860896689e-14
1.760365853658536758e-05 1.071356873358494101e-14
1.760975609756097534e-05 9.845606174605607567e-15
1.761585365853658648e-05 1.111794168676149629e-14
1.761585365853658648e-05 1.270337529728536575e-14
1.762195121951219424e-05 1.046788404658306405e-14
1.762804878048780538e-05 1.383763222461647514e-14
1.763109756097560926e-05 1.659908913972786178e-14
1.763414634146341314e-05 1.562584671453038744e-14
1.764024390243902428e-05 1.701515109390957276e-14
1.764481707317073179e-05 1.489545067936448120e-14
1.764634146341463543e-05 1.257207478442175541e-14
1.764939024390243930e-05 1.183494362076570460e-14
1.765548780487804706e-05 1.288719244812686381e-14
1.765853658536585433e-05 1.682762308808299831e-14
1.766768292682926935e-05 1.420899798061071631e-14
1.767073170731707323e-05 1.228797995670265426e-14
1.767378048780487710e-05 1.199579684307457312e-14
1.767378048780487710e-05 1.274514825170703697e-14
1.768292682926829213e-05 1.185743185359148130e-14
1.768597560975609600e-05 1.076366682083931863e-14
1.769207317073170715e-05 1.157947577749567363e-14
1.770121951219512217e-05 1.216090766809077621e-14
1.770731707317072992e-05 1.261551664615092218e-14
1.771646341463414495e-05 1.187992008641725800e-14
1.771951219512195221e-05 1.309162366852976882e-14
1.772560975609755997e-05 1.391421545380840346e-14
1.772560975609755997e-05 1.496365447081210713e-14
1.773170731707317111e-05 1.609778004500515307e-14
1.773780487804878226e-05 1.534131815135599994e-14
1.774390243902439001e-05 1.516173097400672016e-14
1.775000000000000116e-05 1.444925219455892643e-14
1.775609756097560891e-05 1.162137979116574350e-14
1.775914634146341618e-05 1.250003431094510005e-14
1.776829268292682781e-05 1.555505892401642394e-14
1.778658536585365785e-05 1.557107305468631129e-14
1.778658536585365785e-05 1.164133408338958487e-14
1.779878048780487675e-05 1.397165287570234892e-14
1.779878048780487675e-05 1.558174914179956742e-14
1.781402439024390292e-05 1.045451266996119343e-14
1.782012195121951068e-05 1.071466848185414311e-14
1.782317073170731794e-05 1.522946379279094460e-14
1.783231707317073296e-05 1.599410911926804598e-14
1.784146341463414798e-05 1.302294080580874100e-14
1.784146341463414798e-05 1.085829654120870647e-14
1.784451219512195186e-05 1.034625726567759120e-14
1.785060975609755962e-05 1.256441217005726162e-14
1.785670731707317076e-05 1.489274351018464399e-14
1.786585365853658578e-05 1.127572486750127524e-14
1.786585365853658578e-05 1.602418865428461834e-14
1.787195121951219354e-05 1.036216642600410630e-14
1.787500000000000081e-05 1.622786870767971493e-14
1.788109756097560856e-05 1.527896085267172193e-14
1.789024390243902358e-05 1.624170792711317513e-14
1.789024390243902358e-05 1.370716011422912832e-14
1.789634146341463473e-05 1.185598352565046865e-14
1.790243902439024248e-05 6.874536585365853222e-05
1.807926829268292839e-05 6.942439024390245096e-05
1.807926829268292839e-05 1.454001001294590971e-14
1.808231707317073226e-05 1.319874605592133202e-14
1.808536585365853614e-05 1.212729064750080481e-14
1.808841463414634002e-05 1.320319682174696741e-14
1.809146341463414729e-05 1.184087700562800959e-14
1.809756097560975504e-05 1.491180515342531423e-14
1.810365853658536618e-05 1.274252424693424775e-14
1.810670731707317006e-05 1.214160134111720816e-14
1.810975609756097733e-05 1.274681610420839290e-14
1.811585365853658508e-05 1.185684043940708300e-14
1.812500000000000011e-05 1.388702571218339693e-14
1.812804878048780398e-05 1.158070282166467568e-14
1.813414634146341513e-05 1.686703968795849710e-14
1.813719512195121901e-05 1.792369996378605641e-14
1.813719512195121901e-05 6.964682926829268315e-05
1.817378048780487909e-05 6.978731707317073951e-05
1.817682926829268297e-05 1.479670930676061676e-14
1.818292682926829073e-05 1.670868931991471296e-14
1.818902439024390187e-05 1.295870735381136567e-14
1.819512195121951301e-05 1.651849231578245487e-14
1.820121951219512077e-05 1.250441246615603339e-14
1.820426829268292804e-05 1.593672903831538901e-14
1.821341463414634306e-05 1.297608409850303395e-14
1.821951219512195081e-05 1.556812788671205732e-14
1.823170731707316971e-05 1.737382356124591007e-14
1.823475609756097698e-05 1.577112819925407904e-14
1.824390243902438861e-05 1.151432382374191655e-14
1.824390243902438861e-05 1.432106385889051776e-14
1.825914634146341478e-05 1.522838328196957994e-14
1.826524390243902592e-05 1.333226903069039073e-14
1.827743902439024482e-05 1.181849994637508067e-14
1.827743902439024482e-05 1.366848096497910763e-14
1.828658536585365984e-05 1.640155009358347169e-14
1.829878048780487874e-05 1.368444082598909215e-14
1.830792682926829376e-05 1.273107654244296656e-14
1.832012195121951266e-05 1.258609958276911479e-14
1.832012195121951266e-05 1.184609944583283739e-14
1.832012195121951266e-05 1.353536934346100949e-14
1.832621951219512042e-05 1.337677668894674153e-14
1.833231707317073156e-05 1.306079572887491428e-14
1.834146341463414659e-05 1.705987067295869377e-14
1.835365853658536549e-05 1.144406162331641121e-14
1.836280487804878051e-05 1.646991267316659787e-14
1.836585365853658438e-05 1.687678478590983155e-14
1.837804878048780667e-05 1.570359352428050304e-14
1.838719512195121831e-05 1.391821533034913410e-14
1.839634146341463333e-05 1.840145483979707261e-14
1.840548780487804835e-05 1.327280662334921254e-14
1.840548780487804835e-05 1.204640621553358466e-14
1.841158536585365949e-05 1.249657014582151996e-14
1.841768292682926725e-05 1.220136226208764497e-14
1.842378048780487839e-05 1.446226418771313965e-14
1.842987804878048954e-05 1.361645992365149001e-14
1.843597560975609729e-05 1.429751323228565593e-14
1.844817073170731619e-05 1.396437091095052531e-14
1.844817073170731619e-05 7.084097560975610123e-05
1.870121951219512276e-05 7.181268292682928712e-05
1.870426829268292664e-05 1.870946725922357587e-14
1.870731707317073051e-05 1.598494523307650351e-14
1.871341463414634166e-05 1.416514768656657191e-14
1.871951219512194941e-05 1.301728725572020107e-14
1.872560975609756056e-05 1.806205634614459196e-14
1.873170731707317170e-05 1.721297571790006872e-14
1.873475609756097558e-05 1.829120957464807115e-14
1.874085365853658672e-05 1.660651448032819859e-14
1.874999999999999836e-05 1.765249839345086482e-14
1.875914634146341338e-05 1.602923207612772317e-14
1.877134146341463228e-05 1.788806549608546197e-14
1.877743902439024342e-05 1.456232578099013490e-14
1.878353658536585457e-05 1.833883518135179412e-14
1.878963414634146232e-05 1.747672589053265096e-14
1.879573170731707347e-05 1.791130806941154359e-14
1.880487804878048849e-05 1.440793517119381128e-14
1.880792682926829237e-05 1.814145646358938516e-14
1.881402439024390351e-05 1.569115933094578277e-14
1.882012195121951127e-05 1.750508338832679706e-14
1.883231707317073016e-05 1.609175467808238994e-14
1.883231707317073016e-05 1.293798254664083935e-14
1.884146341463414519e-05 1.669566609540072487e-14
1.885060975609756021e-05 1.650256165531804287e-14
1.885365853658536747e-05 1.343222364665931735e-14
1.885975609756097523e-05 1.691563669204857739e-14
1.886280487804877911e-05 1.517015884487290719e-14
1.886890243902439025e-05 1.205398078763583686e-14
1.887195121951219413e-05 1.445932534203788397e-14
1.887499999999999801e-05 1.235370231578075371e-14
1.888109756097560915e-05 1.464271530470399482e-14
1.889024390243902417e-05 1.362238029456215325e-14
1.889329268292682805e-05 1.483082097819928820e-14
1.889939024390243920e-05 1.715786425360848400e-14
1.890548780487805034e-05 1.363337317730470005e-14
1.891463414634146197e-05 1.315297233460718829e-14
1.892073170731707312e-05 1.656394915621927667e-14
1.892682926829268087e-05 1.209098606069530949e-14
1.893292682926829202e-05 1.468291006656092477e-14
1.893902439024390316e-05 1.125025877117197134e-14
1.895426829268292594e-05 1.167619678905830092e-14
1.895731707317073320e-05 1.524616901526099066e-14
1.896951219512195210e-05 1.241556062167466811e-14
1.897560975609755986e-05 1.563528896140821403e-14
1.897865853658536374e-05 1.183376804072170218e-14
1.899085365853658602e-05 1.583863741248764704e-14
1.899695121951219378e-05 1.024197126323303521e-14
1.900304878048780492e-05 1.387081169559225306e-14
1.900914634146341607e-05 1.664135078779039151e-14
1.901524390243902382e-05 1.275082801221553017e-14
1.902134146341463497e-05 1.511338827872215296e-14
1.902439024390243885e-05 1.103035115971777993e-14
1.902743902439024272e-05 1.144058956291731577e-14
1.903963414634146162e-05 1.231134815097787543e-14
1.904573170731707277e-05 1.324413574698438105e-14
1.904573170731707277e-05 1.793091991282724505e-14
1.905182926829268391e-05 2.000368516282131599e-14
1.905792682926829167e-05 1.794240121259534489e-14
1.906097560975609893e-05 1.374550058127866198e-14
1.906402439024390281e-05 1.709884840533135239e-14
1.907012195121951395e-05 1.861863562073616179e-14
1.907926829268292559e-05 1.359295853505724465e-14
1.908841463414634061e-05 2.103758197620535284e-14
1.909451219512195175e-05 1.554374209799425255e-14
1.909756097560975563e-05 1.797971543684165992e-14
1.910365853658536677e-05 1.536386218231350415e-14
1.910975609756097453e-05 2.055676586832527009e-14
1.911280487804878180e-05 1.500313324388112929e-14
1.911890243902438955e-05 1.866626122743988160e-14
1.911890243902438955e-05 1.653582092250833115e-14
1.912804878048780457e-05 1.822798813097940803e-14
1.913719512195121960e-05 1.596068823859125983e-14
1.913719512195121960e-05 1.845905693336854531e-14
1.914634146341463462e-05 1.253129551657295151e-14
1.914634146341463462e-05 1.414580121100601243e-14
1.915243902439024237e-05 1.697122563289762915e-14
1.916158536585365740e-05 1.916691144649065545e-14
1.916463414634146466e-05 1.617845407697366854e-14
1.917073170731707242e-05 1.917606033023599660e-14
1.917378048780487629e-05 1.849434587445511761e-14
1.918597560975609858e-05 1.828318924262885267e-14
1.919207317073170634e-05 1.435247500826413147e-14
1.920426829268292524e-05 1.582369620307042594e-14
1.921646341463414753e-05 1.061449714639274550e-14
1.921951219512195140e-05 1.602934182827454261e-14
1.922865853658536643e-05 1.877341884252325511e-14
1.923170731707317030e-05 1.546684370348445188e-14
1.923170731707317030e-05 1.455747012167838465e-14
1.923170731707317030e-05 1.420887166226527540e-14
1.924085365853658532e-05 1.404439156279203033e-14
1.925000000000000035e-05 1.338618106394419401e-14
1.925000000000000035e-05 1.457131679585880296e-14
1.925609756097560810e-05 1.857374599189990765e-14
1.926524390243902312e-05 1.707118350434258936e-14
1.926524390243902312e-05 1.791910285612134281e-14
1.927439024390243815e-05 1.749830905167169518e-14
1.928048780487804929e-05 1.793328160501841586e-14
1.928048780487804929e-05 1.588649861695783517e-14
1.929268292682926819e-05 1.838487550093045739e-14
1.929573170731707207e-05 1.533140477897619633e-14
1.930487804878048709e-05 1.710630383755297754e-14
1.931402439024390211e-05 1.279517131771647622e-14
1.932317073170731713e-05 1.671249131029465857e-14
1.932621951219512101e-05 1.311736349633426275e-14
1.933231707317073215e-05 1.554775775583305727e-14
1.933841463414633991e-05 1.121242266123235179e-14
1.933841463414633991e-05 1.344766336531485871e-14
1.935060975609756220e-05 1.163490177148473194e-14
1.935365853658536608e-05 1.412673073056628120e-14
1.935975609756097383e-05 1.538227529570213789e-14
1.936585365853658498e-05 1.330452730067388892e-14
1.936890243902438885e-05 1.136702361668038102e-14
1.937500000000000000e-05 1.596437361017821517e-14
1.937804878048780387e-05 1.449155379706542272e-14
1.938719512195121890e-05 1.697230948830138207e-14
1.939634146341463392e-05 1.381885621604892761e-14
1.940548780487804894e-05 1.579688942259834167e-14
1.941158536585365670e-05 1.487278262564704322e-14
1.941768292682926784e-05 1.153459402987673457e-14
1.942682926829268286e-05 1.721436640127725689e-14
1.942987804878048674e-05 1.807223334420973492e-14
1.943292682926829401e-05 1.488913404364289170e-14
1.943597560975609788e-05 1.660756614420839395e-14
1.944512195121951290e-05 1.288202094149892571e-14
1.945426829268292454e-05 1.682587678305304333e-14
1.946036585365853568e-05 1.994334556844774591e-14
1.946646341463414683e-05 2.335366920743767569e-14
1.946646341463414683e-05 2.767192263989620930e-14
1.946646341463414683e-05 7.475121951219512652e-05
