# HAYSTAC highres limits
# 2008.01853
# m_a [eV]  g_ap [GeV^-1]
1.695845389902066685e-05 1.001340408452551735e-14
1.695959971603800090e-05 1.000188581569748603e-14
1.695971545684565204e-05 9.831803949991669052e-15
1.695989581046200467e-05 9.656981899122047354e-15
1.696021437956891012e-05 9.479436067449753094e-15
1.696104784747026796e-05 9.238740500896975700e-15
1.696167951938408252e-05 8.723582862883406440e-15
1.696227836810281761e-05 8.502207246180984199e-15
1.696304395847116425e-05 8.333298728848037636e-15
1.696380091993987004e-05 8.159902824166968613e-15
1.696478702522151904e-05 7.975434497966525916e-15
1.696588238031765820e-05 7.794716677393118007e-15
1.696756773665345440e-05 7.630369780555849752e-15
1.696892817600883455e-05 7.590912946852738824e-15
1.696961070165429217e-05 7.773990263930467003e-15
1.697059120731155625e-05 7.962651185936227921e-15
1.697188978687084906e-05 8.158726092263390896e-15
1.697444102699171127e-05 8.260003833169155814e-15
1.697706422765349988e-05 8.315263709245033561e-15
1.697925891160519989e-05 8.416363490557357365e-15
1.698065370116104254e-05 8.606091550626196900e-15
1.698073556579952038e-05 8.988049343696137467e-15
1.698212892687974928e-05 8.780691250426721757e-15
1.698335104898269563e-05 8.994514198799995368e-15
1.698477523545345363e-05 8.982566250476371234e-15
1.698478651884100123e-05 8.822267344896955994e-15
1.698587983256003614e-05 8.618693569416917189e-15
1.698635406832248868e-05 8.444118833470410389e-15
1.698703721524145961e-05 8.254569108391401095e-15
1.698829883582867579e-05 8.072927791297329502e-15
1.698838101398972105e-05 7.921178518046315103e-15
1.698974306548185924e-05 8.080343530409010205e-15
1.699077550416344781e-05 8.263633190738119749e-15
1.699168669020756212e-05 8.455570778680986813e-15
1.699172236128417235e-05 8.574143902282487200e-15
1.699276876728281674e-05 8.176011407845379326e-15
1.699284857145344328e-05 7.991215424248780923e-15
1.699308898389825085e-05 7.820082442337050339e-15
1.699356875171592163e-05 7.621869673674922132e-15
1.699413400903714374e-05 7.036165970793791327e-15
1.699458159806095444e-05 7.421693165068063243e-15
1.699477112380929749e-05 7.211712354224079731e-15
1.699618110981497527e-05 7.457503601918907636e-15
1.699641150128696176e-05 7.685428152207599896e-15
1.699696600954566869e-05 7.913399931448947738e-15
1.699754482786198771e-05 8.117405946045199915e-15
1.699800965382480331e-05 8.314481953260135530e-15
1.699966749067076928e-05 8.465428071592405997e-15
1.700228695132369240e-05 8.497060856995401482e-15
1.700464085980401456e-05 8.351776428669602700e-15
1.700544472651638314e-05 8.173949898826254101e-15
1.700609092126554832e-05 8.001069923008720700e-15
1.700677735141099654e-05 7.832124744526916847e-15
1.700746390853206052e-05 7.663972030467884645e-15
1.700819268504330932e-05 7.512349490741569461e-15
1.700934187779792124e-05 7.347191142354886246e-15
1.701081700424479008e-05 7.222540153238499618e-15
1.701240886975846701e-05 7.461105516764422589e-15
1.701294441825001381e-05 7.706098505127482092e-15
1.701336827437806927e-05 7.927890436428718064e-15
1.701421157800548872e-05 8.174604855862747058e-15
1.701507679469292487e-05 8.319978936948313823e-15
1.701512193452213323e-05 8.498856597943424667e-15
1.701627842837429721e-05 8.296199018091481567e-15
1.701673905681647228e-05 8.086482614346154147e-15
1.701821168644844571e-05 7.851217691469595238e-15
1.702110088584121733e-05 7.827588453688563846e-15
1.702194335449935637e-05 8.045869565054518970e-15
1.702252639021985533e-05 8.226634516118747649e-15
1.702307374398011946e-05 8.432393826339940835e-15
1.702373606145731182e-05 8.965964103539550550e-15
1.702384340663766046e-05 8.641183807139175252e-15
1.702471755059839167e-05 8.786207354917267545e-15
1.702541792959171837e-05 8.980406193144648272e-15
1.702597606358124101e-05 8.751204396530501274e-15
1.702603640239091739e-05 8.530453477291704598e-15
1.702630257229161603e-05 8.344662300600632948e-15
1.702669144416567610e-05 8.161829244905954840e-15
1.702693066621414734e-05 7.768776492624826424e-15
1.702795494382701162e-05 7.938722745784112798e-15
1.702934555184516642e-05 7.884891257539751086e-15
1.703012943577097781e-05 8.041436863846307237e-15
1.703131856235480271e-05 8.213932351837628709e-15
1.703292816866979015e-05 8.373338794750575512e-15
1.703484985794667775e-05 8.502104719310887186e-15
1.703708531838391197e-05 8.359031065391980521e-15
1.703834240289115094e-05 8.177456985776246141e-15
1.703928847672077652e-05 8.010458895593938709e-15
1.704080780337734725e-05 7.847623707505982751e-15
1.704128671002829267e-05 7.762173086562994474e-15
1.704282712370574270e-05 8.009468446771100657e-15
1.704390651796775655e-05 8.206432307131150229e-15
1.704599996715173613e-05 8.369519241963173159e-15
1.704805623325994111e-05 8.346435914514530997e-15
1.704882089852027171e-05 8.170774872947177196e-15
1.704997912880511912e-05 7.978743063616547214e-15
1.705087625044530525e-05 7.826674488415212177e-15
1.705112180540230879e-05 7.687686030340600177e-15
1.705211031052297942e-05 7.928163332622751117e-15
1.705238172088847844e-05 8.142866661075414957e-15
1.705316081148503297e-05 8.374192437031572479e-15
1.705375477164279682e-05 8.561799575393269728e-15
1.705440169967610260e-05 8.746173337517977031e-15
1.705518437415923548e-05 9.004574403372578669e-15
1.705594291057898392e-05 9.252234732756753323e-15
1.705644501975516440e-05 9.422572729457260435e-15
1.705752366168669206e-05 9.567779002812088382e-15
1.705774993222298612e-05 9.029475172886754667e-15
1.705788660876914859e-05 9.899775001044999526e-15
1.705793016503111557e-05 9.744713954416794160e-15
1.705918501056258882e-05 9.423176807643866533e-15
1.705964961431808447e-05 9.186529874764866427e-15
1.706028620165309478e-05 8.997230787918116713e-15
1.706056639635870770e-05 8.802251151490501790e-15
1.706094091817494363e-05 8.614166294809366226e-15
1.706199525784054248e-05 8.407146102757078391e-15
1.706308657424655345e-05 8.201656411828381469e-15
1.706442667116742657e-05 8.003319550492418943e-15
1.706708250100911787e-05 7.917255195731514335e-15
1.706934295049367573e-05 7.716704195005689438e-15
1.707149351825395270e-05 7.585214219519671350e-15
1.707384951162050377e-05 7.581965957498322051e-15
1.707490928912757408e-05 7.810899110012466504e-15
1.707565831824855551e-05 8.040274599799544875e-15
1.707643353608901405e-05 8.247223677855050182e-15
1.707690472897167906e-05 8.410046374065623563e-15
1.707811552715889249e-05 8.552837756192467355e-15
1.708072626112446733e-05 8.528975785026067089e-15
1.708333990398582607e-05 8.523656312405335525e-15
1.708604974818630576e-05 8.500272794753323848e-15
1.708766129722811910e-05 8.495729380198061491e-15
1.708808150800185518e-05 8.722825906063821264e-15
1.708863700320734333e-05 8.958353967712601750e-15
1.708934838406008023e-05 9.137321351807515901e-15
1.708959528813293048e-05 9.343589176770611898e-15
1.709047573700983878e-05 9.569252117197149843e-15
1.709121887083466033e-05 9.725196052253321480e-15
1.709304013642114773e-05 9.502637287141039321e-15
1.709439680732182946e-05 9.312591420462096443e-15
1.709592268591985417e-05 9.191153875845625326e-15
1.710125063328855874e-05 9.401834679555898840e-15
1.710220104572634833e-05 9.568522267677126402e-15
1.710331220928588202e-05 9.707758948589937941e-15
1.710401197187034453e-05 1.000242105418360188e-14
1.710410217534339585e-05 9.870175488859357425e-15
1.710431252313824560e-05 9.103110069583575030e-15
1.710517836982004979e-05 9.609101770592903481e-15
1.710534853527627920e-05 9.430956865254195722e-15
1.710586229673205798e-05 9.242570539362357149e-15
1.710709614593951451e-05 9.081136452096874062e-15
1.710870432377889497e-05 9.232203725092679063e-15
1.710918408207339804e-05 9.488015322493713916e-15
1.710969513350687964e-05 9.716004090329267545e-15
1.711020607066231485e-05 9.943276547795548667e-15
1.711106199246874437e-05 1.017972527645262929e-14
1.711248835566423504e-05 1.033504180136331225e-14
1.711394616263795399e-05 1.045353435074136368e-14
1.711630674805649736e-05 1.308212491143764257e-14
1.714666036427267546e-05 1.313697978678121634e-14
1.715114889160715872e-05 8.647275731784893594e-15
1.715298562794460478e-05 8.827676483143191570e-15
1.715402195058601445e-05 8.599943228071785793e-15
1.715421888975649130e-05 8.846389062221604217e-15
1.715444244618913108e-05 8.375450845264775535e-15
1.715459241572116317e-05 8.194287749170513240e-15
1.715474328315215490e-05 8.018871339918163407e-15
1.715504756886343049e-05 7.847442128632879580e-15
1.715571118525924729e-05 7.631265196187462785e-15
1.715644739333199969e-05 7.461786516828106206e-15
1.715655627918531270e-05 7.250927184572450191e-15
1.715656349438760155e-05 7.118053941335202941e-15
1.715806034636127060e-05 7.571225666449524575e-15
1.715809696728140023e-05 7.805779138189529275e-15
1.715863276510686981e-05 8.040634063806682141e-15
1.715917841421957531e-05 8.262483265527690666e-15
1.715962218445192850e-05 8.440744892531230487e-15
1.716036790585827646e-05 8.650093813604103738e-15
1.716111728416218343e-05 8.882887371817309858e-15
1.716155363584454668e-05 7.110363799197450722e-15
1.716198584927635973e-05 7.387614738552845011e-15
1.716243125951413904e-05 9.116407827421869794e-15
1.716260655569196405e-05 7.612764162264481547e-15
1.716280231398927228e-05 7.496448653220174400e-15
1.716287243915547470e-05 7.945718283228670007e-15
1.716291685575647356e-05 8.113148001090926070e-15
1.716300986050682515e-05 7.771921178893498793e-15
1.716341928847627514e-05 9.334330583479593918e-15
1.716428107193857156e-05 7.833885057108555861e-15
1.716444791788957391e-05 8.141468569980088757e-15
1.716445591735298046e-05 7.938907895631521653e-15
1.716453048377971361e-05 9.051221391934474025e-15
1.716485946171221493e-05 8.874756940099522325e-15
1.716530914583358231e-05 8.710245087381163214e-15
1.716593667516813222e-05 8.543067301028037902e-15
1.716670100485006886e-05 8.364044847778721558e-15
1.716950449298546046e-05 8.305966251928951316e-15
1.717077777900332202e-05 8.342227166039590473e-15
1.717080791983864862e-05 8.535420664907229208e-15
1.717136973929524017e-05 8.708742585003291043e-15
1.717166640510948945e-05 8.858316576750489220e-15
1.717247277550879272e-05 9.075710319963832357e-15
1.717419940662693440e-05 8.945517848105125983e-15
1.717468233341638386e-05 8.776356346588234521e-15
1.717523850835363862e-05 8.597881111933702189e-15
1.717631074119127199e-05 8.259437545547553492e-15
1.717643447098684620e-05 8.417784654016706217e-15
1.717769045816509412e-05 8.470148906450801967e-15
1.717800326835094280e-05 8.674803832318701000e-15
1.717873881641373551e-05 8.905748014893022147e-15
1.718007945862770126e-05 9.119993441657781218e-15
1.718026342843005511e-05 9.347155448951376906e-15
1.718076496621599009e-05 9.515069219557994487e-15
1.718126736108728655e-05 9.688489844432053881e-15
1.718176961311103010e-05 9.861004388905494046e-15
1.718278773529263392e-05 1.003932731335991190e-14
1.718321384276421017e-05 1.035867602008475330e-14
1.718335117735100444e-05 1.018413553048519745e-14
1.718460085176589438e-05 1.010819100889943145e-14
1.718462784995488426e-05 9.900212130681282769e-15
1.718495597080202072e-05 9.718058664674984800e-15
1.718540892454533718e-05 9.531996791921769356e-15
1.718634570175612913e-05 9.338340337878431307e-15
1.718693426667140928e-05 9.258228464777616213e-15
1.718840688217559821e-05 9.366249652939395483e-15
1.719310628123048274e-05 9.018620132783306161e-15
1.719474398089908880e-05 8.851396278525457350e-15
1.719590323647075917e-05 8.664338736109187465e-15
1.719670541123313170e-05 8.473656700518419194e-15
1.719691169943635307e-05 8.272138224143691364e-15
1.719712490962422739e-05 8.115050587783800095e-15
1.719759209461247323e-05 7.909975072357917176e-15
1.719777196826102153e-05 7.691450414129452450e-15
1.719863665751130747e-05 7.491220626786056978e-15
1.719930184366053898e-05 7.301326458906681882e-15
1.719931376960048716e-05 6.908359761270421192e-15
1.719933872030777246e-05 7.068549744490302077e-15
1.720060092135491397e-05 7.542306605547949788e-15
1.720065082276948118e-05 7.354010960871882583e-15
1.720087337926919641e-05 7.765597460110275134e-15
1.720139286823193809e-05 8.048931913434628664e-15
1.720191349997516399e-05 8.339621604832890981e-15
1.720240662880135219e-05 8.606344947768082975e-15
1.720290185791956050e-05 8.858820012012458962e-15
1.720366253416691374e-05 9.164753153942709350e-15
1.720427216715503764e-05 9.410364768738447393e-15
1.720449018427670380e-05 7.588044116889350451e-15
1.720478235515437477e-05 9.591667780901738541e-15
1.720486326401280455e-05 7.745259910635780842e-15
1.720508100178813434e-05 8.075120797556951429e-15
1.720510576203200447e-05 7.907035590722385174e-15
1.720527877899763385e-05 9.803308329115793269e-15
1.720531260530002598e-05 8.226902889122189409e-15
1.720560744266549913e-05 9.929729161526401562e-15
1.720562014022645835e-05 8.426022889466089346e-15
1.720637082003035993e-05 1.025310712335932906e-14
1.720654636381062331e-05 1.010845927023385655e-14
1.720827221629619140e-05 9.998553119865672927e-15
1.720892279170388849e-05 9.851813769009542882e-15
1.721026335892288184e-05 9.760633357688338167e-15
1.721269403223946545e-05 9.718225777449436893e-15
1.721344777388704656e-05 9.528580580599074979e-15
1.721395643364422753e-05 9.360766264317415160e-15
1.721428296156100009e-05 9.123133846780723823e-15
1.721590867374749324e-05 8.854168882082222290e-15
1.721662984615121285e-05 8.784939995149709551e-15
1.721888165428592460e-05 8.936395555714845866e-15
1.722197434479062704e-05 8.954791807500343727e-15
1.722369412553340938e-05 8.759324078659367737e-15
1.722506968001588586e-05 8.531717936064826634e-15
1.722615194211274165e-05 8.416891580478472437e-15
1.722774157697827421e-05 8.680176694757950233e-15
1.722874671590379945e-05 8.860326111520445046e-15
1.723102017956382526e-05 9.045022589098751587e-15
1.723384657922574418e-05 9.059269298725339924e-15
1.723632662015007395e-05 8.970219414508912938e-15
1.723910608911742608e-05 9.076073765944952905e-15
1.724283637395871257e-05 9.373844068080192743e-15
1.724410619354243028e-05 9.133026092634483762e-15
1.724423875607884477e-05 8.966368480639615591e-15
1.724504718669863862e-05 8.792251395807344489e-15
1.724591871957910643e-05 8.662688870643866459e-15
1.724770519022069404e-05 8.891656873434217973e-15
1.724908877088091879e-05 9.077153726978585927e-15
1.725080143967033753e-05 9.188081177250843199e-15
1.725270423151354824e-05 9.400951839852134640e-15
1.725533314607776816e-05 9.494054410417576929e-15
1.725769067913458308e-05 9.370059421615419064e-15
1.726101695034281484e-05 9.143385003642905003e-15
1.726274006741096057e-05 8.978933892931441275e-15
1.726318586607867954e-05 8.788445389159380644e-15
1.726375341984449471e-05 8.616733180497730324e-15
1.726443676629657080e-05 8.425369844543779558e-15
1.726515187705784062e-05 8.247230542444987214e-15
1.726906744957011961e-05 8.222256693959959689e-15
1.726942895750264301e-05 8.431197003017426848e-15
1.726993354043578462e-05 8.619583959375780291e-15
1.727041966655710949e-05 8.842222301654874692e-15
1.727042252350832345e-05 9.145210054543532881e-15
1.727219051919871436e-05 9.379487480879569801e-15
1.727295626227790600e-05 9.144647643488690449e-15
1.727343717843124866e-05 8.988918677872401488e-15
1.727348641322386279e-05 8.795531281733077837e-15
1.727366816293704610e-05 8.562604740294767221e-15
1.727468516194469481e-05 8.336361068063011450e-15
1.727486802750631282e-05 8.135460403264201304e-15
1.727522018487943678e-05 7.909659158679875373e-15
1.727627470237878975e-05 8.128186691627587930e-15
1.727628658729584471e-05 8.511396371098133114e-15
1.727642097828103871e-05 8.305120312852097701e-15
1.727664382047586992e-05 8.975848457820359552e-15
1.727705396439241047e-05 9.321697504324185669e-15
1.727721303943610583e-05 9.581196932699804787e-15
1.727724149467021938e-05 9.764718658649940374e-15
1.727746681581964643e-05 9.920859273441304903e-15
1.727772870008422229e-05 1.018180419231669904e-14
1.727805953503500964e-05 1.044199869206583493e-14
1.727852506571245594e-05 1.068525307935471421e-14
1.727879293345844911e-05 1.087999672392052578e-14
1.727911565466779030e-05 1.112195286221016844e-14
1.727914079583848738e-05 1.128412063565133476e-14
1.727935312445284742e-05 1.142724927476134334e-14
