# HAYSTAC Phase-IIb 2022
# https://arxiv.org/pdf/2301.09721.pdf
# mass [eV] photon coupling [GeV^-1]
1.844651086512794373e-05 1e0
1.844651086512794373e-05 1.420414036805280378e-14
1.844771025279756953e-05 1.379744104005195619e-14
1.844918681330018321e-05 1.355524845816154527e-14
1.844972120827870814e-05 1.417256711731548069e-14
1.845089249256772564e-05 1.472588930413554894e-14
1.845220300259299909e-05 1.431452766956414640e-14
1.845312251379633317e-05 1.391625964292142045e-14
1.845368881493764885e-05 1.352154813132374107e-14
1.845560150707086576e-05 1.320552084869000329e-14
1.845717215122183916e-05 1.311153648050255321e-14
1.845819897535780189e-05 1.359907994578499637e-14
1.845910605130663274e-05 1.395997618768018174e-14
1.846152617623749052e-05 1.277824408481386038e-14
1.846421069363139350e-05 1.365371707846770894e-14
1.846669040546480888e-05 1.353548360077457990e-14
1.846742438197330674e-05 1.319211914060731446e-14
1.846870549971385526e-05 1.276643341202328823e-14
1.846979123122755267e-05 1.263820397664313516e-14
1.847201897940463171e-05 1.293159695132381223e-14
1.847324910401724373e-05 1.340467122799211227e-14
1.847433292203154952e-05 1.379690330891054445e-14
1.847523488451868027e-05 1.414628071561128817e-14
1.847530984396630554e-05 1.459282273634228927e-14
1.847723912896042392e-05 1.454753256639760305e-14
1.847783483520565429e-05 1.417614964168923349e-14
1.847856778852350875e-05 1.382114392963566348e-14
1.847955904764887579e-05 1.349417901547808962e-14
1.848121300108622903e-05 1.311406243198489346e-14
1.848304110826680727e-05 1.305655146891488481e-14
1.848477925337746716e-05 1.305777930696192693e-14
1.848537488985970196e-05 1.268748360385995574e-14
1.848598088614723215e-05 1.233841057339667566e-14
1.848739397056581394e-05 1.196537839908427042e-14
1.849058472083378460e-05 1.171379168323050873e-14
1.849281720655268068e-05 1.192292642565010709e-14
1.849361152805499166e-05 1.236346426586832361e-14
1.849696636089571706e-05 1.290796226198172706e-14
1.849741104021507474e-05 1.253124250640849775e-14
1.849794454776396727e-05 1.215401095357599433e-14
1.849895257054530196e-05 1.182624382841531842e-14
1.849934341298850989e-05 1.142080399285797422e-14
1.849960298366563343e-05 1.098523035319714869e-14
1.850098031454742631e-05 1.148461901476694941e-14
1.850109500491716290e-05 1.191756055581055717e-14
1.850148330576748863e-05 1.239964671506537847e-14
1.850255926683732588e-05 1.293751623074496428e-14
1.850559928463363639e-05 1.291855541724565099e-14
1.850896181201600396e-05 1.268337312199801849e-14
1.851044268862850236e-05 1.275882508242175012e-14
1.851114783155303212e-05 1.327689605328775607e-14
1.851212731083227121e-05 1.373778191462999998e-14
1.851370508549605214e-05 1.309755046051809378e-14
1.851445338335155544e-05 1.267097477393299306e-14
1.851478896330721128e-05 1.230431840093222594e-14
1.851525194046449777e-05 1.195375490572782569e-14
1.851589365042424459e-05 1.158228812625425438e-14
1.851715779582384778e-05 1.077000551271688436e-14
1.851716544184849305e-05 1.122440285404547377e-14
1.851881048126119685e-05 1.128678203284297463e-14
1.851910892736930144e-05 1.172799310078412392e-14
1.851980020892264676e-05 1.214239476872825723e-14
1.852033358192860571e-05 1.249675182089215894e-14
1.852086643171208438e-05 1.286080151058144805e-14
1.852128983829993416e-05 1.324165234445784794e-14
1.852189665679423167e-05 1.360634931104784003e-14
1.852369470041551205e-05 1.394742411615868264e-14
1.852541993239513113e-05 1.423007179071643182e-14
1.852960937486986803e-05 1.558118226908702768e-14
1.853090989669017622e-05 1.488657629818144968e-14
1.853097346074806306e-05 1.444089146020137409e-14
1.853153717766858430e-05 1.401526948459516797e-14
1.853271719334730091e-05 1.362135800313888828e-14
1.853487436844358053e-05 1.382884122374515962e-14
1.853554648510458293e-05 1.344213161050439478e-14
1.853570320070469161e-05 1.309839891714230897e-14
1.853585930239040407e-05 1.276601837036170950e-14
1.853684491403493270e-05 1.242076438631892288e-14
1.853731769787659745e-05 1.134065903742149625e-14
1.853891582864902618e-05 1.244151609280968133e-14
1.853983248455248786e-05 1.337220602272323259e-14
1.853983970003977619e-05 1.295466411709065634e-14
1.854236093480996644e-05 1.259489595188735479e-14
1.854298016862648274e-05 1.295847253777655418e-14
1.854537484408384540e-05 1.335992555493793020e-14
1.854739542346331484e-05 1.298887390142275410e-14
1.854942689009152502e-05 1.184019345721405862e-14
1.855117322507157779e-05 1.154677963346292061e-14
1.855291830891741438e-05 1.150135694595368328e-14
1.855317008357943627e-05 1.195498073588121199e-14
1.855475301997077232e-05 1.299712737742463373e-14
1.855496459719298589e-05 1.351306423920792168e-14
1.855764321728807205e-05 1.161671109743351281e-14
1.855767497689319716e-05 1.198792820789980324e-14
1.856191541030634460e-05 1.315276841527097414e-14
1.856353169637065908e-05 1.355690785008621069e-14
1.856435124353906271e-05 1.401953244952056229e-14
1.856574734383852309e-05 1.438639226845782766e-14
1.856763094163026812e-05 1.446548688321587241e-14
1.856976565450660087e-05 1.415745577878250075e-14
1.857185561441931026e-05 1.382539530777577694e-14
1.857514159118040111e-05 1.180745577276428334e-14
1.857728614063953540e-05 1.334433415474820475e-14
1.857786398755712190e-05 1.383568953092348227e-14
1.858025950940379859e-05 1.296026555238232392e-14
1.858058440731554466e-05 1.333937158889073946e-14
1.858302058752738816e-05 1.386721485095472984e-14
1.858418993581725752e-05 1.359232350907767972e-14
1.858559487889389911e-05 1.349654576088998454e-14
1.858606227105238037e-05 1.312377968743380835e-14
1.858750140198480859e-05 1.278420443329744700e-14
1.858797550365717848e-05 1.243710302500568960e-14
1.859013910109812915e-05 1.290696236489628743e-14
1.859036812305646535e-05 1.329547768558439611e-14
1.859324294062241891e-05 1.272889213718437444e-14
1.859358109582933576e-05 1.294767655547402536e-14
1.859666582673166334e-05 1.325575383330268075e-14
1.859826621138558445e-05 1.333220795256575444e-14
1.859870843903385011e-05 1.281577934139423935e-14
1.859921847631677280e-05 1.232268346990985318e-14
1.860052590467394345e-05 1.198549508606321776e-14
1.860064699928695546e-05 1.170347053955968934e-14
1.860319878676239537e-05 1.215724054520189417e-14
1.860540113962245380e-05 1.166109339962685588e-14
1.860642122687248203e-05 1.152934201110124759e-14
1.860833870474740747e-05 1.200530117263528712e-14
1.860986224492171007e-05 1.244325432413834341e-14
1.861119678318014578e-05 1.262869297757058685e-14
1.861348235854099435e-05 1.242545523132815919e-14
1.861573128149564195e-05 1.281105636578814405e-14
1.861887274612165232e-05 1.288134894722265855e-14
1.862078837101885235e-05 1.322104660564385206e-14
1.862328869908677666e-05 1.296304656801937824e-14
1.862500218297742695e-05 1.260952815962104931e-14
1.862630661152565956e-05 1.249886725780391459e-14
1.862743523731736077e-05 1.291729150270456567e-14
1.862854930589668946e-05 1.332105456833080479e-14
1.862960405732371662e-05 1.368625047323428967e-14
1.863057317699537137e-05 1.450219875302829333e-14
1.863062656894365040e-05 1.408017744294878220e-14
1.863175600863700831e-05 1.348465808872386646e-14
1.863272165411133011e-05 1.290953965730059016e-14
1.863361378333770898e-05 1.207454689045479992e-14
1.863400619422526930e-05 1.255704851568304100e-14
1.863603596860245810e-05 1.326974191167887961e-14
1.863751166531230712e-05 1.305665504504929468e-14
1.863924827563700359e-05 1.330058357147204582e-14
1.864090612353625146e-05 1.372492768414607777e-14
1.864323057681961494e-05 1.349574462262589256e-14
1.864397148644136244e-05 1.309147310877449585e-14
1.864487989370074676e-05 1.269569154563915003e-14
1.864571966579666045e-05 1.197761258566123082e-14
1.864591107289450067e-05 1.234720350776459312e-14
1.864812904380597707e-05 1.310946575874220110e-14
1.864865450123695480e-05 1.352056241225884651e-14
1.865120963009170893e-05 1.263766122795393000e-14
1.865126990532251969e-05 1.294420987176010860e-14
1.865258319377157529e-05 1.342569704024804879e-14
1.865391425275900829e-05 1.371927221631529912e-14
1.865695929349121969e-05 1.360671340297612129e-14
1.865887488142308536e-05 1.394786336090317118e-14
1.865954435506305895e-05 1.434284283962047710e-14
1.866213826579300221e-05 1.491434410707535986e-14
1.866550406850932619e-05 1.397309495184142137e-14
1.866700960982998702e-05 1.371840997459757563e-14
1.866936865958098525e-05 1.346117922841417589e-14
1.867070969760433995e-05 1.320052290611716711e-14
1.867112425540744768e-05 1.294313024073330075e-14
1.867244325445624809e-05 1.336977909357660330e-14
1.867288080798360422e-05 1.379657987602649565e-14
1.867398927226870627e-05 1.416279551221842806e-14
1.867647801143414483e-05 1.403437120589236171e-14
1.867892373872109051e-05 1.432763736854425020e-14
1.868161241465411730e-05 1.394222487828933332e-14
1.868386257724358724e-05 1.442518574183793586e-14
1.868555709364818813e-05 1.547141710063986380e-14
1.868695984362984025e-05 1.571673983620683008e-14
1.868910625829787604e-05 1.536035342679755110e-14
1.869114736550809297e-05 1.433416249159311460e-14
1.869140025515417955e-05 1.480054193407591743e-14
1.869356804854293560e-05 1.613411053565376896e-14
1.869647046833760242e-05 1.438684937329258234e-14
1.869654363577055397e-05 1.525554300619752205e-14
1.869761197702971822e-05 1.571228442353885742e-14
1.869812678145088349e-05 1.613023295467139809e-14
1.869812678145088349e-05 1e0