# JWST MW halo blank sky 
# MIRI + NIRSpec
# https://arxiv.org/pdf/2503.11753
# mass [eV]	photon coupling [GeV^-1]
8.898099038088748414e-02 3.782490683676838543e-11
8.914436832836282465e-02 5.836439314476976654e-11
8.930804625399757501e-02 7.292529764168540518e-11
8.947202470858156564e-02 8.758007137498581800e-11
8.963630424391577645e-02 7.355216415785319241e-11
8.980088541281443237e-02 3.089596416680408642e-11
8.996576876910672427e-02 2.306390378713438543e-11
9.013095486763873787e-02 2.279564605260408438e-11
9.029644426427541060e-02 2.007309694069637090e-11
9.046223751590219686e-02 1.015673364456196102e-10
9.062833518042705261e-02 5.007541419993683598e-11
9.079473781678235045e-02 1.554236870134564130e-11
9.096144598492664213e-02 1.254817837966309562e-11
9.112846024584678184e-02 2.435039077508834561e-11
9.129578116155949441e-02 1.470125876497868370e-10
9.146340929511348472e-02 9.701161425078181097e-11
9.163134521059124182e-02 2.603818541471724342e-11
9.179958947311095407e-02 1.368758373929314487e-11
9.196814264882854917e-02 1.763887014126321056e-11
9.213700530493933172e-02 1.008852209491350493e-10
9.230617800968007880e-02 8.645870609421409520e-11
9.247566133233091346e-02 1.996556717125984561e-11
9.264545584321716432e-02 1.005207828334748541e-11
9.281556211371146115e-02 1.254938847840303359e-11
9.298598071623540018e-02 6.173449472955775116e-11
9.315671222426166742e-02 9.179086471275885907e-11
9.332775721231588439e-02 4.886166079542622323e-11
9.349911625597853715e-02 1.236688664298201481e-11
9.367078993188691916e-02 1.137415858800055460e-11
9.384277881773721297e-02 3.465172999676721157e-11
9.401508349228618333e-02 5.130885592611315853e-11
9.418770453535328657e-02 2.325290443727506881e-11
9.436064252782257189e-02 8.820316959474554584e-12
9.453389805164462423e-02 8.767475189177069278e-12
9.470747168983867370e-02 3.055505461148414000e-11
9.488136402649428869e-02 4.057084860011946352e-11
9.505557564677356852e-02 2.652553093850620716e-11
9.523010713691297535e-02 8.043275225084669796e-12
9.540495908422533256e-02 8.597527807263640134e-12
9.558013207710198966e-02 3.177476353308848204e-11
9.575562670501448770e-02 6.368914871309918528e-11
9.593144355851671023e-02 4.012238590309309681e-11
9.610758322924690955e-02 7.931314175904233258e-12
9.628404630992956625e-02 7.077722948428530858e-12
9.646083339437760973e-02 3.086665948543639942e-11
9.663794507749412510e-02 5.468549242213135586e-11
9.681538195527455981e-02 2.093374608698160847e-11
9.699314462480865262e-02 6.949022360151529188e-12
9.717123368428240426e-02 8.435410462998686678e-12
9.734964973298031177e-02 3.673292060300928761e-11
9.752839337128704766e-02 5.550292198872668086e-11
9.770746520068973595e-02 1.069505531732049114e-11
9.788686582377985335e-02 7.491345290603062740e-12
9.806659584425525544e-02 1.021171716629431787e-11
9.824665586692239716e-02 7.072089838764254605e-11
9.842704649769808134e-02 7.580609693996132814e-11
9.860776834361166532e-02 8.560054604193763591e-12
9.878882201280710096e-02 6.497583287067830185e-12
9.897020811454490530e-02 1.320592829602503111e-11
9.915192725920425609e-02 5.719041691922215556e-11
9.933398005828517063e-02 5.472326888836323233e-11
9.951636712441030985e-02 6.879074834658998967e-12
9.969908907132718490e-02 5.891851812921331410e-12
9.988214651391026655e-02 1.536568410408048596e-11
1.000655400681629004e-01 6.496701304788240714e-11
1.002492703512195965e-01 5.757639458014125730e-11
1.004333379813479310e-01 5.943803361242728787e-12
1.006177435779506690e-01 4.734747525689932426e-12
1.008024877615678189e-01 1.229342677610747388e-11
1.009875711538788801e-01 5.606754830938002454e-11
1.011729943777047031e-01 5.876435721646779015e-11
1.013587580570097652e-01 5.319452781134601547e-12
1.015448628169041967e-01 6.460134114176168229e-12
1.017313092836458349e-01 1.489987671806056924e-11
1.019180980846424861e-01 3.863919244658583067e-11
1.021052298484538406e-01 1.536832070791286234e-11
1.022927052047937907e-01 6.619608124005244663e-12
1.024805247845323453e-01 9.079853183052738310e-12
1.026686892196978784e-01 5.732858954911538115e-11
1.028571991434793081e-01 4.460412419551918441e-11
1.030460551902280392e-01 5.975555818658044259e-12
1.032352579954603222e-01 5.557270969784822093e-12
1.034248081958591692e-01 1.365626853473228386e-11
1.036147064292766290e-01 3.688388321978708313e-11
1.038049533347360082e-01 4.031994915508966895e-11
1.039955495524338275e-01 7.465474342112665830e-12
1.041864957237420425e-01 7.363398190822031729e-12
1.043777924912103611e-01 2.284474714253836310e-11
1.045694404985681308e-01 4.188692830882277723e-11
1.047614403907267816e-01 1.513500617210642444e-11
1.049537928137817683e-01 5.920171367133269423e-12
1.051464984150148607e-01 8.316173055496456277e-12
1.053395578428963641e-01 3.356875485985602854e-11
1.055329717470871453e-01 2.759877773092931299e-11
1.057267407784410057e-01 6.409127391251282941e-12
1.059208655890067213e-01 5.548402753636969405e-12
1.061153468320302495e-01 2.360830417873505395e-11
1.063101851619571159e-01 3.476725345734544389e-11
1.065053812344343154e-01 2.102628136478331488e-11
1.067009357063128244e-01 5.845984122576569675e-12
1.068968492356495298e-01 7.675330916150286947e-12
1.070931224817096156e-01 2.089399402644518734e-11
1.072897561049688253e-01 3.430081960169676899e-11
1.074867507671154881e-01 7.179371569707255399e-12
1.076841071310529058e-01 5.971527110374357115e-12
1.078818258609015729e-01 1.869607422353043805e-11
1.080799076220013005e-01 4.004465030840395226e-11
1.082783530809136030e-01 1.145885166224096235e-11
1.084771629054238212e-01 4.783365704630137405e-12
1.086763377645433848e-01 8.261791297757653130e-12
1.088758783285122267e-01 3.670902895812885750e-11
1.090757852688007262e-01 2.115142375372654125e-11
1.092760592581123319e-01 5.191998222933817815e-12
1.094767009703854904e-01 6.042770307621810872e-12
1.096777110807961308e-01 3.264377714726826919e-11
1.098790902657599128e-01 5.744012214540520419e-11
1.100808392029344052e-01 7.831917115439471896e-12
1.102829585712213900e-01 4.610558258675454003e-12
1.104854490507693049e-01 9.845823029225410099e-12
1.106883113229752552e-01 4.499650831034851122e-11
1.108915460704876094e-01 1.121702447430385315e-11
1.110951539772080388e-01 5.215826323912832138e-12
1.112991357282939187e-01 1.272072151902079402e-11
1.115034920101607707e-01 3.846413923790340008e-11
1.117082235104842614e-01 1.784203654365409430e-11
1.119133309182028801e-01 4.716125381397226011e-12
1.121188149235199522e-01 7.801248076959307138e-12
1.123246762179060804e-01 2.894123817099819121e-11
1.125309154941015882e-01 1.530428579396078707e-11
1.127375334461185874e-01 4.379285134330768992e-12
1.129445307692436423e-01 5.466534363601014379e-12
1.131519081600397686e-01 2.084885626552707345e-11
1.133596663163490004e-01 2.903226360221506062e-11
1.135678059372947357e-01 5.015445911713932913e-12
1.137763277232839570e-01 4.631092399535227875e-12
1.139852323760096597e-01 1.640975642850078557e-11
1.141945205984533224e-01 2.526460705748925816e-11
1.144041930948870023e-01 5.777508403566169059e-12
1.146142505708760556e-01 3.855056628478865186e-12
1.148246937332811773e-01 2.484938914686478970e-11
1.150355232902609548e-01 3.722320806393814576e-11
1.152467399512743240e-01 7.202755961521649696e-12
1.154583444270827347e-01 3.794585997367873328e-12
1.156703374297527592e-01 8.947365513239686377e-12
1.158827196726583408e-01 3.466755125117280151e-11
1.160954918704832223e-01 1.275605011914913668e-11
1.163086547392234715e-01 3.856290005562556894e-12
1.165222089961897023e-01 6.863765361269470786e-12
1.167361553600096691e-01 3.492564247048601241e-11
1.169504945506305016e-01 2.494818802355896919e-11
1.171652272893212721e-01 3.852046461864608066e-12
1.173803542986754239e-01 5.078708598995586525e-12
1.175958763026130754e-01 2.184030230350078573e-11
1.178117940263835178e-01 1.918373374920907360e-11
1.180281081965678103e-01 3.851014026081636058e-12
1.182448195410809033e-01 5.036763127858479545e-12
1.184619287891744560e-01 1.598579411757275401e-11
1.186794366714389592e-01 1.293329886221284714e-11
1.188973439198063586e-01 3.211953838940446235e-12
1.191156512675526219e-01 3.492394381354838408e-12
1.193343594492999316e-01 1.786327839937265063e-11
1.195534692010194189e-01 1.866477022123120031e-11
1.197729812600334676e-01 4.445614377869562830e-12
1.199928963650182673e-01 5.162309961016584071e-12
1.202132152560063394e-01 9.180822004394549268e-12
1.204339386743889101e-01 1.754160534694779982e-11
1.206550673629185055e-01 6.939796483365155113e-12
1.208766020657114498e-01 4.984200808219387759e-12
1.210985435282502659e-01 1.003094102584481096e-11
1.213208924973863539e-01 1.598858388097950319e-11
1.215436497213423089e-01 6.334589050879551716e-12
1.217668159497145852e-01 6.780572392620688462e-12
1.219903919334759945e-01 1.432739313599240860e-11
1.222143784249781207e-01 1.588106383877165608e-11
1.224387761779540951e-01 5.412494941022577028e-12
1.226635859475208173e-01 4.033470640908570726e-12
1.228888084901817029e-01 1.213810442651778260e-11
1.231144445638292784e-01 2.075061265692143629e-11
1.233404949277474710e-01 5.467733746835468208e-12
1.235669603426145097e-01 4.783946360575443891e-12
1.237938415705051726e-01 8.992701422640707072e-12
1.240211393748934798e-01 1.067699397675997498e-11
1.242488545206553857e-01 5.983062854729232066e-12
1.244769877740711239e-01 9.445832857706089287e-12
1.247055399028278999e-01 1.851547559570321361e-11
1.249345116760225416e-01 1.418900794459434478e-11
1.251639038641639279e-01 6.123680908339634258e-12
1.253937172391757782e-01 1.290087850302224997e-11
1.256239525743990115e-01 1.211303026998276456e-11
1.258546106445945223e-01 6.090043156479922861e-12
1.260856922259458446e-01 4.018935940131921007e-12
1.263171980960614837e-01 6.940165794651223473e-12
1.265491290339778863e-01 8.096585857406481464e-12
1.267814858201617711e-01 5.604083395576038186e-12
1.270142692365128778e-01 4.948388110179392655e-12
1.272474800663667138e-01 8.737906972422973473e-12
1.274811190944968586e-01 9.571641618297869986e-12
1.277151871071180167e-01 7.503733109991260718e-12
1.279496848918883767e-01 8.472859690365375582e-12
1.281846132379122760e-01 1.050925157618420879e-11
1.284199729357430597e-01 9.303612716793192312e-12
1.286557647773855229e-01 4.581975167987966392e-12
1.288919895562986584e-01 8.191458318800824709e-12
1.291286480673983772e-01 1.255846970171632397e-11
1.293657411070600893e-01 9.021824826210182181e-12
1.296032694731214796e-01 3.739986605854552697e-12
1.298412339648851166e-01 6.845344298146301222e-12
1.300796353831210894e-01 1.083544365742639665e-11
1.303184745300699221e-01 5.142549544089931320e-12
1.305577522094450160e-01 3.388790863373551836e-12
1.307974692264355920e-01 5.186677866661096374e-12
1.310376263877091330e-01 7.095014025556009136e-12
1.312782245014143256e-01 3.624426562074543783e-12
1.315192643771837255e-01 3.657709612398520883e-12
1.317607468261363657e-01 4.810562709790168837e-12
1.320026726608806711e-01 3.701754862836074066e-12
1.322450426955170399e-01 3.845103311642553925e-12
1.324878577456405915e-01 1.025688872241638214e-11
1.327311186283441080e-01 7.938091203840625879e-12
1.329748261622204775e-01 5.196733521635184593e-12
1.332189811673656910e-01 6.064828465521975564e-12
1.334635844653815073e-01 9.120199349989885094e-12
1.337086368793782010e-01 8.795619614146052882e-12
1.339541392339773929e-01 4.273298136915334882e-12
1.342000923553147984e-01 7.150104452660660106e-12
1.344464970710429197e-01 7.995786654487264877e-12
1.346933542103340431e-01 4.620732692112315655e-12
1.349406646038827373e-01 4.157940889076423746e-12
1.351884290839089620e-01 6.889048504439943592e-12
1.354366484841606488e-01 6.163194880533924431e-12
1.356853236399165052e-01 4.488174381900108783e-12
1.359344553879890394e-01 7.474948880061199017e-12
1.361840445667271138e-01 8.106546201153895804e-12
1.364340920160189152e-01 5.336525158911182921e-12
1.366845985772948135e-01 5.698123664980326969e-12
1.369355650935299706e-01 9.318835949708963275e-12
1.371869924092475046e-01 4.736449448734135947e-12
1.374388813705210988e-01 3.650764569557970169e-12
1.376912328249778605e-01 5.096751539174063862e-12
1.379440476218013190e-01 3.393859681709096002e-12
1.381973266117340615e-01 3.974296475774937092e-12
1.384510706470808983e-01 3.187985366910113212e-12
1.387052805817113876e-01 3.283031761825288206e-12
1.389599572710629449e-01 2.385864895188068330e-12
1.392151015721437290e-01 2.997265129956907108e-12
1.394707143435352792e-01 3.872817014235378016e-12
1.397267964453957623e-01 4.386367384474563610e-12
1.399833487394625819e-01 4.584071357740798022e-12
1.402403720890553207e-01 3.985408577225508096e-12
1.404978673590788485e-01 4.669300879396475867e-12
1.407558354160259595e-01 4.476443853414373830e-12
1.410142771279804530e-01 2.983842975954553944e-12
1.412731933646201032e-01 3.895975700453694093e-12
1.415325849972193240e-01 2.787550996820616552e-12
1.417924528986524713e-01 2.522957835615770563e-12
1.420527979433964527e-01 3.291948403146384830e-12
1.423136210075337804e-01 2.843981448964644718e-12
1.425749229687557074e-01 3.406546021386227625e-12
1.428367047063647810e-01 4.248165781780421339e-12
1.430989671012782849e-01 4.216337640661667302e-12
1.433617110360307645e-01 3.109240439790604922e-12
1.436249373947772467e-01 3.659775637053637800e-12
1.438886470632962100e-01 4.283557617349411177e-12
1.441528409289923873e-01 2.784348103050659122e-12
1.444175198809000138e-01 3.292529012815824406e-12
1.446826848096856299e-01 3.739726910590429418e-12
1.449483366076510238e-01 2.618050845935947573e-12
1.452144761687365060e-01 2.865493746872488956e-12
1.454811043885236577e-01 3.754065162484114347e-12
1.457482221642384390e-01 2.372645423523198442e-12
1.460158303947542147e-01 2.409566043546248350e-12
1.462839299805947790e-01 2.680178657708350750e-12
1.465525218239374095e-01 2.533163732438303127e-12
1.468216068286158082e-01 3.997655953904066144e-12
1.470911859001231836e-01 4.129883901481779762e-12
1.473612599456154693e-01 3.440405035450442172e-12
1.476318298739140167e-01 3.944226134129077686e-12
1.479028965955090646e-01 5.039265721589189154e-12
1.481744610225624870e-01 4.538941104104326284e-12
1.484465240689109289e-01 4.757538519034967048e-12
1.487190866500691377e-01 4.951284464277244432e-12
1.489921496832325998e-01 3.655019517216868632e-12
1.492657140872809818e-01 2.547098665845986732e-12
1.495397807827811287e-01 3.126125825389611502e-12
1.498143506919900336e-01 2.301722671580734575e-12
1.500894247388581959e-01 1.807446076215147600e-12
1.503650038490324525e-01 1.908439418676800334e-12
1.506410889498591976e-01 2.044468187325738163e-12
1.509176809703877131e-01 2.483961571184477913e-12
1.511947808413728889e-01 2.872279081885746896e-12
1.514723894952787198e-01 2.786946296554057898e-12
1.517505078662812479e-01 2.709686058171397466e-12
1.520291368902716711e-01 3.265326578248491164e-12
1.523082775048597848e-01 2.741571326484030638e-12
1.525879306493767018e-01 2.950152752333739725e-12
1.528680972648784331e-01 3.194704047982801759e-12
1.531487782941486908e-01 4.018510156114352375e-12
1.534299746817023302e-01 2.630674441143739761e-12
1.537116873737884581e-01 2.817184178531300985e-12
1.539939173183935139e-01 3.439158761891045376e-12
1.542766654652444891e-01 3.943903966145717823e-12
1.545599327658123689e-01 3.784361871208235287e-12
1.548437201733149360e-01 3.485518265074000761e-12
1.551280286427202670e-01 5.279488265697410073e-12
1.554128591307498419e-01 3.949826470427981234e-12
1.556982125958817076e-01 4.917653868149947275e-12
1.559840899983539197e-01 4.153212056245022382e-12
1.562704923001674850e-01 3.078438741991692544e-12
1.565574204650898305e-01 2.652055544536479896e-12
1.568448754586579119e-01 2.232763299361125516e-12
1.571328582481814895e-01 1.724147535879913528e-12
1.574213698027464581e-01 1.736421210966451249e-12
1.577104110932179559e-01 2.050651948769134111e-12
1.579999830922438897e-01 2.610715938543388666e-12
1.582900867742579043e-01 2.388060363429024026e-12
1.585807231154827968e-01 2.680545936472472447e-12
1.588718930939339025e-01 2.819420109402788784e-12
1.591635976894222593e-01 2.687080359794310093e-12
1.594558378835577994e-01 3.378324609149407110e-12
1.597486146597530410e-01 1.465025612539266199e-12
1.600419290032258912e-01 1.759416554521416703e-12
1.603357819010034491e-01 2.358202734168460364e-12
1.606301743419249195e-01 1.939175811123715479e-12
1.609251073166451385e-01 2.448262641648056537e-12
1.612205818176379868e-01 4.160070792302064683e-12
1.615165988391994711e-01 2.992199173196970065e-12
1.618131593774513877e-01 3.716812916959638712e-12
1.621102644303444307e-01 5.001409247507929141e-12
1.624079149976615233e-01 4.283109825209033360e-12
1.627061120810215644e-01 4.161748466309097285e-12
1.630048566838822044e-01 4.754295721819445715e-12
1.633041498115438139e-01 3.683822794800507812e-12
1.636039924711524540e-01 3.074408992349060629e-12
1.639043856717033454e-01 2.285245049495113018e-12
1.642053304240445322e-01 1.499929593861458770e-12
1.645068277408798796e-01 2.609775201037263757e-12
1.648088786367727376e-01 2.544147803538351667e-12
1.651114841281493550e-01 3.434642465241498897e-12
1.654146452333021544e-01 4.774464734760925639e-12
1.657183629723933405e-01 4.831080050353958256e-12
1.660226383674581474e-01 4.992885719171146302e-12
1.663274724424083639e-01 2.549209883421784440e-12
1.666328662230358859e-01 1.927766716149075460e-12
1.669388207370159360e-01 1.966240817124946110e-12
1.672453370139108109e-01 1.559726726107798189e-12
1.675524160851729893e-01 1.625624240539126514e-12
1.678600589841489354e-01 1.471546123509500417e-12
1.681682667460824288e-01 2.606970025891241633e-12
1.684770404081180062e-01 2.934142636024440815e-12
1.687863810093045147e-01 2.975445258730333072e-12
1.690962895905986640e-01 5.248322263425788872e-12
1.694067671948683573e-01 3.754521550991792105e-12
1.697178148668964659e-01 4.837613976709068535e-12
1.700294336533840212e-01 4.524396396957268552e-12
1.703416246029539338e-01 3.123073574964524113e-12
1.706543887661546022e-01 2.762199385895368701e-12
1.709677271954631594e-01 3.277736907114537993e-12
1.712816409452894151e-01 2.384762177585996889e-12
1.715961310719789912e-01 2.335076791236562988e-12
1.719111986338170694e-01 2.733387274659793670e-12
1.722268446910321382e-01 1.552519189995913766e-12
1.725430703057991011e-01 2.301045366292885968e-12
1.728598765422433847e-01 2.198963441157851353e-12
1.731772644664441030e-01 2.006154811194548485e-12
1.734952351464377207e-01 1.889358204318457654e-12
1.738137896522219672e-01 2.337584727866043622e-12
1.741329290557589726e-01 3.813021740341363826e-12
1.744526544309791816e-01 4.424347753691483455e-12
1.747729668537849335e-01 2.791740202886244488e-12
1.750938674020539043e-01 2.820205798024858451e-12
1.754153571556430202e-01 2.779377804261318830e-12
1.757374371963917881e-01 1.763866019730352570e-12
1.760601086081260980e-01 2.884235841626649239e-12
1.763833724766619704e-01 2.486482825528538663e-12
1.767072298898089699e-01 2.189427247616663565e-12
1.770316819373740636e-01 3.054168206031781510e-12
1.773567297111651730e-01 2.696554748728876411e-12
1.776823743049948112e-01 2.014557574040081602e-12
1.780086168146840508e-01 2.528751602430814238e-12
1.783354583380657721e-01 3.171753291774978831e-12
1.786628999749887425e-01 3.205213269973362463e-12
1.789909428273211145e-01 4.148898006637714338e-12
1.793195879989540886e-01 3.848788756805780645e-12
1.796488365958059108e-01 3.018418205539677179e-12
1.799786897258252305e-01 3.724804237012942549e-12
1.803091484989950144e-01 2.143967627063334228e-12
1.806402140273364598e-01 2.710997579279220054e-12
1.809718874249122422e-01 2.181667393109325031e-12
1.813041698078308450e-01 1.380020387595573926e-12
1.816370622942498902e-01 2.523070881051046478e-12
1.819705660043800521e-01 2.420741111882629911e-12
1.823046820604888874e-01 2.989466038565415413e-12
1.826394115869044432e-01 3.502849567871654669e-12
1.829747557100193101e-01 2.128947351144237382e-12
1.833107155582941183e-01 2.808776190483631072e-12
1.836472922622614246e-01 2.316230123338049744e-12
1.839844869545297079e-01 1.439501369330895520e-12
1.843223007697869231e-01 1.945335366116890867e-12
1.846607348448044139e-01 1.844635029698601216e-12
1.849997903184408543e-01 2.763754713536960670e-12
1.853394683316458291e-01 2.020834863107441338e-12
1.856797700274639695e-01 1.566082303350865285e-12
1.860206965510385613e-01 1.850818167754557135e-12
1.863622490496154305e-01 1.836766604470147961e-12
1.867044286725470514e-01 2.498043842374883846e-12
1.870472365712959883e-01 1.752963053772377356e-12
1.873906738994392251e-01 2.295978412009834064e-12
1.877347418126717182e-01 2.500780557167903798e-12
1.880794414688102822e-01 3.244792020673445849e-12
1.884247740277978644e-01 4.148104473879478265e-12
1.887707406517069586e-01 3.826685276897264572e-12
1.891173425047438517e-01 2.321959564828890344e-12
1.894645807532523984e-01 1.599365559406571643e-12
1.898124565657179075e-01 1.395691708790087745e-12
1.901609711127713320e-01 1.759138853930852599e-12
1.905101255671927951e-01 1.564809257030740003e-12
1.908599211039158638e-01 1.699010058446221556e-12
1.912103589000314630e-01 1.779503760559478703e-12
1.915614401347916496e-01 1.567683289996051345e-12
1.919131659896138320e-01 1.612326649409020793e-12
1.922655376480845169e-01 1.409411045687519473e-12
1.926185562959633613e-01 1.675126166074759526e-12
1.929722231211873640e-01 2.244023193129866562e-12
1.933265393138745292e-01 2.019695315569989651e-12
1.936815060663281407e-01 1.719285027090627300e-12
1.940371245730406202e-01 1.848171683011070100e-12
1.943933960306975239e-01 2.694551928435530253e-12
1.947503216381818725e-01 2.336894184587275471e-12
1.951079025965776481e-01 2.420964118784197507e-12
1.954661401091744299e-01 2.940746980977847521e-12
1.958250353814709466e-01 2.605478018706838164e-12
1.961845896211794060e-01 3.428712529911540470e-12
1.965448040382296035e-01 2.888353721758219843e-12
1.969056798447726964e-01 2.247742783042672915e-12
1.972672182551855891e-01 1.683852571482450807e-12
1.976294204860749582e-01 1.525170075742845647e-12
1.979922877562810823e-01 1.572984729325803950e-12
1.983558212868824222e-01 1.515663063873425139e-12
1.987200223011992284e-01 1.611691592158140068e-12
1.990848920247980103e-01 1.523146037261999137e-12
1.994504316854955328e-01 1.702868484009910858e-12
1.998166425133628965e-01 2.313003504151334687e-12
2.001835257407298396e-01 1.620420850167553109e-12
2.005510826021886517e-01 1.494269445869801918e-12
2.009193143345985033e-01 1.856935818549035270e-12
2.012882221770896374e-01 2.613827723665589934e-12
2.016578073710673935e-01 3.275773227646572174e-12
2.020280711602163715e-01 3.754181712141908184e-12
2.023990147905049275e-01 3.462975854667219871e-12
2.027706395101888937e-01 2.815862092669496008e-12
2.031429465698162129e-01 2.734759800011988300e-12
2.035159372222308527e-01 2.362123559547462887e-12
2.038896127225771071e-01 2.218486855189310273e-12
2.042639743283039822e-01 2.256309135665265350e-12
2.046390232991690816e-01 1.859589550909953905e-12
2.050147608972432423e-01 2.578978477041413000e-12
2.053911883869144750e-01 1.583387350005817594e-12
2.057683070348923227e-01 1.712113161336670504e-12
2.061461181102122453e-01 1.772885352038354655e-12
2.065246228842396448e-01 1.908589938445406465e-12
2.069038226306743888e-01 1.946227737061997955e-12
2.072837186255548914e-01 2.760641730818793966e-12
2.076643121472624975e-01 1.816084396277901094e-12
2.080456044765259527e-01 2.762066258019455474e-12
2.084275968964253711e-01 1.730089444717188236e-12
2.088102906923966773e-01 1.697431142024974227e-12
2.091936871522362684e-01 1.393661667593944306e-12
2.095777875661047340e-01 1.605497711842790531e-12
2.099625932265318240e-01 3.121208742834219446e-12
2.103481054284202512e-01 1.793533278411396249e-12
2.107343254690503820e-01 3.834169532390232872e-12
2.111212546480846497e-01 2.369243025724733647e-12
2.115088942675715789e-01 2.066315765892670783e-12
2.118972456319505870e-01 1.550465994964893722e-12
2.122863100480560650e-01 1.653267515143361125e-12
2.126760888251217896e-01 1.380435096772791717e-12
2.130665832747856425e-01 1.659757334267688829e-12
2.134577947110936069e-01 1.251813155466005141e-12
2.138497244505045691e-01 1.615425270871490281e-12
2.142423738118943988e-01 1.657042879063872735e-12
2.146357441165605562e-01 1.875766306714569231e-12
2.150298366882267276e-01 2.143422642591351678e-12
2.154246528530468496e-01 2.517252812376114769e-12
2.158201939396099112e-01 2.951329892994199910e-12
2.162164612789443940e-01 1.817591006140361318e-12
2.166134562045225476e-01 4.796363650609454456e-12
2.170111800522651346e-01 2.093651636284278160e-12
2.174096341605457061e-01 3.708353017856905423e-12
2.178088198701952083e-01 1.861640346987675924e-12
2.182087385245065903e-01 2.682848879678118117e-12
2.186093914692390228e-01 1.709681071720597887e-12
2.190107800526228665e-01 1.699208052116428911e-12
2.194129056253638077e-01 2.796431870037688477e-12
2.198157695406475209e-01 1.804941131360812140e-12
2.202193731541444432e-01 2.931285645745952722e-12
2.206237178240139929e-01 1.578468417434080787e-12
2.210288049109094266e-01 3.677770651581017165e-12
2.214346357779822250e-01 1.821128345382612988e-12
2.218412117908866721e-01 3.717955597304774476e-12
2.222485343177847406e-01 1.219107123683500856e-12
2.226566047293503103e-01 2.313379801931187506e-12
2.230654243987739704e-01 1.903856134302634437e-12
2.234749947017677374e-01 2.051388580552483175e-12
2.238853170165694129e-01 2.886217183766607331e-12
2.242963927239475797e-01 1.471112541913295567e-12
2.247082232072058483e-01 2.916634056849565370e-12
2.251208098521877699e-01 1.844565592528818647e-12
2.255341540472815542e-01 2.969811638103490841e-12
2.259482571834244558e-01 2.189514538981432637e-12
2.263631206541077967e-01 1.882773004115248770e-12
2.267787458553813806e-01 4.499862527870933493e-12
2.271951341858582940e-01 1.413823655028013733e-12
2.276122870467197079e-01 2.849290482936605057e-12
2.280302058417194022e-01 2.609727690245079547e-12
2.284488919771885673e-01 2.875171883480576766e-12
2.288683468620407446e-01 2.549556855015041455e-12
2.292885719077761286e-01 1.699876964890515908e-12
2.297095685284868127e-01 3.854801847803724352e-12
2.301313381408611192e-01 1.544305977411930640e-12
2.305538821641885672e-01 3.416670329660064159e-12
2.309772020203648135e-01 2.053144358957105836e-12
2.314012991338959546e-01 2.059718884172629833e-12
2.318261749319039666e-01 2.504236274055727398e-12
2.322518308441308965e-01 1.294708308402030195e-12
2.326782683029439969e-01 2.016500144788644835e-12
2.331054887433406109e-01 1.694741605578129641e-12
2.335334936029527242e-01 2.070904580322264043e-12
2.339622843220520998e-01 2.415445505685129551e-12
2.343918623435548576e-01 1.461490437143488504e-12
2.348222291130264427e-01 2.482054288082852909e-12
2.352533860786867326e-01 1.798586462987730903e-12
2.356853346914143943e-01 2.286022646009395879e-12
2.361180764047521585e-01 1.873179991139641037e-12
2.365516126749117043e-01 1.047013474595616708e-12
2.369859449607782664e-01 3.598384974063362052e-12
2.374210747239159924e-01 1.785354275987209269e-12
2.378570034285723833e-01 2.313189409017685767e-12
2.382937325416834284e-01 4.571602073054726477e-12
2.387312635328788235e-01 1.306881806139190527e-12
2.391695978744863282e-01 2.856052174776352028e-12
2.396087370415373174e-01 1.369230946849338877e-12
2.400486825117712775e-01 2.154229137702672283e-12
2.404894357656409964e-01 1.661013532649220260e-12
2.409309982863176991e-01 1.431673381664067743e-12
2.413733715596955431e-01 4.039019986394451182e-12
2.418165570743972814e-01 1.834773612216922004e-12
2.422605563217787306e-01 2.737622690270008291e-12
2.427053707959338780e-01 3.480571328890611234e-12
2.431510019937003220e-01 1.215653830473826669e-12
2.435974514146637959e-01 1.712708077846348863e-12
2.440447205611633585e-01 1.865192830808272901e-12
2.444928109382967507e-01 1.346469077580039629e-12
2.449417240539249752e-01 2.207262415125635859e-12
2.453914614186778198e-01 1.451767520068197694e-12
2.458420245459586595e-01 1.140333424435698443e-12
2.462934149519494798e-01 2.077194941914827295e-12
2.467456341556164001e-01 1.045879280152215784e-12
2.471986836787143094e-01 1.861862212755505075e-12
2.476525650457923333e-01 1.321425485312729457e-12
2.481072797841986921e-01 1.739057589633218913e-12
2.485628294240859459e-01 2.676333088723364111e-12
2.490192154984164075e-01 1.928518100715689005e-12
2.494764395429668047e-01 2.188998792243730734e-12
2.499345030963337488e-01 4.977444737056091335e-12
2.503934076999390634e-01 1.450296034949064176e-12
2.508531548980344472e-01 2.758942551615361975e-12
2.513137462377073028e-01 2.542501073361000924e-12
2.517751832688855385e-01 1.497781474941757426e-12
2.522374675443427305e-01 3.079276022709372810e-12
2.527006006197037302e-01 1.842654449963507293e-12
2.531645840534495484e-01 1.307989244579785475e-12
2.536294194069227959e-01 2.200456306731582881e-12
2.540951082443327902e-01 1.479894937995919507e-12
2.545616521327608295e-01 1.900378868086495307e-12
2.550290526421657433e-01 1.844354917790549375e-12
2.554973113453887223e-01 1.470327289863793511e-12
2.559664298181590913e-01 2.169433446338205066e-12
2.564364096390991943e-01 2.484382670593935924e-12
2.569072523897297788e-01 1.464233749134566582e-12
2.573789596544758251e-01 2.226633607105240167e-12
2.578515330206710976e-01 2.078134209480990450e-12
2.583249740785639736e-01 1.432630727578841118e-12
2.587992844213227728e-01 2.414365110594528416e-12
2.592744656450408081e-01 2.059963196131917530e-12
2.597505193487423258e-01 1.365303704397755571e-12
2.602274471343872797e-01 3.434638262099616110e-12
2.607052506068769371e-01 2.350281719277178139e-12
2.611839313740595969e-01 1.372135347426292945e-12
2.616634910467353636e-01 2.486375728560750519e-12
2.621439312386623643e-01 1.688281877738742323e-12
2.626252535665614118e-01 1.406615936847031173e-12
2.631074596501217222e-01 1.665300603379717130e-12
2.635905511120068545e-01 2.896170261611331673e-12
2.640745295778592072e-01 1.465981896794254332e-12
2.645593966763064575e-01 2.285655413063802301e-12
2.650451540389663907e-01 2.567200396538837246e-12
2.655318033004525624e-01 1.400979663383888893e-12
2.660193460983800162e-01 1.640947298374732315e-12
2.665077840733704462e-01 4.665959154107011070e-12
2.669971188690579145e-01 1.555541670261314725e-12
2.674873521320945691e-01 1.700365482842168966e-12
2.679784855121556397e-01 2.880894385169428281e-12
2.684705206619456552e-01 1.382803612991372537e-12
2.689634592372034949e-01 1.898860580512089443e-12
2.694573028967079953e-01 3.675622143083551999e-12
2.699520533022840563e-01 1.761079903008210265e-12
2.704477121188075261e-01 1.417473182816142530e-12
2.709442810142113078e-01 2.699334763969934575e-12
2.714417616594906879e-01 2.210018217095120060e-12
2.719401557287090543e-01 1.416691014836685542e-12
2.724394648990037249e-01 1.814156564703458550e-12
2.729396908505912211e-01 1.836672907484111822e-12
2.734408352667730968e-01 1.188104923237505480e-12
2.739428998339418775e-01 1.396806564774501941e-12
2.744458862415860567e-01 2.025577591125337703e-12
2.749497961822965908e-01 1.394217514210703482e-12
2.754546313517720058e-01 1.431870711593368088e-12
2.759603934488242816e-01 2.549454893252082916e-12
2.764670841753846253e-01 1.584845608863716601e-12
2.769747052365091888e-01 1.224844343983172584e-12
2.774832583403848418e-01 2.788329132289433419e-12
2.779927451983346121e-01 1.531662268809197592e-12
2.785031675248239025e-01 1.397475626203459255e-12
2.790145270374660424e-01 2.774588965717174803e-12
2.795268254570278943e-01 2.148000284760110734e-12
2.800400645074360706e-01 1.736801283109269941e-12
2.805542459157822632e-01 1.949342732205764398e-12
2.810693714123293496e-01 1.452139611635869384e-12
2.815854427305172214e-01 1.775742874590084456e-12
2.821024616069685020e-01 1.119487661480494617e-12
2.826204297814942090e-01 1.460046230517761455e-12
2.831393489971002486e-01 2.136562681964379984e-12
2.836592209999924674e-01 1.286023193640340845e-12
2.841800475395831471e-01 1.066984498447642035e-12
2.847018303684966112e-01 1.977170166280037522e-12
2.852245712425750535e-01 1.394045533399874671e-12
2.857482719208848110e-01 9.852511557681738851e-13
2.862729341657217486e-01 1.772500030559940112e-12
2.867985597426178090e-01 2.587543047085426125e-12
2.873251504203463980e-01 1.447873944637660949e-12
2.878527079709285452e-01 1.770584067191081645e-12
2.883812341696390669e-01 2.846927865059741349e-12
2.889107307950121162e-01 3.254365548919557779e-12
2.894411996288477340e-01 1.546577759842480718e-12
2.899726424562172888e-01 2.446769084961006230e-12
2.905050610654696386e-01 2.464394427811722907e-12
2.910384572482375698e-01 2.070552638274683932e-12
2.915728327994431268e-01 1.435339380436447337e-12
2.921081895173041620e-01 1.453953564175098413e-12
2.926445292033403311e-01 1.842039299620415475e-12
2.931818536623788662e-01 1.494796563569289559e-12
2.937201647025610152e-01 1.461013292489785828e-12
2.942594641353478147e-01 1.817036603001276579e-12
2.947997537755263631e-01 1.730191923785788750e-12
2.953410354412159822e-01 1.668542165102242265e-12
2.958833109538741013e-01 1.472234105131872769e-12
2.964265821383026411e-01 2.066331148358197540e-12
2.969708508226539534e-01 2.711552253361818498e-12
2.975161188384370936e-01 1.930277977661613334e-12
2.980623880205240384e-01 1.558503752658285674e-12
2.986096602071555139e-01 2.899718018822850413e-12
2.991579372399478243e-01 1.947141949222052826e-12
2.997072209638982909e-01 1.390475244688134925e-12
3.002575132273920255e-01 1.792500617043585405e-12
3.008088158822080360e-01 2.235896845983273139e-12
3.013611307835251663e-01 2.503578730592221368e-12
3.019144597899286464e-01 2.042209509407174275e-12
3.024688047634163657e-01 1.692282776972481157e-12
3.030241675694047565e-01 1.608406116396859162e-12
3.035805500767357334e-01 1.540033239682027031e-12
3.041379541576822443e-01 4.048404886040684157e-12
3.046963816879550424e-01 1.592688156361141387e-12
3.052558345467089040e-01 1.541686752622965094e-12
3.058163146165488455e-01 1.839450484484470750e-12
3.063778237835366736e-01 1.927937689736276566e-12
3.069403639371970360e-01 1.835694888200228806e-12
3.075039369705238612e-01 1.785981691460514110e-12
3.080685447799871857e-01 1.448482690962615647e-12
3.086341892655387609e-01 2.426473122479871930e-12
3.092008723306189366e-01 2.876670488732981344e-12
3.097685958821631558e-01 1.550877623755780806e-12
3.103373618306079496e-01 1.339791598569998595e-12
3.109071720898977098e-01 1.741181269587215210e-12
3.114780285774910173e-01 1.798021464095804151e-12
3.120499332143670257e-01 1.408831472766493206e-12
3.126228879250321779e-01 1.711357792181011679e-12
3.131968946375262020e-01 1.379838926949755268e-12
3.137719552834292713e-01 1.335440097107740238e-12
3.143480717978678340e-01 2.545227567734319204e-12
3.149252461195214958e-01 2.425430599453506285e-12
3.155034801906296260e-01 1.259619418955195425e-12
3.160827759569974083e-01 1.519516207967085995e-12
3.166631353680031680e-01 1.917981024816064252e-12
3.172445603766040900e-01 2.396542020658493444e-12
3.178270529393434352e-01 3.303976566655455159e-12
3.184106150163565907e-01 1.690755038467108553e-12
3.189952485713782870e-01 1.944352585314444397e-12
3.195809555717486483e-01 1.475539918089893862e-12
3.201677379884201313e-01 2.067824234456841291e-12
3.207555977959639093e-01 1.344507666867165230e-12
3.213445369725768663e-01 1.381679021121654311e-12
3.219345575000879256e-01 1.404644258730764128e-12
3.225256613639649328e-01 1.184354538937685233e-12
3.231178505533210954e-01 1.771986094385834685e-12
3.237111270609219771e-01 1.894293498022476112e-12
3.243054928831920480e-01 2.016043913422856286e-12
3.249009500202212353e-01 1.312919485398614227e-12
3.254975004757721946e-01 1.176720574331642899e-12
3.260951462572862503e-01 1.116073779927765797e-12
3.266938893758908891e-01 1.993584457033073085e-12
3.272937318464060885e-01 1.896856350389668278e-12
3.278946756873513668e-01 1.300140723459854087e-12
3.284967229209523887e-01 1.316172261971072654e-12
3.290998755731476821e-01 1.250335951205933596e-12
3.297041356735957440e-01 1.249573771322033549e-12
3.303095052556818123e-01 1.462514558707206249e-12
3.309159863565244164e-01 2.225326977607953898e-12
3.315235810169825381e-01 2.785318200570909175e-12
3.321322912816623285e-01 2.128333502659317492e-12
3.327421191989242133e-01 1.748913848532369818e-12
3.333530668208893877e-01 2.378898876375781949e-12
3.339651362034471438e-01 2.202482123014049751e-12
3.345783294062613655e-01 2.139420746144370018e-12
3.351926484927778005e-01 1.702090736333087355e-12
3.358080955302309989e-01 1.598879964520101200e-12
3.364246725896510859e-01 1.552509597255432284e-12
3.370423817458705895e-01 1.584993395539132933e-12
3.376612250775319346e-01 1.296657647822157955e-12
3.382812046670940487e-01 1.497791164027379799e-12
3.389023226008393563e-01 1.608861193046683177e-12
3.395245809688811067e-01 2.493335519924080284e-12
3.401479818651699794e-01 3.346678590450491071e-12
3.407725273875014671e-01 2.420536660801156204e-12
3.413982196375228706e-01 2.271184574356717064e-12
3.420250607207402371e-01 1.749079239796344478e-12
3.426530527465255771e-01 1.346278891594080317e-12
3.432821978281238584e-01 1.570835731794376688e-12
3.439124980826603339e-01 1.772114805877098414e-12
3.445439556311472584e-01 1.681314696434981533e-12
3.451765725984916044e-01 1.532731037233896104e-12
3.458103511135015018e-01 2.955939449640464523e-12
3.464452933088940645e-01 1.831107744116897788e-12
3.470814013213021632e-01 1.571437103545430157e-12
3.477186772912819190e-01 1.436928857500849924e-12
3.483571233633194209e-01 1.744870270565437453e-12
3.489967416858384963e-01 1.906498219019278376e-12
3.496375344112075956e-01 2.354946166010050844e-12
3.502795036957471186e-01 2.001767263762533985e-12
3.509226516997367429e-01 2.410347496362614917e-12
3.515669805874225839e-01 2.088697721235333087e-12
3.522124925270245233e-01 1.894770778551411967e-12
3.528591896907435910e-01 1.263799083454420986e-12
3.535070742547691824e-01 1.123818915563209075e-12
3.541561483992862192e-01 1.310373895453480956e-12
3.548064143084828093e-01 1.605409998046079559e-12
3.554578741705574640e-01 1.410291664356967961e-12
3.561105301777264254e-01 1.542952557449888350e-12
3.567643845262309932e-01 1.584185815752057492e-12
3.574194394163450750e-01 1.676793830891426249e-12
3.580756970523824578e-01 1.830904710072740373e-12
3.587331596427041913e-01 1.984986990289450010e-12
3.593918293997263591e-01 1.426321655898740330e-12
3.600517085399268513e-01 1.302927196503939904e-12
3.607127992838535802e-01 1.684110859913683170e-12
3.613751038561314188e-01 2.582131198839751469e-12
3.620386244854700841e-01 2.325967706679274550e-12
3.627033634046710753e-01 2.021052282095200933e-12
3.633693228506358341e-01 1.931186017798297906e-12
3.640365050643729061e-01 2.049507536670714288e-12
3.647049122910054342e-01 1.789855908274958000e-12
3.653745467797790969e-01 1.409347044722613300e-12
3.660454107840690474e-01 1.354058147364049765e-12
3.667175065613880736e-01 1.428268445393240576e-12
3.673908363733940918e-01 1.780116525706425274e-12
3.680654024858974194e-01 1.672252563816564102e-12
3.687412071688687121e-01 1.650020462681438852e-12
3.694182526964465141e-01 1.523999665049698992e-12
3.700965413469449183e-01 2.039324044548024465e-12
3.707760754028612826e-01 1.563810930493228402e-12
3.714568571508838901e-01 1.850079656555006829e-12
3.721388888818993324e-01 2.185333214746620702e-12
3.728221728910007804e-01 1.730088778376075724e-12
3.735067114774954233e-01 1.718034729562642837e-12
3.741925069449120178e-01 1.279278729785625614e-12
3.748795616010089926e-01 1.399119264173701801e-12
3.755678777577819427e-01 1.311932790645697832e-12
3.762574577314715674e-01 1.214598356177289244e-12
3.769483038425714416e-01 1.302280017524282911e-12
3.776404184158357880e-01 1.416614492006336720e-12
3.783338037802872478e-01 1.154354666585248438e-12
3.790284622692248195e-01 1.150686795651713254e-12
3.797243962202316858e-01 1.121610081598160795e-12
3.804216079751830959e-01 1.533842211972533136e-12
3.811200998802540818e-01 1.683115884118673317e-12
3.818198742859275630e-01 2.311065565407244634e-12
3.825209335470022842e-01 2.098698472295706927e-12
3.832232800226005320e-01 2.090312708085172843e-12
3.839269160761761279e-01 1.719731250499048503e-12
3.846318440755224777e-01 2.345419067491876448e-12
3.853380663927805649e-01 2.189382927743670223e-12
3.860455854044467228e-01 2.253907414468835419e-12
3.867544034913809603e-01 1.270419397825034612e-12
3.874645230388145123e-01 1.437778497175698125e-12
3.881759464363583878e-01 1.374833142460950397e-12
3.888886760780109753e-01 1.678071909736229864e-12
3.896027143621664801e-01 1.401811442848809429e-12
3.903180636916225854e-01 1.799239480025000058e-12
3.910347264735888340e-01 1.805778739328222517e-12
3.917527051196947330e-01 2.190977164357865021e-12
3.924720020459976366e-01 2.533046426381333413e-12
3.931926196729911838e-01 2.120317444196139879e-12
3.939145604256130695e-01 1.830523675234013212e-12
3.946378267332535938e-01 1.723666771765134541e-12
3.953624210297635999e-01 1.714922556914661623e-12
3.960883457534627450e-01 2.289383958828975219e-12
3.968156033471476052e-01 1.746054919583717711e-12
3.975441962581000022e-01 1.916330760145312661e-12
3.982741269380952742e-01 1.670568344929235701e-12
3.990053978434104920e-01 2.878023059155318255e-12
3.997380114348325630e-01 1.791287925028348857e-12
4.004719701776666696e-01 1.669721060222633727e-12
4.012072765417446507e-01 1.644932141796681207e-12
4.019439330014331069e-01 1.659005187243171996e-12
4.026819420356418378e-01 1.342883339385478373e-12
4.034213061278321688e-01 1.460829825424007659e-12
4.041620277660253335e-01 1.363487089488615110e-12
4.049041094428108001e-01 1.504739319502654304e-12
4.056475536553546535e-01 1.625685275510837758e-12
4.063923629054080888e-01 1.680861654356511195e-12
4.071385396993156824e-01 1.449996092424386571e-12
4.078860865480239961e-01 1.489543523176821377e-12
4.086350059670898482e-01 1.443134393705649753e-12
4.093853004766889736e-01 1.545921794389814476e-12
4.101369726016242945e-01 1.654574556173347955e-12
4.108900248713345804e-01 1.724166540302174828e-12
4.116444598199029414e-01 1.679775675116604259e-12
4.124002799860652102e-01 1.552009191473238180e-12
4.131574879132187128e-01 1.864027675917924058e-12
4.139160861494305399e-01 1.780136337633411381e-12
4.146760772474464285e-01 1.497346867642145945e-12
4.154374637646991997e-01 1.561490714083134079e-12
4.162002482633174183e-01 1.986135295421539123e-12
4.169644333101337197e-01 2.877104374832013300e-12
4.177300214766940245e-01 3.026393319692177387e-12
4.184970153392656433e-01 2.057611538115530048e-12
4.192654174788462695e-01 1.700124831808951135e-12
4.200352304811726389e-01 2.152628041610767319e-12
4.208064569367289121e-01 1.942847326177362372e-12
4.215790994407558889e-01 1.566146141085492860e-12
4.223531605932592803e-01 1.511433589254164326e-12
4.231286429990189779e-01 1.597429603190421043e-12
4.239055492675970482e-01 1.753306469819065419e-12
4.246838820133473913e-01 1.651089029735047619e-12
4.254636438554239009e-01 1.587294843426055760e-12
4.262448374177896238e-01 1.336284355076887778e-12
4.270274653292253086e-01 1.920467197984802835e-12
4.278115302233385653e-01 1.523742746651550565e-12
4.285970347385724133e-01 1.631004703193198584e-12
4.293839815182144415e-01 2.823381721616348858e-12
4.301723732104055786e-01 1.816122732512052949e-12
4.309622124681489197e-01 1.478087670260915549e-12
4.317535019493187742e-01 1.223667523825878069e-12
4.325462443166695481e-01 1.535217756319178949e-12
4.333404422378449028e-01 1.436554784361911935e-12
4.341360983853861932e-01 1.386373510814847185e-12
4.349332154367422376e-01 1.330746000411807983e-12
4.357317960742775886e-01 1.586415952796631719e-12
4.365318429852821369e-01 1.288327717169479104e-12
4.373333588619797707e-01 1.152618614912291711e-12
4.381363464015374798e-01 1.285072839398230587e-12
4.389408083060747923e-01 2.132018504570373600e-12
4.397467472826723234e-01 1.532240137302671804e-12
4.405541660433813234e-01 2.448143743041689086e-12
4.413630673052325593e-01 2.482146603915076472e-12
4.421734537902455298e-01 1.471050706614287516e-12
4.429853282254377356e-01 1.910082531500146529e-12
4.437986933428336722e-01 2.155392001302065599e-12
4.446135518794741004e-01 1.709253648782100442e-12
4.454299065774252608e-01 1.687920521105238909e-12
4.462477601837880892e-01 1.520493749718924654e-12
4.470671154507075418e-01 1.127109475482180796e-12
4.478879751353817551e-01 1.303962417929871640e-12
4.487103420000712606e-01 1.492731209250059208e-12
4.495342188121085325e-01 1.711511244031083238e-12
4.503596083439070363e-01 1.306107277006972424e-12
4.511865133729706656e-01 1.298525465410276988e-12
4.520149366819031789e-01 1.823891945845767830e-12
4.528448810584173589e-01 2.236601507023025165e-12
4.536763492953445609e-01 2.148672148045883143e-12
4.545093441906440379e-01 1.872723348659587781e-12
4.553438685474124892e-01 2.495251055474591987e-12
4.561799251738931082e-01 1.780485852041837228e-12
4.570175168834855750e-01 1.357822315660959726e-12
4.578566464947551040e-01 1.604874856728010614e-12
4.586973168314421589e-01 1.650183713530558864e-12
4.595395307224718895e-01 1.712172624937568326e-12
4.603832910019634017e-01 1.715743977513397571e-12
4.612286005092398611e-01 2.225746231684266114e-12
4.620754620888374298e-01 1.296402109548555776e-12
4.629238785905153697e-01 1.326098417916704259e-12
4.637738528692651463e-01 1.389782481674037884e-12
4.646253877853204206e-01 1.501135208400788604e-12
4.654784862041664861e-01 1.399231621786752908e-12
4.663331509965499833e-01 1.731420486483541224e-12
4.671893850384885027e-01 1.795353897167824710e-12
4.680471912112802446e-01 1.799206064768099062e-12
4.689065724015138437e-01 2.001496018966386316e-12
4.697675315010779173e-01 2.418730189506858752e-12
4.706300714071710023e-01 2.112447811060539228e-12
4.714941950223110467e-01 1.836842159322758184e-12
4.723599052543452914e-01 1.561954029658775646e-12
4.732272050164602062e-01 1.565430652931546566e-12
4.740960972271910934e-01 1.452637542271707030e-12
4.749665848104320798e-01 1.620112658216519083e-12
4.758386706954455536e-01 1.443247907912990013e-12
4.767123578168726561e-01 1.433573712203289791e-12
4.775876491147426073e-01 1.372065241349706554e-12
4.784645475344830312e-01 1.345304286508351793e-12
4.793430560269293372e-01 1.733464003343181564e-12
4.802231775483352672e-01 1.840864844041248015e-12
4.811049150603822766e-01 1.699602559959810949e-12
4.819882715301900822e-01 1.815937945507616084e-12
4.828732499303259318e-01 1.841064039517952079e-12
4.837598532388153183e-01 1.349880156221865347e-12
4.846480844391515275e-01 1.726615450363382873e-12
4.855379465203059630e-01 1.619837302397074246e-12
4.864294424767379721e-01 1.592270581076118368e-12
4.873225753084049483e-01 1.396634691144850359e-12
4.882173480207727123e-01 1.799040811048292210e-12
4.891137636248253373e-01 1.799698741963681634e-12
4.900118251370753075e-01 2.187120447113848836e-12
4.909115355795736768e-01 1.743389628104955000e-12
4.918128979799204492e-01 1.897186743522490854e-12
4.927159153712745154e-01 2.062641669604678853e-12
4.936205907923639780e-01 1.383469255752991816e-12
4.945269272874963096e-01 1.450001482543214420e-12
4.954349279065686229e-01 1.785471460094866448e-12
4.963445957050779400e-01 1.554474566904143385e-12
4.972559337441315175e-01 1.345633465459344030e-12
4.981689450904572269e-01 1.236478598966566665e-12
4.990836328164134361e-01 1.652194203381173104e-12
5.000000000000000000e-01 1.491398990740364846e-12
5.025856452767318849e-01 2.276493972276039312e-12
5.037578373147669764e-01 2.231249039743516637e-12
5.049327632832018020e-01 1.921126059858268723e-12
5.061104295584448742e-01 1.387963065986436455e-12
5.072908425317766978e-01 1.953623450003952415e-12
5.084740086093841871e-01 2.036562578418290994e-12
5.096599342123957488e-01 1.356213998515587253e-12
5.108486257769158101e-01 1.587755460839448348e-12
5.120400897540599017e-01 1.505896550982599391e-12
5.132343326099895187e-01 1.811064937077607553e-12
5.144313608259475368e-01 1.268191899380977044e-12
5.156311808982930733e-01 1.350305978023744419e-12
5.168337993385370144e-01 1.517372891830360256e-12
5.180392226733767647e-01 1.396019649695801647e-12
5.192474574447326630e-01 1.810576105010773703e-12
5.204585102097825100e-01 2.074990680261534936e-12
5.216723875409976507e-01 1.915797780612984199e-12
5.228890960261786125e-01 1.863330555602291747e-12
5.241086422684908541e-01 1.489366343361419441e-12
5.253310328865005152e-01 1.263368714322572686e-12
5.265562745142100542e-01 1.345164919871083890e-12
5.277843738010952190e-01 1.204209602565924910e-12
5.290153374121397967e-01 1.125911191445816791e-12
5.302491720278729170e-01 8.507772046636203981e-13
5.314858843444048020e-01 9.740592541333053630e-13
5.327254810734629586e-01 1.998524318212755602e-12
5.339679689424289277e-01 2.264990411909189338e-12
5.352133546943746989e-01 1.791221995010724081e-12
5.364616450880993481e-01 1.022595780244864578e-12
5.377128468981654530e-01 1.081128849535392684e-12
5.389669669149363962e-01 1.517843591744153433e-12
5.402240119446124478e-01 1.485997842589355030e-12
5.414839888092685127e-01 1.708507958261501694e-12
5.427469043468905463e-01 1.201213147144842418e-12
5.440127654114128575e-01 1.249608701539628710e-12
5.452815788727557456e-01 1.091096089896540981e-12
5.465533516168618045e-01 1.130179281992391294e-12
5.478280905457342254e-01 1.242117041308689990e-12
5.491058025774738782e-01 1.330632389356173828e-12
5.503864946463168373e-01 1.377643588210231315e-12
5.516701737026721286e-01 1.925452088370252199e-12
5.529568467131591447e-01 1.685521796858163157e-12
5.542465206606458361e-01 1.099776441817023859e-12
5.555392025442865700e-01 1.328786536840613516e-12
5.568348993795597668e-01 1.946222392590425794e-12
5.581336181983064249e-01 1.856005258034638711e-12
5.594353660487680902e-01 1.495654580073204527e-12
5.607401499956247148e-01 1.199613058972564135e-12
5.620479771200337371e-01 1.345286716585884017e-12
5.633588545196680508e-01 1.002564838223669629e-12
5.646727893087545302e-01 8.233191935143818724e-13
5.659897886181128879e-01 7.446418310927573202e-13
5.673098595951938661e-01 9.509390804999376822e-13
5.686330094041188721e-01 1.256432643465055707e-12
5.699592452257180586e-01 1.177029840521012222e-12
5.712885742575694037e-01 1.246166399688492255e-12
5.726210037140384568e-01 1.201128720985112313e-12
5.739565408263165303e-01 1.019599153946671898e-12
5.752951928424606676e-01 1.504499845472586876e-12
5.766369670274328341e-01 9.840533249542471108e-13
5.779818706631387748e-01 8.698917708776991276e-13
5.793299110484684267e-01 8.713892741340877774e-13
5.806810954993349982e-01 8.611739781291862177e-13
5.820354313487147158e-01 6.478870634094981088e-13
5.833929259466864581e-01 8.402178459245529138e-13
5.847535866604722798e-01 7.549111136211303275e-13
5.861174208744768244e-01 9.497326109715894700e-13
5.874844359903272917e-01 8.511171180886380660e-13
5.888546394269142947e-01 6.771784219242181008e-13
5.902280386204313833e-01 7.204329196385975204e-13
5.916046410244157894e-01 8.838995767686941627e-13
5.929844541097888388e-01 1.841446617308810106e-12
5.943674853648963641e-01 1.491448651276670173e-12
5.957537422955496709e-01 1.610181779882575662e-12
5.971432324250658397e-01 1.432324939854335679e-12
5.985359632943086927e-01 1.345065160657562498e-12
5.999319424617299834e-01 1.116444989015874195e-12
6.013311775034101414e-01 1.122462208550133321e-12
6.027336760130993509e-01 1.223933326540233441e-12
6.041394456022590731e-01 1.190802642607081404e-12
6.055484939001030131e-01 1.038077680325926801e-12
6.069608285536386427e-01 1.017466233894052284e-12
6.083764572277088334e-01 1.075797851803810599e-12
6.097953876050332678e-01 1.113094951875387364e-12
6.112176273862504061e-01 7.914323543941637888e-13
6.126431842899586755e-01 8.571039005187067491e-13
6.140720660527591024e-01 1.218644325676430801e-12
6.155042804292969461e-01 1.315578735742293516e-12
6.169398351923035539e-01 1.432604035411937724e-12
6.183787381326392163e-01 1.285002472643888402e-12
6.198209970593345775e-01 1.401250988449878676e-12
6.212666197996337125e-01 1.281967595949278433e-12
6.227156141990364269e-01 1.116933551523960116e-12
6.241679881213405556e-01 1.141808458628670413e-12
6.256237494486849293e-01 1.209233030831438755e-12
6.270829060815921174e-01 1.454994759340848774e-12
6.285454659390111720e-01 1.542868741803489276e-12
6.300114369583608154e-01 1.308202142598627035e-12
6.314808270955722946e-01 1.458468790189581045e-12
6.329536443251326805e-01 9.684856462660004489e-13
6.344298966401281659e-01 9.864476777409970262e-13
6.359095920522873646e-01 1.106875836207789438e-12
6.373927385920248323e-01 9.882297062477637778e-13
6.388793443084845869e-01 8.807672058772866685e-13
6.403694172695840736e-01 9.626941283991629864e-13
6.418629655620573526e-01 1.128359434260523360e-12
6.433599972914996190e-01 1.233764135913090296e-12
6.448605205824109454e-01 1.510455929552090101e-12
6.463645435782402471e-01 9.718681798046038009e-13
6.478720744414296906e-01 1.196039295723546330e-12
6.493831213534588809e-01 1.167125542549762494e-12
6.508976925148891590e-01 1.400853109971011209e-12
6.524157961454083443e-01 1.144603936381661345e-12
6.539374404838751431e-01 1.091526853094531638e-12
6.554626337883641130e-01 9.844861322934030870e-13
6.569913843362099604e-01 1.146639272722408504e-12
6.585237004240532821e-01 1.232889223035092804e-12
6.600595903678846410e-01 9.535836949878258788e-13
6.615990625030905292e-01 1.330264699604440772e-12
6.631421251844981102e-01 1.052612242664451237e-12
6.646887867864207378e-01 1.147605539184500854e-12
6.662390557027032534e-01 1.540936034847444458e-12
6.677929403467678382e-01 1.232056634651069387e-12
6.693504491516593102e-01 1.323236481783813125e-12
6.709115905700913096e-01 1.042669041037666787e-12
6.724763730744915957e-01 8.997933341128305496e-13
6.740448051570487875e-01 8.328588978203124617e-13
6.756168953297575497e-01 1.031979236433649661e-12
6.771926521244657771e-01 1.342385175267839446e-12
6.787720840929198918e-01 1.227065630640655911e-12
6.803551998068121387e-01 1.262351168702009627e-12
6.819420078578265487e-01 1.235729717248621412e-12
6.835325168576856791e-01 1.369298373748203005e-12
6.851267354381976871e-01 1.177957877100432856e-12
6.867246722513024038e-01 1.147342033237365841e-12
6.883263359691192962e-01 1.462529700792273689e-12
6.899317352839935413e-01 1.082025791375888628e-12
6.915408789085442098e-01 9.973018414012201009e-13
6.931537755757104513e-01 9.250420359228885071e-13
6.947704340387999000e-01 1.075227498582590300e-12
6.963908630715354153e-01 1.032313420902129099e-12
6.980150714681031543e-01 9.463275693524630219e-13
6.996430680432002003e-01 9.408478205487477898e-13
7.012748616320824135e-01 8.108227257626576271e-13
7.029104610906119488e-01 9.416569854251847739e-13
7.045498752953061050e-01 1.277933135000984761e-12
7.061931131433849540e-01 1.246364316491036614e-12
7.078401835528197461e-01 1.138334516989508474e-12
7.094910954623810939e-01 1.044226513971161612e-12
7.111458578316882662e-01 1.113391236698842126e-12
7.128044796412567052e-01 1.018827382182176928e-12
7.144669698925475432e-01 1.029635132016666231e-12
7.161333376080163404e-01 9.957580218785338536e-13
7.178035918311616026e-01 1.060936608025434113e-12
7.194777416265746295e-01 8.904036171092688690e-13
7.211557960799879208e-01 1.230998488761664742e-12
7.228377642983249141e-01 6.048189425424540727e-13
7.245236554097496118e-01 5.042656375980321481e-13
7.262134785637154311e-01 5.197982406643254716e-13
7.279072429310154968e-01 7.372760972133657757e-13
7.296049577038320466e-01 1.208956602059242493e-12
7.313066320957867239e-01 1.338627907103585491e-12
7.330122753419900938e-01 1.071294922682644818e-12
7.347218966990920475e-01 8.118729305920551980e-13
7.364355054453318727e-01 6.867088442578617826e-13
7.381531108805887698e-01 6.372244342053052101e-13
7.398747223264324768e-01 6.086569455628009529e-13
7.416003491261732306e-01 6.250563339997119009e-13
7.433300006449131692e-01 6.040847052425502337e-13
7.450636862695969587e-01 6.250783764755225645e-13
7.468014154090623080e-01 6.501255217810318153e-13
7.485431974940915945e-01 1.048976753769304917e-12
7.502890419774629338e-01 1.216616778177470815e-12
7.520389583340010287e-01 1.301467722984530621e-12
7.537929560606293489e-01 1.077355220663321296e-12
7.555510446764208687e-01 1.478486743633903739e-12
7.573132337226504696e-01 1.203269028417365055e-12
7.590795327628460099e-01 1.023757121078006155e-12
7.608499513828409500e-01 8.870412050726761307e-13
7.626244991908256443e-01 7.175945999512574379e-13
7.644031858174001881e-01 6.125318364140337989e-13
7.661860209156261536e-01 6.945841748892051970e-13
7.679730141610792149e-01 5.848083084274427400e-13
7.697641752519015501e-01 5.922702704686680688e-13
7.715595139088545773e-01 6.501713242309413491e-13
7.733590398753716899e-01 7.251843523293657805e-13
7.751627629176112144e-01 8.092976333628370258e-13
7.769706928245091460e-01 1.019773556256349499e-12
7.787828394078324390e-01 8.437947862494296559e-13
7.805992125022324091e-01 1.002490304226115908e-12
7.824198219652978015e-01 1.122472320243464991e-12
7.842446776776086370e-01 1.300939853258707328e-12
7.860737895427892807e-01 1.081958053926244333e-12
7.879071674875629538e-01 1.208881482481110759e-12
7.897448214618050244e-01 1.080743183423347303e-12
7.915867614385970752e-01 1.038966875561104295e-12
7.934329974142813047e-01 9.983393316893209374e-13
7.952835394085145948e-01 9.953913923198520367e-13
7.971383974643228010e-01 7.772670186975087406e-13
7.989975816481553750e-01 8.183303388133795452e-13
8.008611020499400990e-01 6.370208161075763940e-13
8.027289687831377085e-01 8.112781631808236673e-13
8.046011919847965155e-01 5.825556966592451374e-13
8.064777818156081413e-01 9.314108957921613864e-13
8.083587484599619177e-01 8.797946832909693144e-13
8.102441021260005094e-01 9.488339218205093248e-13
8.121338530456753135e-01 8.728395420985184417e-13
8.140280114748019713e-01 6.979781702359313930e-13
8.159265876931159900e-01 8.282925624771279943e-13
8.178295920043283651e-01 7.286615528934234922e-13
8.197370347361819798e-01 7.919749914473420907e-13
8.216489262405071159e-01 7.224882658546387400e-13
8.235652768932778534e-01 7.219486181619810908e-13
8.254860970946685805e-01 5.132103806329028756e-13
8.274113972691101715e-01 5.894489091831911887e-13
8.293411878653464964e-01 6.364078234255817300e-13
8.312754793564914868e-01 5.404927775925939031e-13
8.332142822400856463e-01 5.703522404494549157e-13
8.351576070381532269e-01 4.720309217587915102e-13
8.371054642972589610e-01 8.548735770540636569e-13
8.390578645885660158e-01 8.554336270972761479e-13
8.410148185078923921e-01 8.867440617400250239e-13
8.429763366757695442e-01 8.651021948965750940e-13
8.449424297374991122e-01 6.813999095740018160e-13
8.469131083632107648e-01 6.467848901562538444e-13
8.488883832479210412e-01 8.725797485368878003e-13
8.508682651115899720e-01 7.656432479434466530e-13
8.528527646991805877e-01 5.522241545668460029e-13
8.548418927807163170e-01 6.903834536882442698e-13
8.568356601513397175e-01 8.344904169696739209e-13
8.588340776313714287e-01 6.965168148618464427e-13
8.608371560663682365e-01 5.211631059497557010e-13
8.628449063271824704e-01 6.295734818343078866e-13
8.648573393100207340e-01 8.814403348703423671e-13
8.668744659365030802e-01 5.895138811113528347e-13
8.688962971537224078e-01 8.082926842813191872e-13
8.709228439343035255e-01 1.049343236807624282e-12
8.729541172764632151e-01 1.021454313377994180e-12
8.749901282040695172e-01 8.372011801051716141e-13
8.770308877667017944e-01 1.149594183592602699e-12
8.790764070397104613e-01 7.871563151712761303e-13
8.811266971242773804e-01 7.051220487142060003e-13
8.831817691474758147e-01 7.106717374367820082e-13
8.852416342623309342e-01 9.954773074979368305e-13
8.873063036478805454e-01 7.305663013552282705e-13
8.893757885092354876e-01 9.192028337072777179e-13
8.914501000776403616e-01 8.110693309190982847e-13
8.935292496105350368e-01 7.474878371409365091e-13
8.956132483916151577e-01 9.026102743999380060e-13
8.977021077308933172e-01 8.033295583430812999e-13
8.997958389647613409e-01 6.565857859990254689e-13
9.018944534560504600e-01 7.455922469704882084e-13
9.039979625940943730e-01 7.376639233576849490e-13
9.061063777947898634e-01 6.437908065196010900e-13
9.082197105006596383e-01 8.318657696735286247e-13
9.103379721809137237e-01 7.640783596510203090e-13
9.124611743315124146e-01 6.049104323482616346e-13
9.145893284752280028e-01 7.678325749212565284e-13
9.167224461617077269e-01 8.125997633933778364e-13
9.188605389675362778e-01 1.005129715509228760e-12
9.210036184962988592e-01 9.766147198663782962e-13
9.231516963786436936e-01 1.269258363498586986e-12
9.253047842723456373e-01 6.638760785450344314e-13
9.274628938623692420e-01 1.027979539130236635e-12
9.296260368609320368e-01 7.554027760107985312e-13
9.317942250075684774e-01 9.512804594102657673e-13
9.339674700691930065e-01 4.671999396941889992e-13
9.361457838401646692e-01 8.307452168427737772e-13
9.383291781423506173e-01 6.928241431265855564e-13
9.405176648251903915e-01 6.636573892437916751e-13
9.427112557657603142e-01 7.546857514294660016e-13
9.449099628688378827e-01 6.816371230335501213e-13
9.471137980669663836e-01 7.181584059645380019e-13
9.493227733205196195e-01 5.863557182243898195e-13
9.515369006177667455e-01 5.810965673754688226e-13
9.537561919749376615e-01 6.786556163682506101e-13
9.559806594362878496e-01 4.751005933583750191e-13
9.582103150741639874e-01 5.309851407667472371e-13
9.604451709890691191e-01 5.522157861397046486e-13
9.626852393097288241e-01 7.941670636118348056e-13
9.649305321931567203e-01 4.761885448432035747e-13
9.671810618247205227e-01 6.348472734516052442e-13
9.694368404182079901e-01 7.886583483138111536e-13
9.716978802158936501e-01 5.458381691058011359e-13
9.739641934886048569e-01 3.795314280301909511e-13
9.762357925357882937e-01 7.983592365406622466e-13
9.785126896855772527e-01 6.103552448820262711e-13
9.807948972948579147e-01 4.911640049450671385e-13
9.830824277493370733e-01 4.117946966187316717e-13
9.853752934636087479e-01 5.267865244110851009e-13
9.876735068812215745e-01 6.405252093081242440e-13
9.899770804747470843e-01 8.371051516601632849e-13
9.922860267458465389e-01 3.802277283763341516e-13
9.946003582253392095e-01 5.134903909652494050e-13
9.969200874732702111e-01 5.031999189207387522e-13
9.992452270789787816e-01 7.171021039562327537e-13
1.001575789661166560e+00 9.550812140569472772e-13
1.003911787867965977e+00 1.001264207357725825e-12
1.006253234377009420e+00 9.559039411370976511e-13
1.008600141895496849e+00 7.173405443691276862e-13
1.010952523160266514e+00 7.667356406219532351e-13
1.013310390937862016e+00 1.014647798855532479e-12
1.015673758024603357e+00 9.594305896566521301e-13
1.018042637246655335e+00 1.131863995876447164e-12
1.020417041460098151e+00 1.153123278400144598e-12
1.022796983550995575e+00 1.122632586273362351e-12
1.025182476435466450e+00 9.576863024663286779e-13
1.027573533059754185e+00 1.088366816392357860e-12
1.029970166400296927e+00 1.369183574904381548e-12
1.032372389463797724e+00 1.206172568056803429e-12
1.034780215287295801e+00 1.007050568336392286e-12
1.037193656938237174e+00 7.981051014720536450e-13
1.039612727514545032e+00 7.232476330758290601e-13
1.042037440144691240e+00 6.896160499260551682e-13
1.044467807987767172e+00 4.726206861474199023e-13
1.046903844233556091e+00 6.834517638607649056e-13
1.049345562102603768e+00 4.741506158821364505e-13
1.051792974846290196e+00 3.395878576194570227e-13
1.054246095746902867e+00 3.296520628945590362e-13
1.056704938117706494e+00 4.692230318687233503e-13
1.059169515303018061e+00 5.625455466594558521e-13
1.061639840678276547e+00 5.544497223078188893e-13
1.064115927650117532e+00 5.232503196581602002e-13
1.066597789656444917e+00 2.979798172191969654e-13
1.069085440166504419e+00 5.874900906019232620e-13
1.071578892680955963e+00 7.606302036547685678e-13
1.074078160731947840e+00 7.812732482526497397e-13
1.076583257883188871e+00 5.673652404146108863e-13
1.079094197730023907e+00 2.561976393435191228e-13
1.081610993899505990e+00 3.840143802987345723e-13
1.084133660050470516e+00 7.523184108428572001e-13
1.086662209873610507e+00 5.270801589859018966e-13
1.089196657091549225e+00 9.661717521377102738e-13
1.091737015458916105e+00 9.415627621847372125e-13
1.094283298762420920e+00 3.375420213263841712e-13
1.096835520820927723e+00 3.948482150137202003e-13
1.099393695485531453e+00 4.940633488294323322e-13
1.101957836639632093e+00 8.199254258980678357e-13
1.104527958199009730e+00 5.885392760423347327e-13
1.107104074111900927e+00 4.293262908360261018e-13
1.109686198359074227e+00 5.233714443743124931e-13
1.112274344953905647e+00 4.730053301791965740e-13
1.114868527942454390e+00 9.933065955572143351e-13
1.117468761403540789e+00 5.493302141189849806e-13
1.120075059448820243e+00 6.925029437216399942e-13
1.122687436222861823e+00 4.491839470144098387e-13
1.125305905903224435e+00 3.985506871398363486e-13
1.127930482700533199e+00 5.149257379988396606e-13
1.130561180858557169e+00 5.803048299095136530e-13
1.133198014654286379e+00 3.358060090608186164e-13
1.135840998398009560e+00 3.516655466923469281e-13
1.138490146433391637e+00 2.762618232534151740e-13
1.141145473137551436e+00 4.004421107009354476e-13
1.143806992921140298e+00 4.931416279062008202e-13
1.146474720228419120e+00 4.083594898551593996e-13
1.149148669537338296e+00 4.272277138202902492e-13
1.151828855359614767e+00 5.679116545694990772e-13
1.154515292240811952e+00 2.864026539577169653e-13
1.157207994760418135e+00 4.791819711562174195e-13
1.159906977531925731e+00 5.422071471208058651e-13
1.162612255202909894e+00 5.901076241973910935e-13
1.165323842455109782e+00 5.646654803509797537e-13
1.168041754004506050e+00 7.824882270502860112e-13
1.170766004601402566e+00 3.483183217909504574e-13
1.173496609030505233e+00 5.951627613460630928e-13
1.176233582111002596e+00 3.931094193668054151e-13
1.178976938696646881e+00 7.690942013188317560e-13
1.181726693675833273e+00 8.661163834918908729e-13
1.184482861971682066e+00 5.275529191921220571e-13
1.187245458542119048e+00 5.088427049959830114e-13
1.190014498379956542e+00 7.421395584293676229e-13
1.192789996512974904e+00 4.086508442135063577e-13
1.195571968004004448e+00 3.912207635136338162e-13
1.198360427951006502e+00 2.985120692721985956e-13
1.201155391487155999e+00 3.240837360110613215e-13
1.203956873780922976e+00 4.094122652083065190e-13
1.206764890036155835e+00 6.227967641817671173e-13
1.209579455492162614e+00 3.087626850958913609e-13
1.212400585423794919e+00 4.108139319374442312e-13
1.215228295141529635e+00 3.739613961234536065e-13
1.218062599991552863e+00 6.415935003604502088e-13
1.220903515355843405e+00 3.764323896721066239e-13
1.223751056652255365e+00 4.944105471409302096e-13
1.226605239334602082e+00 7.142869366112636273e-13
1.229466078892740732e+00 4.305762310402803458e-13
1.232333590852655369e+00 4.806656626022245905e-13
1.235207790776541747e+00 3.921366751761863729e-13
1.238088694262891920e+00 4.881852753882668480e-13
1.240976316946578395e+00 3.777211410718119094e-13
1.243870674498939621e+00 2.434414892047487838e-13
1.246771782627864145e+00 5.646045092119440568e-13
1.249679657077876982e+00 5.954871437094253240e-13
1.252594313630223555e+00 6.448085831071421944e-13
1.255515768102957397e+00 3.686033086780062830e-13
1.258444036351024087e+00 5.276108093266820027e-13
1.261379134266348068e+00 4.858629122694966881e-13
1.264321077777919244e+00 4.107851544990006537e-13
1.267269882851879137e+00 6.331110742169280766e-13
1.270225565491606812e+00 3.422926644033740639e-13
1.273188141737806811e+00 2.956334314293649424e-13
1.276157627668595973e+00 3.240588344005834464e-13
1.279134039399590472e+00 5.684893340544618111e-13
1.282117393083992640e+00 3.820316367384519332e-13
1.285107704912680004e+00 2.935014562166791656e-13
1.288104991114292108e+00 4.889052255624288499e-13
1.291109267955319329e+00 3.706935021887744871e-13
1.294120551740190139e+00 6.890080242579333446e-13
1.297138858811360596e+00 4.706453434925482707e-13
1.300164205549402707e+00 7.074530962665462070e-13
1.303196608373093035e+00 4.006473231611802599e-13
1.306236083739501952e+00 5.969427910762400239e-13
1.309282648144083572e+00 4.692657278489005376e-13
1.312336318120763901e+00 2.786406966319013525e-13
1.315397110242032319e+00 2.441712792914761647e-13
1.318465041119029735e+00 7.208213892463113020e-13
1.321540127401640508e+00 5.102864927108856929e-13
1.324622385778580824e+00 5.165093572815832016e-13
1.327711832977491291e+00 4.494893180438735610e-13
1.330808485765026417e+00 3.516550968590797872e-13
1.333912360946945874e+00 2.834033946828431658e-13
1.337023475368205983e+00 4.259166159211949110e-13
1.340141845913050744e+00 4.026631743354387216e-13
1.343267489505103773e+00 3.053951338996307621e-13
1.346400423107459998e+00 3.503197085731484611e-13
1.349540663722778033e+00 5.113134207433017363e-13
1.352688228393371661e+00 4.316114978656279689e-13
1.355843134201303313e+00 3.345132235062878109e-13
1.359005398268476217e+00 4.468218264308150100e-13
1.362175037756726992e+00 3.319379728012181615e-13
1.365352069867919793e+00 3.703227889753194102e-13
1.368536511844038683e+00 4.138007463689837620e-13
1.371728380967281780e+00 3.163167369531876153e-13
1.374927694560154956e+00 2.211446321062123119e-13
1.378134469985565547e+00 4.547729587676324184e-13
1.381348724646916715e+00 3.930493048943568775e-13
1.384570475988202265e+00 5.061247612011162008e-13
1.387799741494100791e+00 4.839309528888687973e-13
1.391036538690071378e+00 5.041047006645732112e-13
1.394280885142447080e+00 4.353910214873082218e-13
1.397532798458531955e+00 3.740775608151714914e-13
1.400792296286696548e+00 6.589219631968712977e-13
1.404059396316472030e+00 5.357690368531276942e-13
1.407334116278647684e+00 4.466094615002297935e-13
1.410616473945366822e+00 3.847064329585493235e-13
1.413906487130223377e+00 3.819116614552033203e-13
1.417204173688357605e+00 6.229144680427097591e-13
1.420509551516554669e+00 8.293181139154533144e-13
1.423822638553339681e+00 3.308089194795127792e-13
1.427143452779077393e+00 4.502358445881276108e-13
1.430472012216067457e+00 2.821312906266314585e-13
1.433808334928644346e+00 4.085622547002881970e-13
1.437152439023273720e+00 5.733673073685712093e-13
1.440504342648651681e+00 4.942918283473900646e-13
1.443864063995802471e+00 6.106109501222312870e-13
1.447231621298178617e+00 5.043832331520781551e-13
1.450607032831757959e+00 3.966755229798715883e-13
1.453990316915144243e+00 5.575884081152244659e-13
1.457381491909666371e+00 7.389606928691050636e-13
1.460780576219477211e+00 6.205378812155406251e-13
1.464187588291654851e+00 7.111852622245796667e-13
1.467602546616300963e+00 6.405688357765340560e-13
1.471025469726642720e+00 3.692162926614477795e-13
1.474456376199132945e+00 6.746622281411875255e-13
1.477895284653550023e+00 4.602410233518673195e-13
1.481342213753100268e+00 5.828892074176665093e-13
1.484797182204518506e+00 6.420387530646544337e-13
1.488260208758169778e+00 4.058560186522108062e-13
1.491731312208150584e+00 5.795362983908983954e-13
1.495210511392391917e+00 9.874540704180568845e-13
1.498697825192760513e+00 7.432323835116416637e-13
1.502193272535161883e+00 7.540246869336258721e-13
1.505696872389642671e+00 6.563058165294181632e-13
1.509208643770494351e+00 5.229242743297675194e-13
1.512728605736354925e+00 4.582717401730539590e-13
1.516256777390314392e+00 5.598369000334176053e-13
1.519793177880016222e+00 5.232181108629082775e-13
1.523337826397763495e+00 4.988627539564611418e-13
1.526890742180620819e+00 4.451171362046779628e-13
1.530451944510520912e+00 4.454932743376552440e-13
1.534021452714367184e+00 4.393579359491075674e-13
1.537599286164140544e+00 4.149209713284776886e-13
1.541185464277002648e+00 3.736751695234393355e-13
1.544780006515403370e+00 4.166002092573953861e-13
1.548382932387184496e+00 4.149376700914432667e-13
1.551994261445686529e+00 4.323522488817481986e-13
1.555614013289854825e+00 4.527893492106374657e-13
1.559242207564345506e+00 3.965458663557846857e-13
1.562878863959633158e+00 4.418312650360478280e-13
1.566524002212116073e+00 5.802582700733522647e-13
1.570177642104224169e+00 6.410564315360488468e-13
1.573839803464527343e+00 6.024097947984840784e-13
1.577510506167841164e+00 6.322304951749191808e-13
1.581189770135335904e+00 6.026275863799622598e-13
1.584877615334644663e+00 1.097462365478175142e-12
1.588574061779971514e+00 1.213858895303749938e-12
1.592279129532200077e+00 1.058746929802426408e-12
1.595992838699001881e+00 7.263504761894194832e-13
1.599715209434946939e+00 1.231892441588044028e-12
1.603446261941611661e+00 6.422659678258827902e-13
1.607186016467688994e+00 7.263663071396584488e-13
1.610934493309098992e+00 9.372240236149921075e-13
1.614691712809097845e+00 1.034901341971585039e-12
1.618457695358388682e+00 6.178650084510787554e-13
1.622232461395232583e+00 8.076192416938981071e-13
1.626016031405559170e+00 7.989286079226868429e-13
1.629808425923078286e+00 8.165198985404699814e-13
1.633609665529389909e+00 8.077650864169457181e-13
1.637419770854098289e+00 1.045974371508526914e-12
1.641238762574921850e+00 9.095268625167589591e-13
1.645066661417806220e+00 5.517564960746600058e-13
1.648903488157036579e+00 3.855823481663038091e-13
1.652749263615350461e+00 4.983870660449749877e-13
1.656604008664050998e+00 4.462758935354184189e-13
1.660467744223119713e+00 4.541840285435454557e-13
1.664340491261329991e+00 4.035535824597720724e-13
1.668222270796362094e+00 3.961116663985121385e-13
1.672113103894915520e+00 3.970086618761155090e-13
1.676013011672824016e+00 4.080281152597480122e-13
1.679922015295171045e+00 4.147589461458996524e-13
1.683840135976402808e+00 4.255190928993710287e-13
1.687767394980445479e+00 4.470705139895310239e-13
1.691703813620819119e+00 4.447449442895500697e-13
1.695649413260753580e+00 4.939827324921973236e-13
1.699604215313304856e+00 5.615843137074469922e-13
1.703568241241471437e+00 5.945119194967912739e-13
1.707541512558309993e+00 5.288170203143538953e-13
1.711524050827053056e+00 4.466653373296377388e-13
1.715515877661224708e+00 5.136327712529800594e-13
1.719517014724759818e+00 7.876204404243847526e-13
1.723527483732119947e+00 6.832897030153068235e-13
1.727547306448411923e+00 6.477645813486770103e-13
1.731576504689505525e+00 6.001955028633523682e-13
1.735615100322152937e+00 9.583740742278592245e-13
1.739663115264105775e+00 1.064598486475733774e-12
1.743720571484235871e+00 8.121973399413869147e-13
1.747787491002652516e+00 8.981398424102571618e-13
1.751863895890823919e+00 8.286758168733960527e-13
1.755949808271695556e+00 8.550698357119939920e-13
1.760045250319810739e+00 7.400341330487955125e-13
1.764150244261431411e+00 9.359676461079132249e-13
1.768264812374658046e+00 8.127485771945506866e-13
1.772388976989550891e+00 7.991919076152542706e-13
1.776522760488250974e+00 7.117580980527103125e-13
1.780666185305102012e+00 8.194411601510599549e-13
1.784819273926771199e+00 6.839103234065384801e-13
1.788982048892372889e+00 6.572717456970884302e-13
1.793154532793588940e+00 5.233826147931956101e-13
1.797336748274793283e+00 4.515890044923141817e-13
1.801528718033172938e+00 4.199540655111710490e-13
1.805730464818852576e+00 3.973991904016176544e-13
1.809942011435017539e+00 3.473448986839193589e-13
1.814163380738037068e+00 3.303023456619056113e-13
1.818394595637589761e+00 3.014415269345442701e-13
1.822635679096785921e+00 2.826641642370173981e-13
1.826886654132294119e+00 2.852134110458356726e-13
1.831147543814464429e+00 2.784592944370796763e-13
1.835418371267455440e+00 2.846003825569704468e-13
1.839699159669357709e+00 2.784065133193798797e-13
1.843989932252321440e+00 2.544287760074480340e-13
1.848290712302680827e+00 2.716702858573072590e-13
1.852601523161081953e+00 2.963950661889362474e-13
1.856922388222609133e+00 3.132469770045958515e-13
1.861253330936910810e+00 3.176073106165254571e-13
1.865594374808327904e+00 3.036055416335304262e-13
1.869945543396020815e+00 3.338178274438247361e-13
1.874306860314098211e+00 3.738977722068412725e-13
1.878678349231743594e+00 3.922406299519438083e-13
1.883060033873345418e+00 4.304613289441960525e-13
1.887451938018624542e+00 5.001624244039974337e-13
1.891854085502763905e+00 5.576378443383073731e-13
1.896266500216537976e+00 4.521406010700922393e-13
1.900689206106441986e+00 3.842190417886041706e-13
1.905122227174822713e+00 4.395511076054651477e-13
1.909565587480007265e+00 6.730242424528179484e-13
1.914019311136435197e+00 6.642832311298548636e-13
1.918483422314788411e+00 7.634144738067051627e-13
1.922957945242122824e+00 5.153038388665245149e-13
1.927442904201999374e+00 5.871755545819432284e-13
1.931938323534616808e+00 5.112145842076425613e-13
1.936444227636942239e+00 2.789867552765153015e-13
1.940960640962845041e+00 6.794069623789827225e-13
1.945487588023228298e+00 7.413596649420586961e-13
1.950025093386162922e+00 6.340128751872421919e-13
1.954573181677020211e+00 6.330475639006102639e-13
1.959131877578606185e+00 7.891735403231591317e-13
1.963701205831294594e+00 8.105254409340798669e-13
1.968281191233161920e+00 5.228230341227899074e-13
1.972871858640122156e+00 1.100569436950164911e-12
1.977473232966060701e+00 6.825362685018172452e-13
1.982085339182970696e+00 5.050300004262089706e-13
1.986708202321087802e+00 1.004615459718323695e-12
1.991341847469026094e+00 7.751562158001009054e-13
1.995986299773914840e+00 4.662911433652146825e-13
2.000641584441533727e+00 7.320516292115042858e-13
2.005307726736452079e+00 6.910972278013602023e-13
2.009984751982162532e+00 9.373015046982181735e-13
2.014672685561221144e+00 5.062090103921887597e-13
2.019371552915384171e+00 6.894573714256467238e-13
2.024081379545746628e+00 5.955167609484159863e-13
2.028802191012879508e+00 6.803542737989591637e-13
2.033534012936970115e+00 7.199575679602496170e-13
2.038276870997959733e+00 6.179684383883038758e-13
2.043030790935683960e+00 5.911714032347411759e-13
2.047795798550012147e+00 3.948233077733819593e-13
2.052571919700986403e+00 4.204865150280403183e-13
2.057359180308963698e+00 4.959404261831691267e-13
2.062157606354754869e+00 4.532919626587057401e-13
2.066967223879767612e+00 4.204568831277433334e-13
2.071788058986145487e+00 4.260439976324146681e-13
2.076620137836910907e+00 4.461564162991172016e-13
2.081463486656106809e+00 4.543086915138044689e-13
2.086318131728939651e+00 3.860814444028544009e-13
2.091184099401921070e+00 3.954254596750482728e-13
2.096061416083011331e+00 3.494497534351042755e-13
2.100950108241762759e+00 4.136025688141724267e-13
2.105850202409462302e+00 4.125814409092918070e-13
2.110761725179278070e+00 4.202954896321754180e-13
2.115684703206400563e+00 3.590766688514090072e-13
2.120619163208189661e+00 2.965343251697335563e-13
2.125565131964318510e+00 3.122101174166061151e-13
2.130522636316918739e+00 2.752137305932474508e-13
2.135491703170727007e+00 2.523906472292407716e-13
2.140472359493230226e+00 2.572051513318776627e-13
2.145464632314812548e+00 2.388932502177928212e-13
2.150468548728901030e+00 2.137348337394677830e-13
2.155484135892113962e+00 2.100352678383691914e-13
2.160511421024407852e+00 2.069634786917520278e-13
2.165550431409223542e+00 1.892694509892188735e-13
2.170601194393637634e+00 1.988592757767747820e-13
2.175663737388507712e+00 1.868013420796366266e-13
2.180738087868621999e+00 1.872254851340249684e-13
2.185824273372850346e+00 1.871056041712200570e-13
2.190922321504290782e+00 1.718846083004591949e-13
2.196032259930420505e+00 1.883053015570212121e-13
2.201154116383247761e+00 1.716595118185987309e-13
2.206287918659458835e+00 1.763838515057453364e-13
2.211433694620572599e+00 1.765054982908248817e-13
2.216591472193089274e+00 1.822745676327766409e-13
2.221761279368641873e+00 2.002284727985763581e-13
2.226943144204150293e+00 2.027998814295913783e-13
2.232137094821971424e+00 2.282372546524392604e-13
2.237343159410053239e+00 2.335670673075299014e-13
2.242561366222085795e+00 2.574572528747816262e-13
2.247791743577657542e+00 3.014495403421533850e-13
2.253034319862406321e+00 3.435587821671368631e-13
2.258289123528174791e+00 4.010499621987007454e-13
2.263556183093164087e+00 3.477314403481443526e-13
2.268835527142089692e+00 3.407450243220624224e-13
2.274127184326335538e+00 4.489234416090296740e-13
2.279431183364109437e+00 3.542921156084493270e-13
2.284747553040599399e+00 4.610619512003163859e-13
2.290076322208131288e+00 6.883188015792896906e-13
2.295417519786321581e+00 4.475881744046533854e-13
2.300771174762238136e+00 4.329860477135341974e-13
2.306137316190555619e+00 4.662469070813627505e-13
2.311515973193713602e+00 5.782492231722294691e-13
2.316907174962074656e+00 5.971968281123797467e-13
2.322310950754082892e+00 7.087288263682227486e-13
2.327727329896422059e+00 7.618797597297660147e-13
2.333156341784174970e+00 7.042214341027614735e-13
2.338598015880984260e+00 6.261433908111153694e-13
2.344052381719211375e+00 7.403977425884974253e-13
2.349519468900095109e+00 7.145478157485387690e-13
2.354999307093915917e+00 6.276562971476271545e-13
2.360491926040153121e+00 5.211783620386158507e-13
2.365997355547649672e+00 3.933047406401484119e-13
2.371515625494771129e+00 4.339307426883663671e-13
2.377046765829569974e+00 4.652775000407289348e-13
2.382590806569946373e+00 4.966979394667887307e-13
2.388147777803813376e+00 4.252106000673543887e-13
2.393717709689256790e+00 3.570010354243502834e-13
2.399300632454702153e+00 4.000061083399185716e-13
2.404896576399077723e+00 4.747385998409637778e-13
2.410505571891977006e+00 5.018662403989158592e-13
2.416127649373826625e+00 4.695455763265268128e-13
2.421762839356050190e+00 4.041739159680546020e-13
2.427411172421232610e+00 4.400761436946413760e-13
2.433072679223287960e+00 5.066834981790257161e-13
2.438747390487626010e+00 5.206363683614950312e-13
2.444435337011316989e+00 4.710440733918332678e-13
2.450136549663259888e+00 3.833957496400407064e-13
2.455851059384349888e+00 4.261849692598054855e-13
2.461578897187647552e+00 3.944367222092490841e-13
2.467320094158544030e+00 4.439289755374875850e-13
2.473074681454932922e+00 4.411385604543077299e-13
2.478842690307377694e+00 4.037650599201803636e-13
2.484624152019281773e+00 4.679291697145453342e-13
2.490419097967058182e+00 5.068150128001948746e-13
2.496227559600299628e+00 5.634070935394053474e-13
2.502049568441949479e+00 6.028717028311905442e-13
2.507885156088473178e+00 5.667394464629274875e-13
2.513734354210028776e+00 5.589494778673155262e-13
2.519597194550640129e+00 3.730227166355698081e-13
2.525473708928366978e+00 3.299192146455962164e-13
2.531363929235481258e+00 2.662247307704408336e-13
2.537267887438635849e+00 2.422985044507500263e-13
2.543185615579041325e+00 2.467769856042402822e-13
2.549117145772638260e+00 2.295067758226921124e-13
2.555062510210272642e+00 2.002759959422672662e-13
2.561021741157868625e+00 2.093789500806508288e-13
2.566994870956606611e+00 2.041149034670248740e-13
2.572981932023095553e+00 1.834316970540159170e-13
2.578982956849551034e+00 1.814538589689602974e-13
2.584997978003971131e+00 1.743834153232411025e-13
2.591027028130313159e+00 1.755891903679091701e-13
2.597070139948669976e+00 1.738765794715257693e-13
2.603127346255448948e+00 1.701994480963994036e-13
2.609198679923549147e+00 1.720981342681303017e-13
2.615284173902538978e+00 1.709112796213422192e-13
2.621383861218836930e+00 1.734348336611082578e-13
2.627497774975889655e+00 1.779302454404670424e-13
2.633625948354351376e+00 1.793921030808753451e-13
2.639768414612264635e+00 1.858231559423174527e-13
2.645925207085240149e+00 1.884637515188272279e-13
2.652096359186637997e+00 1.976769749147526537e-13
2.658281904407749252e+00 2.076393387801016384e-13
2.664481876317978060e+00 2.116873275870277377e-13
2.670696308565021493e+00 2.203529284409104583e-13
2.676925234875056070e+00 2.346350757126639415e-13
2.683168689052917166e+00 2.524297394929160572e-13
2.689426704982284644e+00 2.757759781981555655e-13
2.695699316625865372e+00 3.079876607617467341e-13
2.701986558025579299e+00 3.504103147582724890e-13
2.708288463302742421e+00 4.078657274513883314e-13
2.714605066658251964e+00 5.127140204965356621e-13
2.720936402372774232e+00 8.209871144351098467e-13
2.727282504806928021e+00 9.009648360444784696e-13
2.733643408401472463e+00 8.748663222975500338e-13
2.740019147677494438e+00 8.567084991443681248e-13
2.746409757236593752e+00 8.054146783198701740e-13
2.752815271761072768e+00 7.422174099985110761e-13
2.759235726014125145e+00 6.988788921837986530e-13
2.765671154840022350e+00 6.709289741555539750e-13
2.772121593164304620e+00 6.267991181477099355e-13
2.778587075993969258e+00 5.935146196064363742e-13
2.785067638417661584e+00 5.487472740507848031e-13
2.791563315605865458e+00 5.182366531049854075e-13
2.798074142811092457e+00 4.873720842586519416e-13
2.804600155368075054e+00 4.566886448599968855e-13
2.811141388693958465e+00 4.333977371425736696e-13
2.817697878288491165e+00 4.052893073210539308e-13
2.824269659734218063e+00 3.857976758903649660e-13
2.830856768696675463e+00 3.659734583810961290e-13
2.837459240924582016e+00 3.491080723599262144e-13
2.844077112250035011e+00 3.349044239943029631e-13
2.850710418588703110e+00 3.254341430879924991e-13
2.857359195940021301e+00 3.178025056777075926e-13
2.864023480387388076e+00 3.135079086405427786e-13
2.870703308098359496e+00 3.094242114634039201e-13
2.877398715324845924e+00 3.096663736367463313e-13
2.884109738403309198e+00 3.112289579566545807e-13
2.890836413754959366e+00 3.162173318168148760e-13
2.897578777885952306e+00 3.252073116409291597e-13
2.904336867387588228e+00 3.361470964436125139e-13
2.911110718936510633e+00 3.559564153692917657e-13
2.917900369294903484e+00 3.793454888123838021e-13
2.924705855310693270e+00 4.062486454836185324e-13
2.931527213917746622e+00 4.477148610072672085e-13
2.938364482136073708e+00 4.947269857881163312e-13
2.945217697072024965e+00 5.422508720470099821e-13
2.952086895918496712e+00 4.196268015391639260e-13
2.958972115955130100e+00 3.522177906645355119e-13
2.965873394548514508e+00 3.211247288237445676e-13
2.972790769152391377e+00 3.145034063403597583e-13
2.979724277307854496e+00 2.772548506724516703e-13
2.986673956643556949e+00 2.532278167851700578e-13
2.993639844875914058e+00 2.545040506872477360e-13
3.000621979809306783e+00 2.468391530835173792e-13
3.007620399336289552e+00 2.390674639329872757e-13
3.014635141437793209e+00 2.426081808124133512e-13
3.021666244183333738e+00 2.429580287737181921e-13
3.028713745731216544e+00 2.455738384760106971e-13
3.035777684328744730e+00 2.496246532659590796e-13
3.042858098312426485e+00 2.606816739200458498e-13
3.049955026108183365e+00 2.632858018458718948e-13
3.057068506231557681e+00 2.757147668850359048e-13
3.064198577287923886e+00 2.944361073269571785e-13
3.071345277972695520e+00 3.038655559624164088e-13
3.078508647071536597e+00 3.276863798110323568e-13
3.085688723460572547e+00 3.577415392122077539e-13
3.092885546106598937e+00 3.720584043673678449e-13
3.100099154067295970e+00 4.256081719488495944e-13
3.107329586491438533e+00 4.513285438008174087e-13
3.114576882619108034e+00 4.824244649353341568e-13
3.121841081781908223e+00 4.965630989625210647e-13
3.129122223403175695e+00 5.355412571857909580e-13
3.136420346998195274e+00 7.182256580243247058e-13
3.143735492174414059e+00 7.482431367725205453e-13
3.151067698631656366e+00 6.989488753831273227e-13
3.158417006162340446e+00 6.126176315918534055e-13
3.165783454651691198e+00 5.523713514397954713e-13
3.173167084077961331e+00 5.165913544021946303e-13
3.180567934512644079e+00 4.973797737245444635e-13
3.187986046120692585e+00 4.875344457907651219e-13
3.195421459160737498e+00 4.853133806988203481e-13
3.202874213985305918e+00 4.588150559254839105e-13
3.210344351041039879e+00 4.354866073591714564e-13
3.217831910868916623e+00 4.165110313049074947e-13
3.225336934104467534e+00 3.750945367300693980e-13
3.232859461477998853e+00 3.432596534752412114e-13
3.240399533814813715e+00 3.257109990935174390e-13
3.247957192035432428e+00 3.177995747393087348e-13
3.255532477155815840e+00 3.349715676696875114e-13
3.263125430287586504e+00 3.473310528204610653e-13
3.270736092638253378e+00 3.955801500727342906e-13
3.278364505511434324e+00 4.311313616366748971e-13
3.286010710307079918e+00 4.378020138010049176e-13
3.293674748521699946e+00 4.318869935266174843e-13
3.301356661748586774e+00 4.207396320703082802e-13
3.309056491678041834e+00 4.010611057510784122e-13
3.316774280097601224e+00 3.858156661491478499e-13
3.324510068892264414e+00 3.713560464642272624e-13
3.332263900044719396e+00 3.596322143603515819e-13
3.340035815635570948e+00 3.493105814455210663e-13
3.347825857843570674e+00 3.410005808436576147e-13
3.355634068945843040e+00 3.333512731349313434e-13
3.363460491318118084e+00 3.266801716348764714e-13
3.371305167434957895e+00 3.006177338931052346e-13
3.379168139869990206e+00 2.704948418303445856e-13
3.387049451296138880e+00 2.500889963061714845e-13
3.394949144485853054e+00 2.351054695471431161e-13
3.402867262311342511e+00 2.240584879924115126e-13
3.410803847744807715e+00 2.178216464226038626e-13
3.418758943858674737e+00 2.136654624690169700e-13
3.426732593825828399e+00 2.129935958515997319e-13
3.434724840919846756e+00 2.136256339154438908e-13
3.442735728515235571e+00 2.185650579618235400e-13
3.450765300087664578e+00 2.256405780165650645e-13
3.458813599214201950e+00 2.370038990675223646e-13
3.466880669573551899e+00 2.488588477562077674e-13
3.474966554946291808e+00 2.678518521792310753e-13
3.483071299215109828e+00 2.880728738934287827e-13
3.491194946365041130e+00 3.202435947490208832e-13
3.499337540483710374e+00 3.531103580331256407e-13
3.507499125761567083e+00 3.971335384318590140e-13
3.515679746492127666e+00 4.408199707575467640e-13
3.523879447072216120e+00 5.014363976458701026e-13
3.532098272002202943e+00 5.577567003845606811e-13
3.540336265886248501e+00 6.302847576345846647e-13
3.548593473432544609e+00 6.908179370776397816e-13
3.556869939453556562e+00 7.774743682162056850e-13
3.565165708866267380e+00 8.851710777916666806e-13
3.573480826692420287e+00 1.075902262357245088e-12
3.581815338058764286e+00 1.462187822117047171e-12
3.590169288197298414e+00 1.751871649952956960e-12
3.598542722445517317e+00 1.805828984067929503e-12
3.606935686246657280e+00 1.824612025835862571e-12
3.615348225149942696e+00 1.852407691584237453e-12
3.623780384810833866e+00 1.989287613552931988e-12
3.632232210991274357e+00 2.037012594921554424e-12
3.640703749559938807e+00 2.120819599456001536e-12
3.649195046492482941e+00 2.254776576796415614e-12
3.657706147871791380e+00 2.328704399534175418e-12
3.666237099888232098e+00 2.287388213207952088e-12
3.674787948839900675e+00 2.239850686586225922e-12
3.683358741132876091e+00 2.046943347767843499e-12
3.691949523281470746e+00 1.919366389076962953e-12
3.700560341908484041e+00 1.827776478414631152e-12
3.709191243745454614e+00 1.715688800430341367e-12
3.717842275632913918e+00 1.653777756561891080e-12
3.726513484520640684e+00 1.584186697792075061e-12
3.735204917467916275e+00 1.433769751695589510e-12
3.743916621643778697e+00 1.181854963622027784e-12
3.752648644327279737e+00 9.249712378488872060e-13
3.761401032907741193e+00 7.501114544107940530e-13
3.770173834885012454e+00 6.289775384982786651e-13
3.778967097869727176e+00 4.709016875435144335e-13
3.787780869583562637e+00 4.135805865310279649e-13
3.796615197859499080e+00 3.637096829700766353e-13
3.805470130642077287e+00 3.545647904991987177e-13
3.814345715987662366e+00 3.331173582509296936e-13
3.823242002064699996e+00 3.182912459592525602e-13
3.832159037153981984e+00 3.163422899896073038e-13
3.841096869648905177e+00 3.113879436144636732e-13
3.850055548055737464e+00 3.095757595872668491e-13
3.859035120993876689e+00 3.092817057413050737e-13
3.868035637196117982e+00 3.092478359195416209e-13
3.877057145508917557e+00 3.121611308810106538e-13
3.886099694892656053e+00 3.139452589052809453e-13
3.895163334421906765e+00 3.188994636543041168e-13
3.904248113285700317e+00 3.205742553496307149e-13
3.913354080787791123e+00 3.260561593777313827e-13
3.922481286346927831e+00 3.313640172931533000e-13
3.931629779497117561e+00 3.375364413850360628e-13
3.940799609887898125e+00 3.479449910545014998e-13
3.949990827284604045e+00 3.569885506586542733e-13
3.959203481568643213e+00 3.733807512415807815e-13
3.968437622737757575e+00 3.942227421212667619e-13
3.977693300906303797e+00 4.260427073587055233e-13
3.986970566305519714e+00 4.695012734196279175e-13
3.996269469283798337e+00 5.394933373165534782e-13
4.005590060306962741e+00 6.465707937393857887e-13
4.014932389958537406e+00 8.603794847269944519e-13
4.024296508940025774e+00 1.145175777885341442e-12
4.033682468071179805e+00 1.384649393801392650e-12
4.043090318290284202e+00 1.499699369082238628e-12
4.052520110654423746e+00 1.617811585774101846e-12
4.061971896339769295e+00 1.745247861002027648e-12
4.071445726641847784e+00 1.916633070273899774e-12
4.080941652975824674e+00 2.098569528505360954e-12
4.090459726876781943e+00 2.308720609059782319e-12
4.099999999999999645e+00 2.554326795290459554e-12
