6.319615704368420522e-05 9.648586143283908950e-12
6.319812907494229024e-05 8.115472263645640348e-12
6.320010110620036172e-05 6.720236897268466932e-12
6.320207313745844675e-05 5.566741835373680554e-12
6.320404516871651823e-05 4.712296058686253265e-12
6.320601719997458970e-05 4.006739297541314631e-12
6.320798923123267473e-05 3.421458849771201344e-12
6.320996126249074621e-05 2.940527948592523330e-12
6.321193329374883124e-05 2.632156241041332882e-12
6.321390532500690271e-05 2.493038646971160730e-12
6.321587735626498774e-05 2.461014968002051489e-12
6.321784938752305922e-05 2.482907071702509008e-12
6.321982141878114425e-05 2.508272017732798803e-12
6.322179345003921572e-05 2.521594112988842248e-12
6.322376548129728720e-05 2.534957380145871238e-12
6.322573751255537223e-05 2.557134241412745296e-12
6.322770954381344371e-05 2.596274476147328147e-12
6.322968157507152874e-05 2.633347466200517710e-12
6.323165360632960021e-05 2.676050003925414367e-12
6.323362563758768524e-05 2.693751864970390825e-12
6.323559766884575672e-05 2.701342620383958355e-12
6.323756970010384175e-05 2.698556750740786188e-12
6.323954173136191322e-05 2.712725001024534916e-12
6.324151376261998470e-05 2.748145854297186102e-12
6.324348579387806973e-05 2.803160883498041278e-12
6.324545782513614121e-05 2.828493805512292393e-12
6.324742985639422623e-05 2.833785224595414022e-12
6.324940188765229771e-05 2.802942092684672925e-12
6.325137391891038274e-05 2.775511379041875226e-12
6.325334595016845422e-05 2.774359866192996540e-12
6.325531798142652569e-05 2.796730057277645664e-12
6.325729001268461072e-05 2.829813348002850717e-12
6.325926204394268220e-05 2.856140572840907053e-12
6.326123407520076723e-05 2.878168017901941873e-12
6.326320610645883870e-05 2.866082936717741112e-12
6.326517813771692373e-05 2.871863335366689640e-12
6.326715016897499521e-05 2.875828886122701911e-12
6.326912220023308024e-05 2.914991954875862364e-12
6.327109423149115171e-05 2.931455791344504966e-12
6.327306626274922319e-05 2.951677141548766132e-12
6.327503829400730822e-05 2.939558660641505385e-12
6.327701032526537970e-05 2.935461177703549729e-12
6.327898235652346473e-05 2.904911666931165080e-12
6.328095438778153620e-05 2.904020036701881377e-12
6.328292641903962123e-05 2.909258096804141032e-12
6.328489845029769271e-05 2.934480479860511365e-12
6.328687048155577774e-05 2.939404022593778932e-12
6.328884251281384921e-05 2.968898681144056508e-12
6.329081454407192069e-05 2.981818315768143492e-12
6.329278657533000572e-05 3.024378295437686050e-12
6.329475860658807719e-05 3.098871711525458334e-12
6.329673063784616222e-05 3.182313817476120835e-12
6.329870266910423370e-05 3.219405235615969320e-12
6.330067470036231873e-05 3.173300478221383901e-12
6.330264673162039021e-05 3.097911993157975177e-12
6.330461876287846168e-05 3.033013676843913135e-12
6.330659079413654671e-05 2.989512686471578813e-12
6.330856282539461819e-05 2.958571961649627135e-12
6.331053485665270322e-05 2.945811159160958846e-12
6.331250688791077469e-05 2.939414906022667198e-12
6.331447891916885972e-05 2.922819814716713737e-12
6.331645095042693120e-05 2.908384247261488328e-12
6.331842298168501623e-05 2.898246015972401435e-12
6.332039501294308770e-05 2.867768639347051927e-12
6.332236704420115918e-05 2.863850277583464703e-12
6.332433907545924421e-05 2.847401500932264278e-12
6.332631110671731569e-05 2.855511181191776554e-12
6.332828313797540072e-05 2.841350788024789407e-12
6.333025516923347219e-05 2.834284919026351155e-12
6.333222720049155722e-05 2.824982737669340502e-12
6.333419923174962870e-05 2.829722943188864650e-12
6.333617126300771373e-05 2.843255608028305265e-12
6.333814329426578520e-05 2.866573860244930945e-12
6.334011532552385668e-05 2.858603860339828498e-12
6.334208735678194171e-05 2.865542728604602172e-12
6.334405938804001318e-05 2.854233618832669104e-12
6.334603141929809821e-05 2.873203382000878501e-12
6.334800345055616969e-05 2.895138647502664737e-12
6.334997548181425472e-05 2.922232179049292449e-12
6.335194751307232620e-05 2.939060601043219491e-12
6.335391954433041122e-05 2.938597326999900669e-12
6.335589157558848270e-05 2.926802397928032706e-12
6.335786360684655418e-05 2.917932456443039511e-12
6.335983563810463921e-05 2.923689633535695139e-12
6.336180766936271068e-05 2.954418310506224196e-12
6.336377970062079571e-05 2.964925247843255046e-12
6.336575173187886719e-05 2.995741321106604516e-12
6.336772376313695222e-05 2.970966640523098650e-12
6.336969579439502369e-05 2.923514376062857648e-12
6.337166782565309517e-05 2.876495930185889884e-12
6.337363985691118020e-05 2.831323735513389477e-12
6.337561188816925168e-05 2.845099043789007258e-12
6.337758391942733670e-05 2.870782533911807494e-12
6.337955595068540818e-05 2.925471533327807753e-12
6.338152798194349321e-05 2.943280243635722146e-12
6.338350001320156469e-05 2.970210092487001810e-12
6.338547204445964972e-05 2.956039198418524713e-12
6.338744407571772119e-05 2.962133315767465519e-12
6.338941610697579267e-05 2.933169827443346542e-12
6.339138813823387770e-05 2.922668556922576073e-12
6.339336016949194917e-05 2.891647173292718691e-12
6.339533220075003420e-05 2.895705503932338089e-12
6.339730423200810568e-05 2.905509983032045918e-12
6.339927626326619071e-05 2.924571048670984225e-12
6.340124829452426219e-05 2.934933979083023854e-12
6.340322032578234721e-05 2.920094402072509553e-12
6.340519235704041869e-05 2.918345627249194840e-12
6.340716438829849017e-05 2.890269417666873459e-12
6.340913641955657520e-05 2.894946117441782236e-12
6.341110845081464667e-05 2.899781983525841368e-12
6.341308048207273170e-05 2.904085583797957486e-12
6.341505251333080318e-05 2.906910746334398602e-12
6.341702454458888821e-05 2.909897865587166009e-12
6.341899657584695968e-05 2.914244735864898006e-12
6.342096860710503116e-05 2.929515807336344643e-12
6.342294063836311619e-05 2.949544650436110611e-12
6.342491266962118767e-05 2.972062486578454541e-12
6.342688470087927269e-05 2.975678167759792562e-12
6.342885673213734417e-05 2.956174295319696956e-12
6.343082876339542920e-05 2.960241445315582835e-12
6.343280079465350068e-05 2.938534288265624776e-12
6.343477282591158571e-05 2.947577459103955062e-12
6.343674485716965718e-05 2.937495106706703215e-12
6.343871688842772866e-05 2.955862796252229921e-12
6.344068891968581369e-05 2.961623441823864531e-12
6.344266095094388516e-05 2.952537990794326264e-12
6.344463298220197019e-05 2.967494347546103279e-12
6.344660501346004167e-05 2.952927489081479851e-12
6.344857704471812670e-05 2.964530078154520852e-12
6.345054907597619817e-05 2.953878962344555211e-12
6.345252110723428320e-05 2.975408376688331784e-12
6.345449313849235468e-05 2.969176962943317453e-12
6.345646516975042616e-05 2.980520199346360932e-12
6.345843720100851119e-05 2.963248939563144466e-12
6.346040923226658266e-05 2.935921687446172715e-12
6.346238126352466769e-05 2.920424637034145492e-12
6.346435329478273917e-05 2.939343116030927531e-12
6.346632532604082420e-05 2.940988791006719196e-12
6.346829735729889567e-05 2.977640139863030344e-12
6.347026938855696715e-05 3.024061402044744371e-12
6.347224141981505218e-05 3.084918642425231445e-12
6.347421345107312365e-05 3.131659147434631324e-12
6.347618548233120868e-05 3.130727396373637007e-12
6.347815751358928016e-05 3.080053557436500339e-12
6.348012954484736519e-05 3.010252297638474210e-12
6.348210157610543667e-05 2.956812782128443586e-12
6.348407360736352169e-05 2.929612617157357608e-12
6.348604563862159317e-05 2.940187015750638163e-12
6.348801766987966465e-05 2.917307511267364768e-12
6.348998970113774968e-05 2.916367157410190074e-12
6.349196173239582115e-05 2.924000045036501613e-12
6.349393376365390618e-05 2.935698890085471211e-12
6.349590579491197766e-05 2.942100568682986536e-12
6.349787782617006269e-05 2.977559865221561953e-12
6.349984985742813416e-05 2.987618829323579635e-12
6.350182188868621919e-05 2.969672646845607442e-12
6.350379391994429067e-05 2.937638966848478583e-12
6.350576595120236215e-05 2.898806888424246769e-12
6.350773798246044718e-05 2.878304094102565243e-12
6.350971001371851865e-05 2.887278036258573425e-12
6.351168204497660368e-05 2.913101957500810879e-12
6.351365407623467516e-05 2.967194340204722762e-12
6.351562610749276019e-05 2.977003710456119969e-12
6.351759813875083166e-05 2.993444483896177616e-12
6.351957017000890314e-05 2.989344919342584916e-12
6.352154220126698817e-05 2.973312842373408090e-12
6.352351423252505964e-05 2.950936786977737335e-12
6.352548626378314467e-05 2.932419006524270727e-12
6.352745829504121615e-05 2.926631658257774513e-12
6.352943032629930118e-05 2.926891557323362317e-12
6.353140235755737266e-05 2.949674525842095388e-12
6.353337438881545768e-05 2.930444368233961355e-12
6.353534642007352916e-05 2.925165011640281153e-12
6.353731845133160064e-05 2.921505335056435641e-12
6.353929048258968567e-05 2.922128408947834501e-12
6.354126251384775714e-05 2.955499878473154896e-12
6.354323454510584217e-05 2.956339049705838498e-12
6.354520657636391365e-05 2.971142425451477830e-12
6.354717860762199868e-05 2.969444116015277556e-12
6.354915063888007015e-05 2.956956164610603597e-12
6.355112267013815518e-05 2.945799418466552605e-12
6.355309470139622666e-05 2.938112315029021531e-12
6.355506673265429814e-05 2.935826261346860835e-12
6.355703876391238316e-05 2.929803216932537920e-12
6.355901079517045464e-05 2.923910953441387550e-12
6.356098282642853967e-05 2.904126957585208172e-12
6.356295485768661115e-05 2.887340409792994829e-12
6.356492688894469618e-05 2.874941670159939270e-12
6.356689892020276765e-05 2.871595504477897241e-12
6.356887095146083913e-05 2.880034208539983289e-12
6.357084298271892416e-05 2.889071988992476429e-12
6.357281501397699563e-05 2.891992163633960935e-12
6.357478704523508066e-05 2.897696864242816507e-12
6.357675907649315214e-05 2.897609202058795345e-12
6.357873110775123717e-05 2.903067710350689480e-12
6.358070313900930865e-05 2.910237198730451361e-12
6.358267517026739367e-05 2.926981216412918119e-12
6.358464720152546515e-05 2.943861742367300899e-12
6.358661923278353663e-05 2.962333817205725229e-12
6.358859126404162166e-05 2.970420476868453633e-12
6.359056329529969313e-05 2.985572977835869854e-12
6.359253532655777816e-05 2.941888796265135558e-12
6.359450735781584964e-05 2.911015226439619726e-12
6.359647938907393467e-05 2.905816289105266470e-12
6.359845142033200614e-05 2.890173330396841652e-12
6.360042345159009117e-05 2.928872164183511118e-12
6.360239548284816265e-05 2.946398228221445840e-12
6.360436751410623413e-05 2.995734321233592087e-12
6.360633954536431915e-05 2.987884624492004709e-12
6.360831157662239063e-05 2.978852240942340446e-12
6.361028360788047566e-05 2.976962187652566275e-12
6.361225563913854714e-05 2.928521680931797681e-12
6.361422767039663217e-05 2.926695042914143085e-12
6.361619970165470364e-05 2.898966705577014691e-12
6.361817173291277512e-05 2.913150045815269845e-12
6.362014376417086015e-05 2.890735921553213037e-12
6.362211579542893162e-05 2.881343868111495661e-12
6.362408782668701665e-05 2.873952486978273307e-12
6.362605985794508813e-05 2.862054074409387627e-12
6.362803188920317316e-05 2.838193254990323185e-12
6.363000392046124463e-05 2.841107552219672528e-12
6.363197595171932966e-05 2.829174346151613929e-12
6.363394798297740114e-05 2.818782472634398800e-12
6.363592001423547262e-05 2.812840360553108215e-12
6.363789204549355765e-05 2.826018554418424500e-12
6.363986407675162912e-05 2.841245843719081357e-12
6.364183610800971415e-05 2.864403523149986536e-12
6.364380813926778563e-05 2.880996270138901689e-12
6.364578017052587066e-05 2.889470875487595815e-12
6.364775220178394213e-05 2.879871795651122320e-12
6.364972423304202716e-05 2.861044630266156855e-12
6.365169626430009864e-05 2.838886687427081221e-12
6.365366829555817012e-05 2.822818491030905886e-12
6.365564032681625514e-05 2.822420070858626202e-12
6.365761235807432662e-05 2.826483152631053612e-12
6.365958438933241165e-05 2.834015408696534537e-12
6.366155642059048313e-05 2.830622277296044576e-12
6.366352845184856815e-05 2.810261768841360437e-12
6.366550048310663963e-05 2.814961089382023478e-12
6.366747251436471111e-05 2.790288262880140408e-12
6.366944454562279614e-05 2.794504091283843800e-12
6.367141657688086761e-05 2.790811620863558976e-12
6.367338860813895264e-05 2.798366236826024474e-12
6.367536063939702412e-05 2.811483829592685524e-12
6.367733267065510915e-05 2.811064221192304226e-12
6.367930470191318062e-05 2.833504670931103278e-12
6.368127673317126565e-05 2.815495507454566722e-12
6.368324876442933713e-05 2.819316603464847341e-12
6.368522079568740861e-05 2.788321457469031790e-12
6.368719282694549364e-05 2.783737945168225228e-12
6.368916485820356511e-05 2.768288842277475177e-12
6.369113688946165014e-05 2.762532828117701444e-12
6.369310892071972162e-05 2.763263726019522532e-12
6.369508095197780665e-05 2.773937527860511300e-12
6.369705298323587812e-05 2.783977154060367082e-12
6.369902501449396315e-05 2.802022136933785411e-12
6.370099704575203463e-05 2.815374748832004278e-12
6.370296907701010610e-05 2.833974664497731809e-12
6.370494110826819113e-05 2.862311432310200750e-12
6.370691313952626261e-05 2.861968795297557266e-12
6.370888517078434764e-05 2.854100465474744633e-12
6.371085720204241912e-05 2.850921861989881188e-12
6.371282923330050414e-05 2.878540230766176792e-12
6.371480126455857562e-05 2.940308059585251914e-12
6.371677329581664710e-05 3.052228889809738661e-12
6.371874532707473213e-05 3.083289932989535426e-12
6.372071735833280360e-05 3.100180792550337370e-12
6.372268938959088863e-05 2.994150432079474107e-12
6.372466142084896011e-05 2.912727918735165335e-12
6.372663345210704514e-05 2.866512097376498208e-12
6.372860548336511661e-05 2.849143764809557201e-12
6.373057751462320164e-05 2.849183621575683356e-12
6.373254954588127312e-05 2.840942814657268678e-12
6.373452157713934460e-05 2.825973467253296761e-12
6.373649360839742962e-05 2.789930849576206144e-12
6.373846563965550110e-05 2.780238386145404257e-12
6.374043767091358613e-05 2.801180931778737965e-12
6.374240970217165761e-05 2.795399176259352505e-12
6.374438173342974264e-05 2.829535110725244498e-12
6.374635376468781411e-05 2.832737485376841501e-12
6.374832579594589914e-05 2.853336794683559355e-12
6.375029782720397062e-05 2.888954597938403738e-12
6.375226985846204209e-05 2.886867934624531791e-12
6.375424188972012712e-05 2.910283984153583756e-12
6.375621392097819860e-05 2.908893773498527335e-12
6.375818595223628363e-05 2.901935703364030050e-12
6.376015798349435511e-05 2.871978993185039752e-12
6.376213001475244013e-05 2.878563252167085233e-12
6.376410204601051161e-05 2.867141000662691639e-12
6.376607407726858309e-05 2.844489586589774062e-12
6.376804610852666812e-05 2.856634607794428750e-12
6.377001813978473959e-05 2.845750559386128251e-12
6.377199017104282462e-05 2.812616782581605836e-12
6.377396220230089610e-05 2.819881384336354740e-12
6.377593423355898113e-05 2.815792711136755875e-12
6.377790626481705260e-05 2.859193235817501213e-12
6.377987829607513763e-05 2.885076283939752382e-12
6.378185032733320911e-05 2.901429340458310596e-12
6.378382235859128059e-05 2.896292608254009885e-12
6.378579438984936561e-05 2.868724579621927142e-12
6.378776642110743709e-05 2.854075453598711547e-12
6.378973845236552212e-05 2.860086932776706243e-12
6.379171048362359360e-05 2.852983481888203787e-12
6.379368251488167863e-05 2.852402298597416678e-12
6.379565454613975010e-05 2.838020549927379734e-12
6.379762657739783513e-05 2.847106634400857622e-12
6.379959860865590661e-05 2.823360398927683955e-12
6.380157063991397808e-05 2.786870193569165847e-12
6.380354267117206311e-05 2.798975819189451074e-12
6.380551470243013459e-05 2.814026818885836403e-12
6.380748673368821962e-05 2.838119510219406252e-12
6.380945876494629109e-05 2.855045748236643196e-12
6.381143079620437612e-05 2.848844201329184942e-12
6.381340282746244760e-05 2.874203006024942583e-12
6.381537485872051908e-05 2.857662315065951706e-12
6.381734688997860411e-05 2.874197254804889058e-12
6.381931892123667558e-05 2.863510258325611565e-12
6.382129095249476061e-05 2.832332492295762295e-12
6.382326298375283209e-05 2.830251683598187987e-12
6.382523501501091712e-05 2.800278472580439544e-12
6.382720704626898859e-05 2.813033132919529741e-12
6.382917907752707362e-05 2.814269068904388688e-12
6.383115110878514510e-05 2.808128245122917532e-12
6.383312314004321658e-05 2.837023852932918872e-12
6.383509517130130160e-05 2.827997309514204468e-12
6.383706720255937308e-05 2.830044027123202417e-12
6.383903923381745811e-05 2.849421501688750862e-12
6.384101126507552959e-05 2.826084632430134761e-12
6.384298329633361462e-05 2.835376000312840772e-12
6.384495532759168609e-05 2.800991213634786440e-12
6.384692735884977112e-05 2.796655018433441122e-12
6.384889939010784260e-05 2.761466983155795475e-12
6.385087142136591407e-05 2.754939547296777106e-12
6.385284345262399910e-05 2.781603456889387953e-12
6.385481548388207058e-05 2.768699597316564981e-12
6.385678751514015561e-05 2.784648246405465296e-12
6.385875954639822708e-05 2.766777591304476137e-12
6.386073157765631211e-05 2.726805001696245838e-12
6.386270360891438359e-05 2.728518681848197406e-12
6.386467564017245507e-05 2.709331404415303235e-12
6.386664767143054010e-05 2.740021655158817322e-12
6.386861970268861157e-05 2.743245472095654023e-12
6.387059173394669660e-05 2.757402833180253185e-12
6.387256376520476808e-05 2.774608167081182482e-12
6.387453579646285311e-05 2.742771200139026847e-12
6.387650782772092458e-05 2.743650663298972770e-12
6.387847985897900961e-05 2.738703306736876290e-12
6.388045189023708109e-05 2.756804714486375711e-12
6.388242392149515256e-05 2.769111048694992834e-12
6.388439595275323759e-05 2.798482601283818130e-12
6.388636798401130907e-05 2.834986106726610921e-12
6.388834001526939410e-05 2.805456899940048662e-12
6.389031204652746558e-05 2.789936712203789617e-12
6.389228407778555060e-05 2.719078325460554621e-12
6.389425610904362208e-05 2.670381966959762144e-12
6.389622814030170711e-05 2.658375576670680774e-12
6.389820017155977859e-05 2.652823061919396102e-12
6.390017220281785006e-05 2.698175541932291781e-12
6.390214423407593509e-05 2.725659937364181916e-12
6.390411626533400657e-05 2.761562472896569381e-12
6.390608829659209160e-05 2.807460226313583778e-12
6.390806032785016307e-05 2.794549006038964813e-12
6.391003235910824810e-05 2.784771680893626943e-12
6.391200439036631958e-05 2.753326850194105263e-12
6.391397642162439106e-05 2.730621065272265267e-12
6.391594845288247609e-05 2.693334273631047024e-12
6.391792048414054756e-05 2.657392479660205581e-12
6.391989251539863259e-05 2.658787797440372560e-12
6.392186454665670407e-05 2.674732888869932571e-12
6.392383657791478910e-05 2.722400365955847507e-12
6.392580860917286057e-05 2.731064553558662745e-12
6.392778064043094560e-05 2.737231740823030326e-12
6.392975267168901708e-05 2.717058050583654906e-12
6.393172470294708855e-05 2.678030086186596020e-12
6.393369673420517358e-05 2.644352314616676688e-12
6.393566876546324506e-05 2.618832027830732839e-12
6.393764079672133009e-05 2.596154560592516467e-12
6.393961282797940157e-05 2.598198132594520600e-12
6.394158485923748659e-05 2.595460745639009257e-12
6.394355689049555807e-05 2.596463299060253265e-12
6.394552892175364310e-05 2.598650507837497454e-12
6.394750095301171458e-05 2.594686739809194090e-12
6.394947298426978605e-05 2.616343673064295825e-12
6.395144501552787108e-05 2.634605337030128246e-12
6.395341704678594256e-05 2.654245672397828988e-12
6.395538907804402759e-05 2.670048409062313115e-12
6.395736110930209906e-05 2.661096352472429476e-12
6.395933314056018409e-05 2.636242777865836369e-12
6.396130517181825557e-05 2.606319467772660299e-12
6.396327720307632705e-05 2.585062285308092547e-12
6.396524923433441207e-05 2.585104877352685383e-12
6.396722126559248355e-05 2.598974346838744172e-12
6.396919329685056858e-05 2.631138900593528147e-12
6.397116532810864006e-05 2.617332018126066176e-12
6.397313735936672509e-05 2.605043476120355920e-12
6.397510939062479656e-05 2.591129089216052384e-12
6.397708142188288159e-05 2.584236930311871716e-12
6.397905345314095307e-05 2.611380291797342112e-12
6.398102548439902454e-05 2.615729874582263018e-12
6.398299751565710957e-05 2.650074765862298711e-12
6.398496954691518105e-05 2.642311082439795807e-12
6.398694157817326608e-05 2.632750200506014996e-12
6.398891360943133755e-05 2.610013740849603509e-12
6.399088564068942258e-05 2.591143917632937662e-12
6.399285767194749406e-05 2.606102610074516073e-12
6.399482970320557909e-05 2.607926051179534833e-12
6.399680173446365057e-05 2.644703833114621227e-12
6.399877376572172204e-05 2.640907298940922412e-12
6.400074579697980707e-05 2.646141558190739555e-12
6.400271782823787855e-05 2.663222222701078182e-12
6.400468985949596358e-05 2.654677467153353713e-12
6.400666189075403505e-05 2.684065531567037909e-12
6.400863392201212008e-05 2.708938996080789374e-12
6.401060595327019156e-05 2.731766768076391177e-12
6.401257798452826304e-05 2.790843335485498714e-12
6.401455001578634806e-05 2.800760904026192163e-12
6.401652204704441954e-05 2.822993400678730989e-12
6.401849407830250457e-05 2.792705099691579691e-12
6.402046610956057605e-05 2.753134637040482443e-12
6.402243814081866108e-05 2.711221333311581669e-12
6.402441017207673255e-05 2.673253627880264114e-12
6.402638220333481758e-05 2.683383864870474292e-12
6.402835423459288906e-05 2.697762752951962824e-12
6.403032626585096053e-05 2.721757805722137653e-12
6.403229829710904556e-05 2.726237605086077245e-12
6.403427032836711704e-05 2.704691065932227288e-12
6.403624235962520207e-05 2.707241724685886109e-12
6.403821439088327354e-05 2.693254326339766154e-12
6.404018642214135857e-05 2.677934454173287976e-12
6.404215845339943005e-05 2.704006961891093862e-12
6.404413048465751508e-05 2.695682384008989082e-12
6.404610251591558656e-05 2.711224074148840603e-12
6.404807454717365803e-05 2.675756275629225317e-12
6.405004657843174306e-05 2.654344671503905035e-12
6.405201860968981454e-05 2.643722780376058397e-12
6.405399064094789957e-05 2.635221251730308430e-12
6.405596267220597104e-05 2.646124603006398708e-12
6.405793470346405607e-05 2.621045180564631051e-12
6.405990673472212755e-05 2.606615455726896369e-12
6.406187876598019902e-05 2.610175916538459485e-12
6.406385079723828405e-05 2.595902617387762750e-12
6.406582282849635553e-05 2.630451005492572705e-12
6.406779485975444056e-05 2.647703490353044999e-12
6.406976689101251204e-05 2.681558320690442301e-12
6.407173892227059706e-05 2.708325189492731088e-12
6.407371095352866854e-05 2.718367617616519310e-12
6.407568298478675357e-05 2.722559532488598353e-12
6.407765501604482505e-05 2.710122425531419068e-12
6.407962704730289652e-05 2.698385054271856079e-12
6.408159907856098155e-05 2.681203151834884232e-12
6.408357110981905303e-05 2.672366837056949910e-12
6.408554314107713806e-05 2.657445142034846629e-12
6.408751517233520953e-05 2.638873798098600776e-12
6.408948720359329456e-05 2.611244183709133926e-12
6.409145923485136604e-05 2.585834536814219908e-12
6.409343126610945107e-05 2.575540412258979426e-12
6.409540329736752255e-05 2.600939363204320924e-12
6.409737532862559402e-05 2.633476013686014554e-12
6.409934735988367905e-05 2.723062894380683783e-12
6.410131939114175053e-05 2.802605124248448175e-12
6.410329142239983556e-05 2.918652787311771055e-12
6.410526345365790703e-05 2.945488497197301398e-12
6.410723548491599206e-05 2.957357907885104674e-12
6.410920751617406354e-05 2.885616039725807432e-12
6.411117954743213501e-05 2.799904559915769852e-12
6.411315157869022004e-05 2.736401688594066012e-12
6.411512360994829152e-05 2.733756023529711082e-12
6.411709564120637655e-05 2.727564156441206674e-12
6.411906767246444803e-05 2.762235933946952539e-12
6.412103970372253305e-05 2.814685533155513576e-12
6.412301173498060453e-05 2.847422007076752225e-12
6.412498376623868956e-05 2.872527153528223843e-12
6.412695579749676104e-05 2.864268742950179915e-12
6.412892782875483251e-05 2.880423045458319714e-12
6.413089986001291754e-05 2.849654812790058910e-12
6.413287189127098902e-05 2.846987391162715237e-12
6.413484392252907405e-05 2.820218698620863262e-12
6.413681595378714552e-05 2.804220160178956276e-12
6.413878798504523055e-05 2.787905966963092652e-12
6.414076001630330203e-05 2.779528856196715834e-12
6.414273204756138706e-05 2.768636046926670157e-12
6.414470407881945853e-05 2.756381762129994016e-12
6.414667611007753001e-05 2.743415520496284170e-12
6.414864814133561504e-05 2.779833641574613705e-12
6.415062017259368652e-05 2.790760508429459158e-12
6.415259220385177155e-05 2.833270570776241745e-12
6.415456423510984302e-05 2.830042696323452252e-12
6.415653626636792805e-05 2.783011702686042902e-12
6.415850829762599953e-05 2.759448238792217789e-12
6.416048032888407100e-05 2.704259531959695886e-12
6.416245236014215603e-05 2.698048865175114974e-12
6.416442439140022751e-05 2.683314364939343406e-12
6.416639642265831254e-05 2.713974966588805904e-12
6.416836845391638402e-05 2.727982499434635464e-12
6.417034048517446904e-05 2.723869445780205425e-12
6.417231251643254052e-05 2.729391618999305563e-12
6.417428454769062555e-05 2.723721835723344767e-12
6.417625657894869703e-05 2.712901031401509632e-12
6.417822861020676850e-05 2.721113719870653056e-12
6.418020064146485353e-05 2.703422683419290384e-12
6.418217267272292501e-05 2.728695264757062434e-12
6.418414470398101004e-05 2.727622164866232618e-12
6.418611673523908151e-05 2.746700377589761350e-12
6.418808876649716654e-05 2.788170325536504588e-12
6.419006079775523802e-05 2.792973233959755648e-12
6.419203282901332305e-05 2.820526808750313620e-12
6.419400486027139452e-05 2.788136792780469439e-12
6.419597689152946600e-05 2.786665217076116975e-12
6.419794892278755103e-05 2.772575053694814510e-12
6.419992095404562251e-05 2.764371508718878184e-12
6.420189298530370754e-05 2.784453430067230756e-12
6.420386501656177901e-05 2.808177227158265547e-12
6.420583704781986404e-05 2.857215882845274420e-12
6.420780907907793552e-05 2.860104969555033479e-12
6.420978111033600699e-05 2.851883609823604446e-12
6.421175314159409202e-05 2.827165052691343123e-12
6.421372517285216350e-05 2.768312040527473277e-12
6.421569720411024853e-05 2.760857506754845116e-12
6.421766923536832000e-05 2.792549567511775049e-12
6.421964126662640503e-05 2.848492092092506464e-12
6.422161329788447651e-05 2.892170182713303595e-12
6.422358532914256154e-05 2.894947574358103515e-12
6.422555736040063302e-05 2.869408164968617684e-12
6.422752939165870449e-05 2.830931959204035697e-12
6.422950142291678952e-05 2.809137707105328555e-12
6.423147345417486100e-05 2.841628297449226727e-12
6.423344548543294603e-05 2.901465124175372185e-12
6.423541751669101750e-05 2.922928341633985155e-12
6.423738954794910253e-05 2.948850007890342477e-12
6.423936157920717401e-05 2.967353692032709015e-12
6.424133361046525904e-05 2.964778880727806469e-12
6.424330564172333051e-05 2.964628070296585767e-12
6.424527767298140199e-05 2.974191809824892354e-12
6.424724970423948702e-05 3.020096100923532407e-12
6.424922173549755850e-05 3.038104100764060525e-12
6.425119376675564352e-05 3.068916216344233492e-12
6.425316579801371500e-05 3.114447096667590886e-12
6.425513782927180003e-05 3.117034326622465264e-12
6.425710986052987151e-05 3.149639168422908655e-12
6.425908189178794298e-05 3.170298269196551860e-12
6.426105392304602801e-05 3.216336060304725010e-12
6.426302595430409949e-05 3.205918030550311033e-12
6.426499798556218452e-05 3.193114797130645616e-12
6.426697001682025599e-05 3.162766388415089754e-12
6.426894204807834102e-05 3.121259883352065565e-12
6.427091407933641250e-05 3.108343945789175214e-12
6.427288611059449753e-05 3.120862655238066710e-12
6.427485814185256901e-05 3.164984083619396102e-12
6.427683017311064048e-05 3.222063095817586483e-12
6.427880220436872551e-05 3.271514025885494385e-12
6.428077423562679699e-05 3.329428383409775401e-12
6.428274626688488202e-05 3.369396798506786253e-12
6.428471829814295349e-05 3.383461958850814499e-12
6.428669032940103852e-05 3.423329619685735645e-12
6.428866236065911000e-05 3.420129166555841642e-12
6.429063439191719503e-05 3.379655978584364899e-12
6.429260642317526650e-05 3.310044712085735382e-12
6.429457845443333798e-05 3.270836415702369737e-12
6.429655048569142301e-05 3.216531306757069364e-12
6.429852251694949449e-05 3.233002586705946937e-12
6.430049454820757951e-05 3.240726934273993909e-12
6.430246657946565099e-05 3.279984151712284363e-12
6.430443861072373602e-05 3.261116661132366146e-12
6.430641064198180750e-05 3.237642928875857348e-12
6.430838267323987897e-05 3.222112052978430062e-12
6.431035470449796400e-05 3.226359399418618100e-12
6.431232673575603548e-05 3.254061460746823010e-12
6.431429876701412051e-05 3.283492485016094557e-12
6.431627079827219198e-05 3.297762784737268725e-12
6.431824282953027701e-05 3.285693427026490179e-12
6.432021486078834849e-05 3.256653760034765912e-12
6.432218689204643352e-05 3.211869344055225960e-12
6.432415892330450499e-05 3.182997741407279282e-12
6.432613095456257647e-05 3.178335613177026185e-12
6.432810298582066150e-05 3.200308643855864120e-12
6.433007501707873298e-05 3.228308009826323319e-12
6.433204704833681801e-05 3.239910495178761604e-12
6.433401907959488948e-05 3.209363966098697555e-12
6.433599111085297451e-05 3.179754625586215691e-12
6.433796314211104599e-05 3.131266615260485385e-12
6.433993517336913102e-05 3.122107066159593072e-12
6.434190720462720249e-05 3.110509432463083103e-12
6.434387923588527397e-05 3.132296617385064908e-12
6.434585126714335900e-05 3.122997882207176923e-12
6.434782329840143048e-05 3.115584358731631330e-12
6.434979532965951550e-05 3.088932887613940390e-12
6.435176736091758698e-05 3.060982316555908751e-12
6.435373939217567201e-05 3.031780835544578062e-12
6.435571142343374349e-05 3.016705507657647345e-12
6.435768345469181496e-05 3.003516448705542394e-12
6.435965548594989999e-05 3.013939482168636862e-12
6.436162751720797147e-05 2.997306447968053695e-12
6.436359954846605650e-05 2.983123744461907517e-12
6.436557157972412797e-05 2.974240355876157237e-12
6.436754361098221300e-05 2.950147053144465928e-12
6.436951564224028448e-05 2.951262953223046425e-12
6.437148767349836951e-05 2.953277149141238379e-12
6.437345970475644098e-05 2.971674478745200534e-12
6.437543173601451246e-05 2.958942777992397253e-12
6.437740376727259749e-05 2.942330322414314821e-12
6.437937579853066897e-05 2.929398573750526321e-12
6.438134782978875400e-05 2.902937775401575261e-12
6.438331986104682547e-05 2.891582020101439685e-12
6.438529189230491050e-05 2.874354591300608944e-12
6.438726392356298198e-05 2.870761601013424177e-12
6.438923595482106701e-05 2.864559470491741831e-12
6.439120798607913848e-05 2.863635751450069095e-12
6.439318001733720996e-05 2.882533806867944926e-12
6.439515204859529499e-05 2.908256298688989264e-12
6.439712407985336646e-05 2.930832614761332300e-12
6.439909611111145149e-05 2.971571056660089362e-12
6.440106814236952297e-05 3.041246475422015771e-12
6.440304017362760800e-05 3.165306225349167771e-12
6.440501220488567948e-05 3.354475620962751513e-12
6.440698423614375095e-05 3.665111697596093680e-12
6.440895626740183598e-05 4.107574315039342800e-12
6.441092829865990746e-05 4.619842652735396366e-12
6.441290032991799249e-05 5.326587710577785048e-12
6.441487236117606396e-05 6.266970376315307361e-12
6.441684439243414899e-05 7.810349212012665498e-12
6.441881642369222047e-05 8.729887440444378682e-12
6.441881642369222047e-05 1e0
6.456466785553962977e-05 1e0
6.456466785553962977e-05 4.901135165702532624e-12
6.456663988679770124e-05 4.445357555543983531e-12
6.456861191805578627e-05 3.759160186193541344e-12
6.457058394931385775e-05 3.393394255417237712e-12
6.457255598057194278e-05 3.000418038855690793e-12
6.457452801183001425e-05 2.726558199699908140e-12
6.457650004308809928e-05 2.484128961610777252e-12
6.457847207434617076e-05 2.324141203503229969e-12
6.458044410560425579e-05 2.200151845164190187e-12
6.458241613686232726e-05 2.123133132960763848e-12
6.458438816812039874e-05 2.056163508958217800e-12
6.458636019937848377e-05 2.014543287853551752e-12
6.458833223063655525e-05 1.986007027804751591e-12
6.459030426189464027e-05 1.957085624275277493e-12
6.459227629315271175e-05 1.952026544234566217e-12
6.459424832441079678e-05 1.964962210075467592e-12
6.459622035566886826e-05 1.989966451127747898e-12
6.459819238692693973e-05 2.026325242641614927e-12
6.460016441818502476e-05 2.058444244599185402e-12
6.460213644944309624e-05 2.071954209843938280e-12
6.460410848070118127e-05 2.064232251523735418e-12
6.460608051195925274e-05 2.042975354624515163e-12
6.460805254321733777e-05 2.030967801687174730e-12
6.461002457447540925e-05 1.995805801347280271e-12
6.461199660573349428e-05 1.989894392242755783e-12
6.461396863699156575e-05 1.968810747549229844e-12
6.461594066824963723e-05 1.975575175308557746e-12
6.461791269950772226e-05 1.965031616554638505e-12
6.461988473076579374e-05 1.969369925218766730e-12
6.462185676202387877e-05 1.992446493482704191e-12
6.462382879328195024e-05 1.994969778631062176e-12
6.462580082454003527e-05 2.015313576859467551e-12
6.462777285579810675e-05 2.062425311334034651e-12
6.462974488705619178e-05 2.089913396421192449e-12
6.463171691831426325e-05 2.155059498501397957e-12
6.463368894957233473e-05 2.198566346897820171e-12
6.463566098083041976e-05 2.224050981761079237e-12
6.463763301208849124e-05 2.231172470123811374e-12
6.463960504334657626e-05 2.204638987977217788e-12
6.464157707460464774e-05 2.215057131739368426e-12
6.464354910586273277e-05 2.175501686840560079e-12
6.464552113712080425e-05 2.171992813532818526e-12
6.464749316837887572e-05 2.119778549469530499e-12
6.464946519963696075e-05 2.099442906841989950e-12
6.465143723089503223e-05 2.032772177530817724e-12
6.465340926215311726e-05 1.989409735482656687e-12
6.465538129341118873e-05 1.945989643071351084e-12
6.465735332466927376e-05 1.916614828957624040e-12
6.465932535592734524e-05 1.902342443080560617e-12
6.466129738718543027e-05 1.911434349321468905e-12
6.466326941844350174e-05 1.904835837106461362e-12
6.466524144970157322e-05 1.929822801308998730e-12
6.466721348095965825e-05 1.980707652985459020e-12
6.466918551221772973e-05 2.033088795492647088e-12
6.467115754347581476e-05 2.083494683319049441e-12
6.467312957473388623e-05 2.140457926585096929e-12
6.467510160599197126e-05 2.184938649406367660e-12
6.467707363725004274e-05 2.214676453462119198e-12
6.467904566850812777e-05 2.217111205361839173e-12
6.468101769976619924e-05 2.201320660648352294e-12
6.468298973102427072e-05 2.207505939599139864e-12
6.468496176228235575e-05 2.131622048638026655e-12
6.468693379354042722e-05 2.133411474343435827e-12
6.468890582479851225e-05 2.108934517088903357e-12
6.469087785605658373e-05 2.102851424584269531e-12
6.469284988731466876e-05 2.115658815410258094e-12
6.469482191857274024e-05 2.128255286023868496e-12
6.469679394983081171e-05 2.155260098791478527e-12
6.469876598108889674e-05 2.145588124259045370e-12
6.470073801234696822e-05 2.173808187038764987e-12
6.470271004360505325e-05 2.180255942220983015e-12
6.470468207486312472e-05 2.179665522673808965e-12
6.470665410612120975e-05 2.212939089329061465e-12
6.470862613737928123e-05 2.197587299063171292e-12
6.471059816863736626e-05 2.228728913379620667e-12
6.471257019989543773e-05 2.218282389805141008e-12
6.471454223115350921e-05 2.222958878213350917e-12
6.471651426241159424e-05 2.294973912003303994e-12
6.471848629366966572e-05 2.324688104909336299e-12
6.472045832492775074e-05 2.373767133668241571e-12
6.472243035618582222e-05 2.442902918825019273e-12
6.472440238744390725e-05 2.532859542986559260e-12
6.472637441870197873e-05 2.770243833779513979e-12
6.472834644996006376e-05 2.902067659611824005e-12
6.473031848121813523e-05 3.424038826119509136e-12
6.473229051247620671e-05 3.604185646504173705e-12
6.473229051247620671e-05 1e0
6.490975754945311083e-05 1e0
6.490975754945311083e-05 4.706235220992828958e-12
6.491172958071119586e-05 4.230790847870393297e-12
6.491370161196926734e-05 3.333217647448192304e-12
6.491567364322735237e-05 2.811724170163807815e-12
6.491764567448542384e-05 2.500075021221251495e-12
6.491961770574350887e-05 2.181415983253974393e-12
6.492158973700158035e-05 1.943852198617672245e-12
6.492356176825966538e-05 1.779704787531118346e-12
6.492553379951773685e-05 1.662017473268379355e-12
6.492750583077580833e-05 1.598450680690058814e-12
6.492947786203389336e-05 1.563255210517275141e-12
6.493144989329196484e-05 1.549269373338445943e-12
6.493342192455004987e-05 1.549348871800142287e-12
6.493539395580812134e-05 1.550736407908518191e-12
6.493736598706620637e-05 1.561747254560199575e-12
6.493933801832427785e-05 1.572613347213375349e-12
6.494131004958234932e-05 1.592005770426931765e-12
6.494328208084043435e-05 1.611250227947572239e-12
6.494525411209850583e-05 1.624936391190741635e-12
6.494722614335659086e-05 1.642036661558250461e-12
6.494919817461466233e-05 1.651235391086654836e-12
6.495117020587274736e-05 1.664692983867688125e-12
6.495314223713081884e-05 1.692663263681262629e-12
6.495511426838890387e-05 1.712660805761146109e-12
6.495708629964697535e-05 1.757522887498976140e-12
6.495905833090504682e-05 1.789404876150023204e-12
6.496103036216313185e-05 1.838193840856625881e-12
6.496300239342120333e-05 1.888149615744960846e-12
6.496497442467928836e-05 1.902216620325191209e-12
6.496694645593735983e-05 1.939636932298611418e-12
6.496891848719544486e-05 1.979073604442535872e-12
6.497089051845351634e-05 1.977006191980430346e-12
6.497286254971160137e-05 2.015571927321000504e-12
6.497483458096967284e-05 2.013413634611844446e-12
6.497680661222774432e-05 2.050763959786220241e-12
6.497877864348582935e-05 2.063667241970594002e-12
6.498075067474390083e-05 2.049690520328598287e-12
6.498272270600198585e-05 2.072835868702229228e-12
6.498469473726005733e-05 2.076262889698070446e-12
6.498666676851814236e-05 2.105179093295189810e-12
6.498863879977621384e-05 2.081947629750446429e-12
6.499061083103428531e-05 2.119326891626306312e-12
6.499258286229237034e-05 2.140699326654049387e-12
6.499455489355044182e-05 2.136023470124221449e-12
6.499652692480852685e-05 2.112778247727107212e-12
6.499849895606659832e-05 2.095292118523877843e-12
6.500047098732468335e-05 2.059842287815341549e-12
6.500244301858275483e-05 1.991532500262194773e-12
6.500441504984083986e-05 1.916966747597213796e-12
6.500638708109891134e-05 1.861879431380041854e-12
6.500835911235698281e-05 1.793149604792826701e-12
6.501033114361506784e-05 1.749518674641832252e-12
6.501230317487313932e-05 1.749923485377490569e-12
6.501427520613122435e-05 1.738501221852870003e-12
6.501624723738929582e-05 1.742363572873362168e-12
6.501821926864738085e-05 1.742874266549460529e-12
6.502019129990545233e-05 1.743827417983776678e-12
6.502216333116353736e-05 1.722473710455855511e-12
6.502413536242160883e-05 1.730203653455556223e-12
6.502610739367968031e-05 1.767424750523547642e-12
6.502807942493776534e-05 1.824112616495894144e-12
6.503005145619583682e-05 1.875574409951415716e-12
6.503202348745392184e-05 1.909229742478227971e-12
6.503399551871199332e-05 1.962342756726362806e-12
6.503596754997007835e-05 1.964254941392252993e-12
6.503793958122814983e-05 1.911313823201220278e-12
6.503991161248622130e-05 1.877751534875815783e-12
6.504188364374430633e-05 1.841161864247343583e-12
6.504385567500237781e-05 1.781982845872431626e-12
6.504582770626046284e-05 1.778823800209079250e-12
6.504779973751853431e-05 1.782631207165516412e-12
6.504977176877661934e-05 1.788674432844366825e-12
6.505174380003469082e-05 1.825300481313205386e-12
6.505371583129277585e-05 1.889502151357099660e-12
6.505568786255084732e-05 1.934719572257999482e-12
6.505765989380891880e-05 1.945776786551882975e-12
6.505963192506700383e-05 1.997087957804470035e-12
6.506160395632507531e-05 2.014784906435359370e-12
6.506357598758316034e-05 2.015655317449177950e-12
6.506554801884123181e-05 2.003311193291307303e-12
6.506752005009931684e-05 1.989298755063634285e-12
6.506949208135738832e-05 1.969027113858398275e-12
6.507146411261547335e-05 1.913858574216466565e-12
6.507343614387354482e-05 1.859590389884106966e-12
6.507540817513161630e-05 1.828797260194657809e-12
6.507738020638970133e-05 1.771768809654902543e-12
6.507935223764777280e-05 1.738410607023842617e-12
6.508132426890585783e-05 1.692213544830533495e-12
6.508329630016392931e-05 1.653181889593960575e-12
6.508526833142201434e-05 1.641694006700000123e-12
6.508724036268008582e-05 1.631911663556722840e-12
6.508921239393815729e-05 1.646899078899366012e-12
6.509118442519624232e-05 1.676048147234983260e-12
6.509315645645431380e-05 1.702638541842764926e-12
6.509512848771239883e-05 1.742281162848814136e-12
6.509710051897047030e-05 1.760605940336325363e-12
6.509907255022855533e-05 1.768081613958588210e-12
6.510104458148662681e-05 1.775395924097335883e-12
6.510301661274471184e-05 1.786254909659258208e-12
6.510498864400278331e-05 1.771481551385993549e-12
6.510696067526085479e-05 1.755907758459540431e-12
6.510893270651893982e-05 1.760654076688957918e-12
6.511090473777701130e-05 1.759571795588163715e-12
6.511287676903509633e-05 1.788712259850970701e-12
6.511484880029316780e-05 1.832118136226589180e-12
6.511682083155125283e-05 1.844431862060033530e-12
6.511879286280932431e-05 1.907434546949366669e-12
6.512076489406740934e-05 1.947293664043637334e-12
6.512273692532548081e-05 1.945662274106054555e-12
6.512470895658355229e-05 1.950670756770248986e-12
6.512668098784163732e-05 1.962311837900942477e-12
6.512865301909970879e-05 1.923186429067214319e-12
6.513062505035779382e-05 1.878051541097320979e-12
6.513259708161586530e-05 1.824735160761114277e-12
6.513456911287395033e-05 1.787421458512011318e-12
6.513654114413202181e-05 1.764002452611631697e-12
6.513851317539009328e-05 1.748811653056672319e-12
6.514048520664817831e-05 1.744915300312998513e-12
6.514245723790624979e-05 1.739482842206526013e-12
6.514442926916433482e-05 1.730330504106132684e-12
6.514640130042240629e-05 1.728158523885726056e-12
6.514837333168049132e-05 1.739623085351451247e-12
6.515034536293856280e-05 1.713255540081174249e-12
6.515231739419664783e-05 1.717668857310972264e-12
6.515428942545471930e-05 1.725545252735724522e-12
6.515626145671279078e-05 1.741236580803222914e-12
6.515823348797087581e-05 1.721774546065876141e-12
6.516020551922894729e-05 1.744354140837992547e-12
6.516217755048703231e-05 1.758277584798771106e-12
6.516414958174510379e-05 1.783618306384067942e-12
6.516612161300318882e-05 1.769950037231900552e-12
6.516809364426126030e-05 1.785344166333895022e-12
6.517006567551934533e-05 1.765317184310426683e-12
6.517203770677741680e-05 1.754257990542073316e-12
6.517400973803548828e-05 1.726218107109050297e-12
6.517598176929357331e-05 1.723312042931397371e-12
6.517795380055164478e-05 1.716430111361914640e-12
6.517992583180972981e-05 1.705440582158843881e-12
6.518189786306780129e-05 1.746486397744831106e-12
6.518386989432588632e-05 1.784902743794377923e-12
6.518584192558395780e-05 1.836935841338666601e-12
6.518781395684202927e-05 1.868674237595288920e-12
6.518978598810011430e-05 1.943011273994794354e-12
6.519175801935818578e-05 1.935293150664460824e-12
6.519373005061627081e-05 1.961155304585769166e-12
6.519570208187434228e-05 1.933699570435322825e-12
6.519767411313242731e-05 1.897745928777734400e-12
6.519964614439049879e-05 1.847432486945594470e-12
6.520161817564858382e-05 1.810545553226514562e-12
6.520359020690665529e-05 1.779813931898596957e-12
6.520556223816472677e-05 1.765883731717873304e-12
6.520753426942281180e-05 1.763977411900514223e-12
6.520950630068088328e-05 1.746651499093890779e-12
6.521147833193896830e-05 1.768506898818193096e-12
6.521345036319703978e-05 1.771748074432734740e-12
6.521542239445512481e-05 1.758077010942447592e-12
6.521739442571319629e-05 1.765726380798220971e-12
6.521936645697128132e-05 1.765692197027208985e-12
6.522133848822935279e-05 1.760935766191649462e-12
6.522331051948742427e-05 1.772773156650625151e-12
6.522528255074550930e-05 1.732264704431308948e-12
6.522725458200358077e-05 1.712505507508943014e-12
6.522922661326166580e-05 1.699027608795527482e-12
6.523119864451973728e-05 1.683676818679012649e-12
6.523317067577782231e-05 1.693004570682124242e-12
6.523514270703589378e-05 1.668737799130027491e-12
6.523711473829396526e-05 1.666252746608137483e-12
6.523908676955205029e-05 1.669757062851597872e-12
6.524105880081012177e-05 1.682011597753051445e-12
6.524303083206820680e-05 1.690867781982575844e-12
6.524500286332627827e-05 1.685321438035410578e-12
6.524697489458436330e-05 1.705469015351880895e-12
6.524894692584243478e-05 1.681616971263577037e-12
6.525091895710051981e-05 1.678486249943804736e-12
6.525289098835859128e-05 1.647593082385676180e-12
6.525486301961666276e-05 1.605621488562871177e-12
6.525683505087474779e-05 1.595225582064534941e-12
6.525880708213281927e-05 1.575279208016945913e-12
6.526077911339090429e-05 1.593366377401808405e-12
6.526275114464897577e-05 1.607625233673070872e-12
6.526472317590706080e-05 1.608390201932620350e-12
6.526669520716513228e-05 1.632193813397798042e-12
6.526866723842321731e-05 1.635085671556727395e-12
6.527063926968128878e-05 1.622446789287419146e-12
6.527261130093936026e-05 1.623743254371666263e-12
6.527458333219744529e-05 1.619991410733220017e-12
6.527655536345551676e-05 1.612595076243332230e-12
6.527852739471360179e-05 1.603144123356245843e-12
6.528049942597167327e-05 1.601386694294083920e-12
6.528247145722975830e-05 1.565555291799144765e-12
6.528444348848782977e-05 1.547878641144412664e-12
6.528641551974590125e-05 1.539606495622960399e-12
6.528838755100398628e-05 1.541562094737116816e-12
6.529035958226205776e-05 1.550581794164815798e-12
6.529233161352014279e-05 1.549555522116972395e-12
6.529430364477821426e-05 1.554370609923788108e-12
6.529627567603629929e-05 1.564762187707017235e-12
6.529824770729437077e-05 1.544833358181320026e-12
6.530021973855245580e-05 1.537243729845366292e-12
6.530219176981052727e-05 1.534505777346089676e-12
6.530416380106859875e-05 1.547404409338606952e-12
6.530613583232668378e-05 1.560821307712724474e-12
6.530810786358475525e-05 1.569124037748352286e-12
6.531007989484284028e-05 1.576563027253245066e-12
6.531205192610091176e-05 1.570211167510426129e-12
6.531402395735899679e-05 1.585121324444028780e-12
6.531599598861706827e-05 1.583468306014873455e-12
6.531796801987515329e-05 1.579502051493870472e-12
6.531994005113322477e-05 1.580676071240761022e-12
6.532191208239129625e-05 1.590386837307085410e-12
6.532388411364938128e-05 1.618937793355064378e-12
6.532585614490745275e-05 1.619742297410257281e-12
6.532782817616553778e-05 1.632191595058283929e-12
6.532980020742360926e-05 1.641966722206712094e-12
6.533177223868169429e-05 1.635276395611266252e-12
6.533374426993976576e-05 1.642001693836212414e-12
6.533571630119783724e-05 1.615514393530012529e-12
6.533768833245592227e-05 1.623663493433216248e-12
6.533966036371399375e-05 1.615620526257450479e-12
6.534163239497207877e-05 1.644918451921603103e-12
6.534360442623015025e-05 1.661023856501612882e-12
6.534557645748823528e-05 1.680370510021431783e-12
6.534754848874630676e-05 1.682613860587769101e-12
6.534952052000439179e-05 1.695440514444934453e-12
6.535149255126246326e-05 1.664336927360644420e-12
6.535346458252053474e-05 1.661036280062530565e-12
6.535543661377861977e-05 1.639829403000814916e-12
6.535740864503669124e-05 1.667271828860782576e-12
6.535938067629477627e-05 1.668453073477497324e-12
6.536135270755284775e-05 1.702617043070710414e-12
6.536332473881093278e-05 1.698184716701490684e-12
6.536529677006900426e-05 1.658053698347258707e-12
6.536726880132708928e-05 1.652948997175385577e-12
6.536924083258516076e-05 1.622323191541900853e-12
6.537121286384323224e-05 1.631138747154016178e-12
6.537318489510131727e-05 1.641579628703791003e-12
6.537515692635938874e-05 1.664342365547276937e-12
6.537712895761747377e-05 1.692277779641862809e-12
6.537910098887554525e-05 1.702988693752982222e-12
6.538107302013363028e-05 1.716417873663107560e-12
6.538304505139170175e-05 1.716032809104993602e-12
6.538501708264977323e-05 1.710988618507177631e-12
6.538698911390785826e-05 1.689417093598491676e-12
6.538896114516592974e-05 1.670569428632638876e-12
6.539093317642401476e-05 1.666423985301627735e-12
6.539290520768208624e-05 1.648790707806363838e-12
6.539487723894017127e-05 1.623943524170337705e-12
6.539684927019824275e-05 1.618701158862172377e-12
6.539882130145632778e-05 1.611141948157552175e-12
6.540079333271439925e-05 1.599182039486650161e-12
6.540276536397247073e-05 1.572434999767991241e-12
6.540473739523055576e-05 1.536751161502720837e-12
6.540670942648862723e-05 1.493496792817953661e-12
6.540868145774671226e-05 1.470333455519105182e-12
6.541065348900478374e-05 1.467678517789569008e-12
6.541262552026286877e-05 1.481295773204771637e-12
6.541459755152094024e-05 1.505889460946480746e-12
6.541656958277902527e-05 1.528029068225877655e-12
6.541854161403709675e-05 1.551794944346195092e-12
6.542051364529516823e-05 1.531003165975940613e-12
6.542248567655325326e-05 1.519250992695661558e-12
6.542445770781132473e-05 1.515198410976869826e-12
6.542642973906940976e-05 1.517986469641571310e-12
6.542840177032748124e-05 1.543352811047526875e-12
6.543037380158556627e-05 1.558956773249017384e-12
6.543234583284363774e-05 1.601633280199955593e-12
6.543431786410170922e-05 1.600086372703014383e-12
6.543628989535979425e-05 1.595174038041622220e-12
6.543826192661786573e-05 1.586759859971676532e-12
6.544023395787595075e-05 1.542239738033507211e-12
6.544220598913402223e-05 1.490495643364511085e-12
6.544417802039210726e-05 1.453887243152941803e-12
6.544615005165017874e-05 1.456895794480566661e-12
6.544812208290826377e-05 1.461495526215262438e-12
6.545009411416633524e-05 1.503322838620408387e-12
6.545206614542440672e-05 1.558343738719254871e-12
6.545403817668249175e-05 1.575371704800802343e-12
6.545601020794056322e-05 1.589566383987347434e-12
6.545798223919864825e-05 1.602816516931309370e-12
6.545995427045671973e-05 1.585539040720656772e-12
6.546192630171480476e-05 1.562967698213103517e-12
6.546389833297287623e-05 1.548396498435888244e-12
6.546587036423096126e-05 1.544090936408611592e-12
6.546784239548903274e-05 1.539188213782934518e-12
6.546981442674710422e-05 1.517266706484901697e-12
6.547178645800518925e-05 1.505523915456410019e-12
6.547375848926326072e-05 1.500937246254434191e-12
6.547573052052134575e-05 1.458222501017178960e-12
6.547770255177941723e-05 1.450031660700486937e-12
6.547967458303750226e-05 1.433915368049941220e-12
6.548164661429557373e-05 1.445758801386485372e-12
6.548361864555364521e-05 1.490779390400295242e-12
6.548559067681173024e-05 1.531581559833422662e-12
6.548756270806980171e-05 1.563186578890189595e-12
6.548953473932788674e-05 1.598497671202316040e-12
6.549150677058595822e-05 1.582034610717080359e-12
6.549347880184404325e-05 1.572602479102435568e-12
6.549545083310211473e-05 1.534204671222749545e-12
6.549742286436019975e-05 1.506343437972492984e-12
6.549939489561827123e-05 1.458862383577012814e-12
6.550136692687634271e-05 1.452698105945383850e-12
6.550333895813442774e-05 1.430415508664641494e-12
6.550531098939249921e-05 1.428433788484270782e-12
6.550728302065058424e-05 1.453040267687480435e-12
6.550925505190865572e-05 1.466434728089209541e-12
6.551122708316674075e-05 1.490925494969122468e-12
6.551319911442481222e-05 1.510206485580037538e-12
6.551517114568289725e-05 1.534964230296453386e-12
6.551714317694096873e-05 1.595026339355731263e-12
6.551911520819904021e-05 1.654189410750860463e-12
6.552108723945712524e-05 1.710829307433007110e-12
6.552305927071519671e-05 1.832261152524621436e-12
6.552503130197328174e-05 1.955632538318849099e-12
6.552700333323135322e-05 2.081817581776543804e-12
6.552897536448943825e-05 2.226689284446729814e-12
6.553094739574750972e-05 2.445238835940501129e-12
6.553291942700558120e-05 2.564482000135443492e-12
6.553489145826366623e-05 3.061315955086168605e-12
6.553686348952173770e-05 3.315077906482655705e-12
6.553883552077982273e-05 3.312654082320977315e-12
6.554080755203789421e-05 3.006740554610932617e-12
6.554277958329597924e-05 3.003047915116782858e-12
6.554475161455405072e-05 3.001152936089338048e-12
6.554672364581213574e-05 3.001045692633082575e-12
6.554869567707020722e-05 2.795883136418687321e-12
6.555066770832827870e-05 2.987465711458781094e-12
6.555263973958636373e-05 2.984016589448310933e-12
6.555461177084443520e-05 2.756777445971594101e-12
6.555658380210252023e-05 2.751996646483280068e-12
6.555855583336059171e-05 2.749174811359583335e-12
6.556052786461867674e-05 2.351160145266215330e-12
6.556249989587674821e-05 2.178791900710998223e-12
6.556447192713483324e-05 2.011229553278790312e-12
6.556644395839290472e-05 1.905858095620083739e-12
6.556841598965097620e-05 1.779374309029005742e-12
6.557038802090906122e-05 1.658508862458970062e-12
6.557236005216713270e-05 1.589289587198697190e-12
6.557433208342521773e-05 1.545720435928368803e-12
6.557630411468328921e-05 1.492360394970887221e-12
6.557827614594137424e-05 1.476205997951325393e-12
6.558024817719944571e-05 1.451341639611926692e-12
6.558222020845753074e-05 1.444267585355133076e-12
6.558419223971560222e-05 1.407555672205993755e-12
6.558616427097367369e-05 1.394343912163305513e-12
6.558813630223175872e-05 1.363756648063954819e-12
6.559010833348983020e-05 1.331218233202733355e-12
6.559208036474791523e-05 1.324549634150292364e-12
6.559405239600598670e-05 1.329785328123350446e-12
6.559602442726407173e-05 1.321841664114272147e-12
6.559799645852214321e-05 1.333472065547358773e-12
6.559996848978021469e-05 1.340696954392691135e-12
6.560194052103829972e-05 1.367465354709687285e-12
6.560391255229637119e-05 1.385429018691100463e-12
6.560588458355445622e-05 1.366216759604960912e-12
6.560785661481252770e-05 1.382291173443126566e-12
6.560982864607061273e-05 1.376306826963352164e-12
6.561180067732868420e-05 1.378557039960039222e-12
6.561377270858676923e-05 1.367009894668872642e-12
6.561574473984484071e-05 1.381755487903736014e-12
6.561771677110291219e-05 1.385114651832216366e-12
6.561968880236099721e-05 1.374210484050475432e-12
6.562166083361906869e-05 1.390379849358409246e-12
6.562363286487715372e-05 1.391906239126161679e-12
6.562560489613522520e-05 1.366563779989157377e-12
6.562757692739331023e-05 1.374048405019674534e-12
6.562954895865138170e-05 1.365454900635375891e-12
6.563152098990946673e-05 1.386640195410630458e-12
6.563349302116753821e-05 1.375876468717272618e-12
6.563546505242560968e-05 1.388312681133089957e-12
6.563743708368369471e-05 1.410627403717713717e-12
6.563940911494176619e-05 1.400222713605942515e-12
6.564138114619985122e-05 1.399595434445166669e-12
6.564335317745792269e-05 1.418306385912659364e-12
6.564532520871600772e-05 1.405246903104981083e-12
6.564729723997407920e-05 1.389257724919079662e-12
6.564926927123215068e-05 1.378972367393832220e-12
6.565124130249023571e-05 1.406411103567201135e-12
6.565321333374830718e-05 1.398559156107941997e-12
6.565518536500639221e-05 1.412483274078631998e-12
6.565715739626446369e-05 1.430881561378184309e-12
6.565912942752254872e-05 1.440063582006953738e-12
6.566110145878062019e-05 1.444624102463208863e-12
6.566307349003870522e-05 1.464371502337849506e-12
6.566504552129677670e-05 1.444685703211829751e-12
6.566701755255484817e-05 1.441117003304394603e-12
6.566898958381293320e-05 1.438997557294236188e-12
6.567096161507100468e-05 1.440652941533431425e-12
6.567293364632908971e-05 1.436394458106101054e-12
6.567490567758716119e-05 1.435156813524381696e-12
6.567687770884524621e-05 1.412281320793514029e-12
6.567884974010331769e-05 1.423179700763077173e-12
6.568082177136140272e-05 1.413351487274124845e-12
6.568279380261947420e-05 1.411087558222573933e-12
6.568476583387754567e-05 1.413526375788311872e-12
6.568673786513563070e-05 1.420258216742895146e-12
6.568870989639370218e-05 1.461020750170218258e-12
6.569068192765178721e-05 1.452436975622457136e-12
6.569265395890985868e-05 1.464386228395859976e-12
6.569462599016794371e-05 1.447082300100480679e-12
6.569659802142601519e-05 1.454797098503772002e-12
6.569857005268408667e-05 1.448714848000527115e-12
6.570054208394217170e-05 1.461978981904900069e-12
6.570251411520024317e-05 1.453874717448210416e-12
6.570448614645832820e-05 1.448949250792970123e-12
6.570645817771639968e-05 1.455788382732498978e-12
6.570843020897448471e-05 1.468395143201692655e-12
6.571040224023255618e-05 1.477260476915738767e-12
6.571237427149064121e-05 1.459010673035998824e-12
6.571434630274871269e-05 1.459849805167320314e-12
6.571631833400678416e-05 1.479022554941579757e-12
6.571829036526486919e-05 1.444615819212784094e-12
6.572026239652294067e-05 1.434584012790824290e-12
6.572223442778102570e-05 1.445531025133749397e-12
6.572420645903909718e-05 1.418588438512570875e-12
6.572617849029718220e-05 1.435916011290223843e-12
6.572815052155525368e-05 1.414674090289019579e-12
6.573012255281333871e-05 1.413483089226524167e-12
6.573209458407141019e-05 1.415072481957908848e-12
6.573406661532948166e-05 1.408251818060423409e-12
6.573603864658756669e-05 1.402411448137477954e-12
6.573801067784563817e-05 1.400297499785313483e-12
6.573998270910372320e-05 1.392801132386711082e-12
6.574195474036179467e-05 1.389350540610112507e-12
6.574392677161987970e-05 1.384291723454702153e-12
6.574589880287795118e-05 1.380051368610094742e-12
6.574787083413602266e-05 1.380321682819763105e-12
6.574984286539410768e-05 1.381353506411749121e-12
6.575181489665217916e-05 1.380538526188437254e-12
6.575378692791026419e-05 1.385272086541370782e-12
6.575575895916833567e-05 1.412987342758820029e-12
6.575773099042642070e-05 1.399104898624842087e-12
6.575970302168449217e-05 1.428871263559588346e-12
6.576167505294257720e-05 1.408583869852364835e-12
6.576364708420064868e-05 1.407857720123856239e-12
6.576561911545872015e-05 1.427997743893825306e-12
6.576759114671680518e-05 1.397447001447106794e-12
6.576956317797487666e-05 1.391547508906880941e-12
6.577153520923296169e-05 1.408426369739883577e-12
6.577350724049103317e-05 1.410825386271008651e-12
6.577547927174911819e-05 1.418238943104643036e-12
6.577745130300718967e-05 1.425255737081198507e-12
6.577942333426527470e-05 1.414064035316248073e-12
6.578139536552334618e-05 1.449290581586321327e-12
6.578336739678141765e-05 1.422932175016822422e-12
6.578533942803950268e-05 1.414885530204550423e-12
6.578731145929757416e-05 1.410550131382078446e-12
6.578928349055565919e-05 1.391355571641817673e-12
6.579125552181373066e-05 1.379599686268555986e-12
6.579322755307181569e-05 1.394759072886164257e-12
6.579519958432988717e-05 1.393142526464323853e-12
6.579717161558795865e-05 1.373308786766929396e-12
6.579914364684604367e-05 1.404271868017159883e-12
6.580111567810411515e-05 1.386598291052689022e-12
6.580308770936220018e-05 1.390983045653046267e-12
6.580505974062027166e-05 1.397081651705465360e-12
6.580703177187835669e-05 1.425270842143693936e-12
6.580900380313642816e-05 1.397478374957495003e-12
6.581097583439451319e-05 1.395572304545907770e-12
6.581294786565258467e-05 1.379261127675151947e-12
6.581491989691065614e-05 1.388063545657550457e-12
6.581689192816874117e-05 1.341711015888724229e-12
6.581886395942681265e-05 1.323256564495480728e-12
6.582083599068489768e-05 1.331334389018481513e-12
6.582280802194296915e-05 1.323014787068290451e-12
6.582478005320105418e-05 1.304002264571154020e-12
6.582675208445912566e-05 1.311276112310713995e-12
6.582872411571721069e-05 1.344766211214680648e-12
6.583069614697528217e-05 1.368389626436992836e-12
6.583266817823335364e-05 1.399662119526482405e-12
6.583464020949143867e-05 1.422674580866893859e-12
6.583661224074951015e-05 1.424746384699205116e-12
6.583858427200759518e-05 1.464151164266217653e-12
6.584055630326566665e-05 1.456891661411987303e-12
6.584252833452375168e-05 1.441196017485661787e-12
6.584450036578182316e-05 1.421130891361601340e-12
6.584647239703989464e-05 1.410419609047721870e-12
6.584844442829797966e-05 1.400819558641331520e-12
6.585041645955605114e-05 1.393899659677290139e-12
6.585238849081413617e-05 1.396035835498831587e-12
6.585436052207220765e-05 1.375699755039413848e-12
6.585633255333029267e-05 1.409755313244339124e-12
6.585830458458836415e-05 1.415247112176076801e-12
6.586027661584644918e-05 1.397349624052866974e-12
6.586224864710452066e-05 1.397975556057895306e-12
6.586422067836259213e-05 1.392286907948645629e-12
6.586619270962067716e-05 1.378812338938584614e-12
6.586816474087874864e-05 1.383811113954387458e-12
6.587013677213683367e-05 1.371969066888548098e-12
6.587210880339490514e-05 1.366819802505281792e-12
6.587408083465299017e-05 1.368230566281423090e-12
6.587605286591106165e-05 1.369494050746910135e-12
6.587802489716914668e-05 1.379910810238214352e-12
6.587999692842721816e-05 1.427805005076870783e-12
6.588196895968528963e-05 1.423802342680236951e-12
6.588394099094337466e-05 1.443676321611803853e-12
6.588591302220144614e-05 1.466209228750479131e-12
6.588788505345953117e-05 1.462606572460139109e-12
6.588985708471760264e-05 1.417809436706220513e-12
6.589182911597568767e-05 1.427128135896089253e-12
6.589380114723375915e-05 1.394927827658275712e-12
6.589577317849183062e-05 1.401236962655878570e-12
6.589774520974991565e-05 1.353499924193691961e-12
6.589971724100798713e-05 1.314428892073942906e-12
6.590168927226607216e-05 1.308643550372681414e-12
6.590366130352414364e-05 1.291570317677227829e-12
6.590563333478222866e-05 1.313931962600476149e-12
6.590760536604030014e-05 1.323224417146433659e-12
6.590957739729838517e-05 1.336454604221810349e-12
6.591154942855645665e-05 1.324545521338423916e-12
6.591352145981452812e-05 1.352080624703426859e-12
6.591549349107261315e-05 1.295888211496090132e-12
6.591746552233068463e-05 1.302653142000741514e-12
6.591943755358876966e-05 1.286019200805603184e-12
6.592140958484684113e-05 1.270872986288670455e-12
6.592338161610492616e-05 1.259632388163200660e-12
6.592535364736299764e-05 1.256055544869506417e-12
6.592732567862108267e-05 1.259918893029328297e-12
6.592929770987915414e-05 1.290253123607286410e-12
6.593126974113722562e-05 1.299265528726478768e-12
6.593324177239531065e-05 1.304051784176847836e-12
6.593521380365338213e-05 1.301568632831139680e-12
6.593718583491146716e-05 1.290009455068024298e-12
6.593915786616953863e-05 1.271506762897833132e-12
6.594112989742762366e-05 1.243043980346296294e-12
6.594310192868569514e-05 1.224072208535654437e-12
6.594507395994376661e-05 1.200132543462721658e-12
6.594704599120185164e-05 1.207569607532976162e-12
6.594901802245992312e-05 1.166097889368138180e-12
6.595099005371800815e-05 1.148807792473589398e-12
6.595296208497607963e-05 1.153832109981244677e-12
6.595493411623416465e-05 1.144791658746236773e-12
6.595690614749223613e-05 1.150022768271260096e-12
6.595887817875032116e-05 1.160736401554755736e-12
6.596085021000839264e-05 1.157647019799637788e-12
6.596282224126646411e-05 1.176338961919821679e-12
6.596479427252454914e-05 1.163052279905985875e-12
6.596676630378262062e-05 1.159358039767982320e-12
6.596873833504070565e-05 1.151077917738300948e-12
6.597071036629877712e-05 1.157134536264995851e-12
6.597268239755686215e-05 1.151381015814188250e-12
6.597465442881493363e-05 1.153253453375988158e-12
6.597662646007301866e-05 1.154952838785965215e-12
6.597859849133109013e-05 1.163090015996524814e-12
6.598057052258916161e-05 1.191701042074230688e-12
6.598254255384724664e-05 1.200845435730262295e-12
6.598451458510531812e-05 1.212808428283412923e-12
6.598648661636340315e-05 1.246454106238356820e-12
6.598845864762147462e-05 1.267152472019243881e-12
6.599043067887955965e-05 1.298726426817487883e-12
6.599240271013763113e-05 1.367782823169702819e-12
6.599437474139570260e-05 1.422309097676570536e-12
6.599634677265378763e-05 1.544802849057481885e-12
6.599831880391185911e-05 1.755863988101365184e-12
6.600029083516994414e-05 1.902412638557384489e-12
6.600226286642801561e-05 2.089638001662405664e-12
6.600423489768610064e-05 2.313906174823985413e-12
6.600423489768610064e-05 1e0
6.679508253717540429e-05 1e0
6.679508253717540429e-05 3.107542482160666404e-12
6.679705456843348932e-05 2.895561897249334586e-12
6.679902659969156080e-05 2.714737570999960965e-12
6.680099863094964582e-05 2.318412280720923403e-12
6.680297066220771730e-05 2.198186005266344385e-12
6.680494269346578878e-05 2.103443473077969670e-12
6.680691472472387381e-05 1.954443697460214646e-12
6.680888675598194528e-05 1.893703448425235796e-12
6.681085878724003031e-05 1.849261945483620566e-12
6.681283081849810179e-05 1.766851380832883350e-12
6.681480284975618682e-05 1.739901695310040881e-12
6.681677488101425829e-05 1.690457083799181200e-12
6.681874691227234332e-05 1.676814823550662800e-12
6.682071894353041480e-05 1.671616544648953398e-12
6.682269097478848628e-05 1.646997921627571479e-12
6.682466300604657130e-05 1.647238604770773832e-12
6.682663503730464278e-05 1.683054876663474116e-12
6.682860706856272781e-05 1.648207925267587390e-12
6.683057909982079929e-05 1.643162336684119586e-12
6.683255113107888432e-05 1.639128183919811320e-12
6.683452316233695579e-05 1.627844693094226258e-12
6.683649519359504082e-05 1.622539199440862270e-12
6.683846722485311230e-05 1.646073834495913131e-12
6.684043925611118377e-05 1.620957634476741336e-12
6.684241128736926880e-05 1.653717626949042084e-12
6.684438331862734028e-05 1.634247787663950150e-12
6.684635534988542531e-05 1.639984975144804156e-12
6.684832738114349678e-05 1.682179471264303626e-12
6.685029941240158181e-05 1.663480494430570097e-12
6.685227144365965329e-05 1.669774839635015794e-12
6.685424347491772477e-05 1.686155979545886425e-12
6.685621550617580980e-05 1.681397078807544684e-12
6.685818753743388127e-05 1.677388517244590393e-12
6.686015956869196630e-05 1.679671952058720638e-12
6.686213159995003778e-05 1.672501195731892511e-12
6.686410363120812281e-05 1.674748541086677625e-12
6.686607566246619428e-05 1.665523815073569856e-12
6.686804769372427931e-05 1.663901868985371938e-12
6.687001972498235079e-05 1.673275502025618647e-12
6.687199175624042227e-05 1.673716456972093773e-12
6.687396378749850729e-05 1.683387283582416890e-12
6.687593581875657877e-05 1.706897823318878880e-12
6.687790785001466380e-05 1.721012826724750508e-12
6.687987988127273528e-05 1.743184854691199165e-12
6.688185191253082031e-05 1.771982172620876422e-12
6.688382394378889178e-05 1.789079265084686034e-12
6.688579597504697681e-05 1.842517411586337240e-12
6.688776800630504829e-05 1.816365051326696561e-12
6.688974003756311976e-05 1.852164716443173969e-12
6.689171206882120479e-05 1.811851402732338112e-12
6.689368410007927627e-05 1.796738849737419450e-12
6.689565613133736130e-05 1.811679972452895210e-12
6.689762816259543277e-05 1.771243781549500971e-12
6.689960019385351780e-05 1.760833529673873278e-12
6.690157222511158928e-05 1.759133562117375081e-12
6.690354425636966076e-05 1.752767353909857076e-12
6.690551628762774579e-05 1.755550236055682735e-12
6.690748831888581726e-05 1.796025641263654094e-12
6.690946035014390229e-05 1.783026372837035238e-12
6.691143238140197377e-05 1.799824069268823013e-12
6.691340441266005880e-05 1.854210423307211505e-12
6.691537644391813027e-05 1.847357670462161665e-12
6.691734847517621530e-05 1.876773213871179220e-12
6.691932050643428678e-05 1.885274011513470391e-12
6.692129253769235825e-05 1.863961477567343761e-12
6.692326456895044328e-05 1.888491011892932979e-12
6.692523660020851476e-05 1.874279494632842716e-12
6.692720863146659979e-05 1.895637512588930768e-12
6.692918066272467127e-05 1.852822116524982689e-12
6.693115269398275629e-05 1.843238618474641692e-12
6.693312472524082777e-05 1.870133070330090850e-12
6.693509675649891280e-05 1.848188422507658693e-12
6.693706878775698428e-05 1.856080937419603173e-12
6.693904081901505575e-05 1.846735288784787965e-12
6.694101285027314078e-05 1.882604632079035835e-12
6.694298488153121226e-05 1.891668903405614792e-12
6.694495691278929729e-05 1.904477046111946878e-12
6.694692894404736876e-05 1.914679738997948890e-12
6.694890097530545379e-05 1.923114433232468600e-12
6.695087300656352527e-05 1.971589749390522117e-12
6.695284503782159675e-05 1.999338311682265802e-12
6.695481706907968178e-05 2.009827307028500538e-12
6.695678910033775325e-05 2.028613869365184267e-12
6.695876113159583828e-05 2.011135183676239176e-12
6.696073316285390976e-05 2.058017853316794045e-12
6.696270519411199479e-05 2.057166595691310968e-12
6.696467722537006626e-05 2.018855541969746768e-12
6.696664925662815129e-05 2.043270736235916218e-12
6.696862128788622277e-05 2.034602143648921659e-12
6.697059331914429424e-05 2.032282564759009417e-12
6.697256535040237927e-05 2.023786312734093825e-12
6.697453738166045075e-05 1.985623198563097615e-12
6.697650941291853578e-05 1.979756420790835709e-12
6.697848144417660726e-05 2.001235456883302144e-12
6.698045347543469228e-05 1.928007871485459389e-12
6.698242550669276376e-05 1.905381391436308277e-12
6.698439753795084879e-05 1.910040966891530910e-12
6.698636956920892027e-05 1.890950181641857064e-12
6.698834160046699174e-05 1.871554415119662582e-12
6.699031363172507677e-05 1.878353189771072628e-12
6.699228566298314825e-05 1.882450517502575304e-12
6.699425769424123328e-05 1.872567264189702196e-12
6.699622972549930475e-05 1.911231422705905186e-12
6.699820175675738978e-05 1.923460616983149602e-12
6.700017378801546126e-05 1.910983745654177386e-12
6.700214581927353274e-05 1.949109451777400754e-12
6.700411785053161776e-05 1.954556335396237778e-12
6.700608988178968924e-05 1.975958973977469263e-12
6.700806191304777427e-05 1.978411753300366683e-12
6.701003394430584575e-05 1.966866098144758134e-12
6.701200597556393078e-05 2.045659657610609107e-12
6.701397800682200225e-05 2.047321440422567869e-12
6.701595003808008728e-05 2.023238191201942559e-12
6.701792206933815876e-05 2.024364287706596558e-12
6.701989410059623023e-05 2.065137133445566742e-12
6.702186613185431526e-05 2.027678620665753439e-12
6.702383816311238674e-05 2.021514364770346260e-12
6.702581019437047177e-05 2.023960256727628280e-12
6.702778222562854325e-05 2.018601885194921253e-12
6.702975425688662827e-05 2.021794056605649425e-12
6.703172628814469975e-05 2.026730653558530349e-12
6.703369831940278478e-05 2.026143291251117834e-12
6.703567035066085626e-05 2.029232293354965256e-12
6.703764238191892773e-05 2.031250022843842932e-12
6.703961441317701276e-05 2.026599596302056799e-12
6.704158644443508424e-05 2.032358349581745789e-12
6.704355847569316927e-05 2.025631698656206619e-12
6.704553050695124074e-05 2.026756002340393495e-12
6.704750253820932577e-05 2.039103282617469039e-12
6.704947456946739725e-05 2.042166835649677510e-12
6.705144660072546873e-05 2.053326406213271486e-12
6.705341863198355375e-05 2.101067929260952401e-12
6.705539066324162523e-05 2.095405356488476211e-12
6.705736269449971026e-05 2.157303769474688230e-12
6.705933472575778174e-05 2.151910797992139347e-12
6.706130675701586677e-05 2.169084802633132607e-12
6.706327878827393824e-05 2.188956903428734142e-12
6.706525081953202327e-05 2.178428379701902517e-12
6.706722285079009475e-05 2.125849398014522507e-12
6.706919488204816622e-05 2.118988860648482811e-12
6.707116691330625125e-05 2.076967778028386692e-12
6.707313894456432273e-05 2.036239366570638443e-12
6.707511097582240776e-05 2.002186571940277913e-12
6.707708300708047923e-05 1.986927891941200855e-12
6.707905503833856426e-05 1.990514291275183874e-12
6.708102706959663574e-05 2.002602723502844215e-12
6.708299910085472077e-05 2.030446619447478010e-12
6.708497113211279225e-05 2.045925304137839405e-12
6.708694316337086372e-05 2.104327957910227839e-12
6.708891519462894875e-05 2.119278016767494954e-12
6.709088722588702023e-05 2.175012350700452930e-12
6.709285925714510526e-05 2.194576653702907344e-12
6.709483128840317673e-05 2.217267257143912574e-12
6.709680331966126176e-05 2.224933615961474555e-12
6.709877535091933324e-05 2.238924751357453702e-12
6.710074738217740471e-05 2.232791090649478108e-12
6.710271941343548974e-05 2.229598204831031119e-12
6.710469144469356122e-05 2.219242578559533078e-12
6.710666347595164625e-05 2.200519556063956603e-12
6.710863550720971773e-05 2.187240237062622610e-12
6.711060753846780275e-05 2.207299790670914457e-12
6.711257956972587423e-05 2.202461791608054894e-12
6.711455160098395926e-05 2.211329936830353667e-12
6.711652363224203074e-05 2.261574225972110937e-12
6.711849566350010221e-05 2.303978507910230441e-12
6.712046769475818724e-05 2.411135035283032089e-12
6.712243972601625872e-05 2.508319081766610677e-12
6.712441175727434375e-05 2.642751923177229289e-12
6.712638378853241522e-05 2.892805221835213176e-12
6.712835581979050025e-05 3.106132161586629682e-12
6.713032785104857173e-05 3.601224663333972281e-12
6.713229988230665676e-05 3.904737833683427573e-12
6.713427191356472824e-05 4.238625124703578633e-12
