1.000000000000000083e-30 9.670231994906074343e-22
2.559547922699533329e-30 2.475142221458440305e-21
6.551285568595495910e-30 6.335245131319858741e-21
1.676832936811003103e-29 1.621536351566207556e-20
4.291934260128760468e-29 4.150400000233066684e-20
1.098541141987561740e-28 1.062314769896877439e-19
2.811768697974236657e-28 2.719045562542585524e-19
7.196856730011528706e-28 6.959527421331257877e-19
1.842069969326716445e-27 1.781324395423885931e-18
4.714866363457389555e-27 4.559385155961209267e-18
1.206792640639326491e-26 1.166996480472760142e-17
3.088843596477497734e-26 2.986983417391744273e-17
7.906043210907733941e-26 7.645327201122991066e-17
2.023589647725163801e-25 1.956858135599258582e-16
5.179474679231222960e-25 5.008672175990763935e-16
1.325711365590110867e-24 1.281993646354011198e-15
3.393221771895329584e-24 3.281324174439409288e-15
8.685113737513520461e-24 8.398706474390149974e-15
2.222996482526191014e-23 2.149689170988842925e-14
5.689866029018281605e-23 5.502232452054175165e-14
1.456348477501238342e-22 1.408322764286522342e-13
3.727593720314922833e-22 3.604669605820032691e-13
9.540954763499963498e-22 9.226324601594885040e-13
2.442053094548654735e-21 2.361521996816378684e-12
6.250551925273975726e-21 6.044428721360615326e-12
1.599858719606057271e-20 1.547100497766395966e-11
4.094915062380418921e-20 3.959877865265392685e-11
1.048113134154691712e-19 1.013549716418397954e-10
2.682695795279738062e-19 2.594229071211411423e-10
6.866488450043026655e-19 6.640053630225908276e-10
1.757510624854796536e-18 1.699553547585821563e-09
4.498432668969453195e-18 4.350088752239912696e-09
1.151395399326448051e-17 1.113426062935427188e-08
2.947051702551810016e-17 2.849867366465892621e-08
7.543120063354606869e-17 7.294372097806964364e-08
1.930697728883253507e-16 1.867029495033932965e-07
4.941713361323838538e-16 4.778751465632861838e-07
1.264855216855295813e-15 1.223144338695794042e-06
3.237457542817653384e-15 3.130696551270526896e-06
8.286427728546859489e-15 8.013167854407069910e-06
2.120950887920192400e-14 2.051008713599028905e-05
5.428675439323859629e-14 5.249655092331036957e-05
1.389495494373135906e-13 1.343674378646493063e-04
3.556480306223121157e-13 3.439198964649217575e-04
9.102981779915263777e-13 8.802794565718361983e-04
2.329951810515381280e-12 2.253117454463517393e-03
5.963623316594660639e-12 5.766962100170155633e-03
1.526417967175236361e-11 1.476081586377745759e-02
3.906939937054620791e-11 3.778101558148191236e-02
1.000000000000000036e-10 9.670231994906072770e-02
