# POLARBEAR Tau T polarisation
# https://arxiv.org/pdf/2403.02096.pdf
# mass [eV] photon coupling [GeV^-1]
1.0010570762917456e-22	 1.0
1.0010570762917456e-22	 3.2643057247228234e-13
1.0493369586796428e-22	 3.3296890203599225e-13
1.099945326723946e-22	 3.399751419457162e-13
1.1529944807283e-22	 3.4816297175129313e-13
1.2086021371165495e-22	 3.5619461963838684e-13
1.266891689646262e-22	 3.601010777387635e-13
1.3279924832202938e-22	 3.6950568343989553e-13
1.3920401009039734e-22	 3.765332455666357e-13
1.4591766647848661e-22	 3.863670031609134e-13
1.5295511513425593e-22	 3.9449683120429567e-13
1.6033197220285029e-22	 4.0199969547496297e-13
1.6806460697892895e-22	 4.100516572554426e-13
1.764667834941703e-22	 4.141379173543853e-13
1.845861512619588e-22	 4.193723550853405e-13
1.9411642277437744e-22	 4.3233716450127467e-13
2.0350697097975942e-22	 4.4611124735921895e-13
2.133451487438031e-22	 4.63088541792118e-13
2.2285564148222763e-22	 4.78650791052615e-13
2.3331281549986323e-22	 5.035505354850235e-13
2.449769933082436e-22	 5.222943279097259e-13
2.5679196440707e-22	 5.412755808306574e-13
2.6929418008533214e-22	 5.616887814189476e-13
2.816056407729222e-22	 5.813326096960437e-13
2.9523984226129896e-22	 6.116526955346152e-13
3.094237240644659e-22	 6.370176180037846e-13
3.253321542874264e-22	 6.738314062375248e-13
3.406576973085339e-22	 7.088480663930999e-13
3.569315412837016e-22	 7.389926833072911e-13
3.7430916881892093e-22	 7.776338487815201e-13
3.92361688575569e-22	 8.169982875255525e-13
4.112848615160342e-22	 8.552967537143023e-13
4.298533797692264e-22	 8.875673463505294e-13
4.519131546951072e-22	 9.227924425821776e-13
4.737084293851836e-22	 9.591777181796055e-13
5.1239473897712e-22	 1.0393961728078744e-12
5.2718564184867e-22	 1.104480260426698e-12
5.499065038434226e-22	 1.163789255708757e-12
5.685630269642477e-22	 1.2421930044678169e-12
5.955944348965009e-22	 1.3039311737418528e-12
6.245527297237779e-22	 1.3833407047887382e-12
6.538589502640002e-22	 1.424706437400492e-12
7.018145760362183e-22	 1.6340941460591336e-12
7.057609700731589e-22	 1.8203528247439472e-12
7.097295551936515e-22	 2.005843307768611e-12
7.200180352070895e-22	 2.309129131092058e-12
7.209607149413391e-22	 2.152150369833519e-12
7.258283127265278e-22	 2.5617847041653535e-12
7.381415720860543e-22	 2.876308766182913e-12
7.449330558324165e-22	 3.1903448732864553e-12
7.508040404317458e-22	 3.4846952489371213e-12
7.567212955783352e-22	 3.813759116471485e-12
7.62685185940746e-22	 4.173896871729499e-12
7.686960790615931e-22	 4.5635154746637246e-12
7.73741328713264e-22	 4.979618319450643e-12
7.807144192436188e-22	 5.458348180580205e-12
7.906267806001882e-22	 6.019444423132172e-12
8.271329305777365e-22	 6.011988013776494e-12
8.670246426021682e-22	 5.783930338307504e-12
8.982010083799872e-22	 5.360079755864269e-12
9.136092203907772e-22	 4.833667636107138e-12
9.26853209083792e-22	 4.452660642078184e-12
9.402891871225567e-22	 4.120437808713221e-12
9.551688521897882e-22	 3.783625291639211e-12
9.737359153108726e-22	 3.440550785445343e-12
9.891448602207872e-22	 3.2143873506218747e-12
1.0197446669636186e-21	 3.536913500691627e-12
1.0358816802424245e-21	 3.809979302728266e-12
1.0522740546974115e-21	 4.100059428958169e-12
1.0747356389415566e-21	 4.376122870350827e-12
1.0886862395237844e-21	 4.66416235786078e-12
1.1102636492450685e-21	 4.240645729022269e-12
1.112008205583461e-21	 3.939056407895064e-12
1.1278330858219623e-21	 3.5952578056939217e-12
1.1456805510471322e-21	 3.107603555380964e-12
1.1653341571580888e-21	 2.7740677177494538e-12
1.169917274750915e-21	 2.5983321205050173e-12
1.1868767918100003e-21	 2.4168949216218087e-12
1.2199397430388629e-21	 2.4385605881746752e-12
1.3616620971149476e-21	 2.625266173512602e-12
1.4106245758260936e-21	 2.7222929184195005e-12
1.4844728285166735e-21	 3.0090522752993967e-12
1.5028990519448089e-21	 3.3039476390371295e-12
1.5198485640781326e-21	 3.622095157253254e-12
1.5318268317132617e-21	 3.943746315657914e-12
1.5499714718460897e-21	 4.253279465533247e-12
1.5773107674050854e-21	 4.748158657705187e-12
1.6183600786666273e-21	 4.66416235786078e-12
1.6292865074876569e-21	 4.222662603608831e-12
1.6818257435330462e-21	 3.948441807304993e-12
1.7251904557156755e-21	 4.447365532799025e-12
1.750526565794147e-21	 4.719993146996211e-12
1.7524908400121163e-21	 5.1256176328763205e-12
1.7782278829495674e-21	 5.586638510398174e-12
1.8267395542861773e-21	 6.1064013203330864e-12
1.8749969320351018e-21	 6.488996926377647e-12
1.90840967669136e-21	 5.761034608607428e-12
1.946233740241628e-21	 5.1836667296229796e-12
1.967079801502585e-21	 4.813169707993972e-12
1.982582798892556e-21	 4.466305604418126e-12
2.01938425319123e-21	 5.222361002442277e-12
2.0408265588585123e-21	 6.109232909464945e-12
2.058195626615657e-21	 6.744855048553466e-12
2.0805325467522977e-21	 7.278568184284974e-12
2.0846197728628924e-21	 5.71834911735881e-12
2.1217680300072145e-21	 6.508328953296882e-12
2.1217680300072145e-21	 6.059869127717932e-12
2.1325028953823276e-21	 5.3299829334162864e-12
2.161395475042082e-21	 4.945874359558327e-12
2.1723308313670038e-21	 4.301631882617817e-12
2.239868129026217e-21	 5.099545520783806e-12
2.261068273347491e-21	 5.692889783304098e-12
2.286055516808827e-21	 4.833667636107138e-12
2.344211049885898e-21	 5.675979897628532e-12
2.38023917263059e-21	 5.275897555407621e-12
2.411406273484611e-21	 4.9265752237579195e-12
2.4987691110719448e-21	 4.852877787612017e-12
2.509417155040144e-21	 5.204525892829644e-12
2.571740218702932e-21	 5.129975925977944e-12
2.6124368826849256e-21	 5.489169843257607e-12
2.713973047853742e-21	 5.792949964704855e-12
2.7546025946037325e-21	 5.625551014122797e-12
2.8536522569111054e-21	 6.019444423132172e-12
2.9032383318510442e-21	 6.669480503106892e-12
2.9557361354309866e-21	 7.466774545475371e-12
3.0326587908376328e-21	 6.8120690972480355e-12
3.0445858692399532e-21	 6.242844480337503e-12
3.1882927197573016e-21	 6.52286576017161e-12
3.2803267012890787e-21	 6.355271063423486e-12
3.291381707653722e-21	 6.913168775434497e-12
3.365096342149159e-21	 7.568935358131478e-12
3.431179231131805e-21	 8.419376177235334e-12
3.465633104502351e-21	 9.190370923690976e-12
3.542036349615475e-21	 7.467672052040158e-12
3.6090889331273645e-21	 8.191784617704994e-12
3.704777242287573e-21	 7.634892331141531e-12
3.740643401309246e-21	 9.111181675368427e-12
3.748660694673908e-21	 1.0132304874742913e-11
3.7683309375844354e-21	 8.281625568724622e-12
3.878376832268034e-21	 7.597132572946923e-12
3.921750163551809e-21	 8.711207364776547e-12
3.975999255753495e-21	 8.031723369141126e-12
4.023095359680172e-21	 7.849841779576628e-12
4.1514302586845446e-21	 8.237399373386884e-12
4.157953397558908e-21	 8.825977810250643e-12
4.3007068788477765e-21	 9.676681415669975e-12
4.341899577180326e-21	 8.785562492513663e-12
4.399739594220943e-21	 1.1012405836898146e-11
4.4205121212842135e-21	 1.0156446628083138e-11
4.4378974581404884e-21	 1.1958276439435484e-11
4.4553511694134174e-21	 1.3274410087611076e-11
4.484593362196547e-21	 1.4910304605572236e-11
4.543654790920279e-21	 1.5606160346692683e-11
4.551768660787795e-21	 1.70721718527693e-11
4.56152443292818e-21	 9.524367954901095e-12
4.620087568116758e-21	 1.8991674305184898e-11
4.633708561691412e-21	 2.0397150688725766e-11
4.6775661839226325e-21	 1.0096199798334893e-11
4.730608573720628e-21	 1.4343406744752875e-11
4.740409332992361e-21	 1.24928037375808e-11
4.7441321717423e-21	 1.1304495009876229e-11
4.7627902669207545e-21	 1.6173320395798845e-11
4.7627902669207545e-21	 1.523914663413578e-11
4.7627902669207545e-21	 1.325073821259284e-11
4.774020327992973e-21	 1.0664227349795668e-11
4.786887110497532e-21	 1.7743263058916157e-11
4.800326885933695e-21	 9.98865466983701e-12
4.92299566277323e-21	 1.9748898020477657e-11
4.959940399005027e-21	 1.102989138275119e-11
4.9651347394064875e-21	 1.7599078153087783e-11
4.9664341742559244e-21	 1.6109298191091086e-11
4.972936451447131e-21	 1.4189085229655813e-11
5.031841374932518e-21	 1.1834416340835118e-11
5.036781500174263e-21	 1.2910281497081674e-11
5.041726475496841e-21	 1.523914663413578e-11
5.172013907682993e-21	 1.387189367541275e-11
5.221877426463038e-21	 2.099914829393123e-11
5.233276923302017e-21	 1.8954047692528608e-11
5.233276923302017e-21	 1.7648009079053082e-11
5.233276923302017e-21	 1.6431963742346624e-11
5.295265605392502e-21	 1.5532057206029102e-11
5.442776374549907e-21	 1.7344407839914e-11
5.442776374549907e-21	 1.6173320395798845e-11
5.464182152457249e-21	 1.5088783399513826e-11
5.485672116687257e-21	 1.402124858226879e-11
5.485672116687257e-21	 1.3055107082857007e-11
5.502924924675347e-21	 1.1944055643011245e-11
5.7277136512244565e-21	 1.113097341581109e-11
5.747016579449337e-21	 1.1789239614984933e-11
5.980434661894249e-21	 1.3903566833220384e-11
6.003954984492928e-21	 1.224627494336666e-11
6.027567809661523e-21	 1.470474584679977e-11
6.051273501201299e-21	 1.6022816084592e-11
6.1954783981022335e-21	 1.7841558347406446e-11
6.256573353442624e-21	 1.2439033084899264e-11
6.286465061147499e-21	 1.397366092773688e-11
6.2935191336095046e-21	 1.4925096857651762e-11
6.3555808898928e-21	 1.5982013075530393e-11
6.468838355965446e-21	 1.742197425872509e-11
6.5454623852724345e-21	 1.2578572277240334e-11
6.579808207838601e-21	 1.4925096857651762e-11
6.6403476249200535e-21	 1.5982013075530393e-11
6.649041464280095e-21	 1.3270461840424837e-11
6.767528444636768e-21	 1.4337589511149668e-11
6.807491472969374e-21	 1.7198834481105487e-11
6.900427412577877e-21	 2.1812055205934188e-11
6.900427412577877e-21	 1.904310372673702e-11
6.926082922399858e-21	 1.549513769001477e-11
6.93938662494733e-21	 2.735518432610623e-11
6.942413755766538e-21	 2.5119118908879058e-11
6.95150307358127e-21	 2.4094472476195252e-11
7.17325283716326e-21	 1.499927853645817e-11
7.175934881321646e-21	 3.141112533998399e-11
7.192048218267166e-21	 2.866592533283619e-11
7.192048218267166e-21	 2.0141496417227386e-11
7.192048218267166e-21	 2.4382887267305758e-11
7.21325189484803e-21	 2.225145284277378e-11
7.220333669710475e-21	 1.876702987659373e-11
7.237358309370928e-21	 2.618733966397421e-11
7.30585923524023e-21	 1.5840019077998768e-11
7.334592291579476e-21	 1.713075277154068e-11
7.585084798119647e-21	 1.8277287734854107e-11
7.613255651194198e-21	 2.1201400826638508e-11
7.634202713954688e-21	 1.5925063367603123e-11
7.658212795265483e-21	 1.968187091295081e-11
7.718568889047827e-21	 1.6981920155517832e-11
7.718568889047827e-21	 2.270277161097158e-11
7.949171477266612e-21	 1.8489957369565027e-11
8.013567967632941e-21	 1.5950349252436196e-11
8.059131397815629e-21	 2.0600413037546224e-11
8.163742912589015e-21	 2.668161209327351e-11
8.168830852525781e-21	 2.9457390752769584e-11
8.186663626809148e-21	 3.515540980107406e-11
8.186663626809148e-21	 3.273300782036904e-11
8.201283030433253e-21	 2.3655436368809544e-11
8.218860779758032e-21	 2.1391455626561367e-11
8.218860779758032e-21	 1.9917466138935978e-11
8.316213997539009e-21	 1.8808947347404665e-11
8.414720373800982e-21	 1.677217596919148e-11
8.683146098963918e-21	 1.6661667411234383e-11
8.744712339265286e-21	 1.8162864676315542e-11
8.995373601599988e-21	 1.832568125812119e-11
9.146692620743735e-21	 2.006614311005476e-11
9.235595361495999e-21	 2.1906639168985868e-11
9.245958667149664e-21	 2.324953638030639e-11
9.256333601518085e-21	 2.8413654559429067e-11
9.304208447578848e-21	 2.526901167155782e-11
9.57842371509631e-21	 2.681802542235737e-11
9.608548502300208e-21	 1.917332441064323e-11
9.653913422093324e-21	 2.1798295873232568e-11
9.653913422093324e-21	 1.8655706094245498e-11
9.691881090141705e-21	 2.3020135379217988e-11
9.737639448773443e-21	 2.4267109363912865e-11
1.0040380561892046e-20	 1.9905619678838216e-11
1.0040380561892046e-20	 2.3809469220840205e-11
1.0159309861419033e-20	 2.226800724796224e-11
1.0469679820135076e-20	 2.1117474929506815e-11
1.0699560752997005e-20	 2.26488073917478e-11
1.0775424008196257e-20	 2.4955263630213854e-11
1.0817802441059204e-20	 3.311497488204456e-11
1.0860347543147557e-20	 2.721989425249123e-11
1.087456639466964e-20	 2.930201702898084e-11
1.098898943256234e-20	 3.5682214559706894e-11
1.1231252369187257e-20	 2.2717784477407188e-11
1.1314127642298025e-20	 2.56585702294532e-11
1.1339533161433866e-20	 2.721989425249123e-11
1.1428902567225597e-20	 2.934078346034111e-11
1.1680863815830647e-20	 3.6589915539818594e-11
1.170125907467323e-20	 2.3633056656238863e-11
1.177292332511497e-20	 3.197378459752437e-11
1.1863121165817471e-20	 2.6422089699646156e-11
1.195922468680125e-20	 2.8368074950540214e-11
1.2217547806884613e-20	 3.3821830788438e-11
1.2284870861080838e-20	 2.5029610379603553e-11
1.2340718475820874e-20	 3.888428691199823e-11
1.2410885156498887e-20	 4.622207719922931e-11
1.2410885156498887e-20	 4.303712068774833e-11
1.2459695659266617e-20	 3.1345932747638606e-11
1.2545576410809727e-20	 2.800011023717162e-11
1.2756616485536472e-20	 3.461349350093414e-11
1.2776660946292634e-20	 2.590839106297245e-11
1.2907719867883994e-20	 3.786956726389591e-11
1.2924619230594263e-20	 3.0568321390580976e-11
1.3060613084721257e-20	 3.443092378782823e-11
1.3215317336814377e-20	 2.8631835780672323e-11
1.3319470218677012e-20	 2.6109554051267687e-11
1.3891570664455063e-20	 3.090794830557771e-11
1.3895033108939777e-20	 2.7518420312491893e-11
1.406084756505029e-20	 3.3026434905826397e-11
1.4071890127937697e-20	 4.33970895139027e-11
1.4071890127937697e-20	 3.5120567301310614e-11
1.4127233161361645e-20	 3.832287220106159e-11
1.414943127094792e-20	 4.931890998098258e-11
1.4176609667013005e-20	 5.447441114610946e-11
1.4238573056500016e-20	 4.7419834257560226e-11
1.4496370463483557e-20	 2.8925352408888973e-11
1.475056192042822e-20	 4.067209965725036e-11
1.475056192042822e-20	 3.786956726389591e-11
1.475056192042822e-20	 3.1963218041433853e-11
1.4776902860795054e-20	 4.519613334747768e-11
1.4796953430368472e-20	 3.449243315520018e-11
1.4866814409411295e-20	 5.8120299789641845e-11
1.4866814409411295e-20	 5.411549000001725e-11
1.4866814409411295e-20	 5.038663373281313e-11
1.5361144177456685e-20	 3.4808534660420905e-11
1.5461965307447605e-20	 4.29092852968773e-11
1.5461965307447605e-20	 3.995259845175276e-11
1.5461965307447605e-20	 3.719964366694233e-11
1.5482208802241187e-20	 4.643339232691296e-11
1.5510594228916884e-20	 3.089744219419048e-11
1.560422756450431e-20	 4.9790631697307814e-11
1.5645113813820304e-20	 5.300027285913332e-11
1.5706644144774262e-20	 5.7775537104958016e-11
1.5955194917669463e-20	 3.621691350177533e-11
1.6017944759914258e-20	 4.8044592144056435e-11
1.6080941389661175e-20	 5.916698079120472e-11
1.6080941389661175e-20	 5.509004889730965e-11
1.6080941389661175e-20	 5.129404013731784e-11
1.6190337868804717e-20	 3.211050324606544e-11
1.619859318650535e-20	 4.3312337568955403e-11
1.6207678897820105e-20	 4.0031910320697194e-11
1.6207678897820105e-20	 3.7533110822821924e-11
1.665917790818872e-20	 4.0191006708820074e-11
1.692280211121471e-20	 3.681434135721372e-11
1.7042790107440763e-20	 3.366123370185568e-11
1.7719087582041432e-20	 3.559134777846623e-11
1.7816504076294962e-20	 4.008487235065378e-11
1.7949090109716218e-20	 5.038663373281313e-11
1.7949090109716218e-20	 4.6914716265598665e-11
1.7949090109716218e-20	 4.3682033095382056e-11
1.7988273449204686e-20	 5.4980903600387966e-11
1.814134236815225e-20	 6.013021088447878e-11
1.8497440187854796e-20	 3.7570346764763055e-11
1.8521657861785098e-20	 6.637949180582969e-11
1.855473306853734e-20	 7.341805037195413e-11
1.8594501290833376e-20	 6.205120820391078e-11
1.8660971162495954e-20	 4.089267786880323e-11
1.8720042879194988e-20	 8.09627847690577e-11
1.8814754995355722e-20	 4.9593535124863617e-11
1.8814754995355722e-20	 4.617626653387226e-11
1.8870224865379337e-20	 5.411549000001725e-11
1.903761762676457e-20	 5.823567725640396e-11
1.9399701675741064e-20	 6.422980396797964e-11
1.9414937060717852e-20	 4.3844765581853084e-11
1.9440355962486896e-20	 7.09627617796564e-11
1.949129364827674e-20	 5.975659351073433e-11
1.956795053701329e-20	 7.919326796763156e-11
1.96028941697357e-20	 3.873967452518734e-11
1.9768672345779786e-20	 4.702649769362636e-11
1.9817012872651097e-20	 5.1942363915017394e-11
2.0192159195117402e-20	 7.825652452179407e-11
2.027157250285892e-20	 7.373641423533788e-11
2.027157250285892e-20	 6.688162326174323e-11
2.027157250285892e-20	 6.227310987564515e-11
2.027157250285892e-20	 5.7913196086120714e-11
2.0451396247572218e-20	 4.067209965725036e-11
2.0471474873129634e-20	 4.530320741088072e-11
2.0705832539152526e-20	 5.259192834095919e-11
2.0754654290885075e-20	 4.8619693799463406e-11
2.150094760479001e-20	 4.235970531031699e-11
2.1609729420101836e-20	 4.953736525729036e-11
2.164206663917625e-20	 5.436648556066917e-11
2.1828946946217136e-20	 6.23154667450103e-11
2.216940743483646e-20	 4.516192312410583e-11
2.2186817983855333e-20	 4.3165336925959174e-11
2.2369658087878244e-20	 8.968386317634744e-11
2.2379238822249244e-20	 6.49986452660321e-11
2.241049341004017e-20	 9.980940903981986e-11
2.243200625575752e-20	 7.098152853128115e-11
2.243200625575752e-20	 5.729630237965582e-11
2.2567422316460646e-20	 1.0620828740745159e-10
2.2573328479447152e-20	 1.1561691920387767e-10
2.269771558565145e-20	 1.388686144777021e-10
2.2753785586002426e-20	 5.1163416957629375e-11
2.2894567313817238e-20	 1.2848183799243977e-10
2.319175013024691e-20	 4.67157670299751e-11
2.3202156057624726e-20	 9.02678414640778e-11
2.329601976264065e-20	 9.911433714010237e-11
2.3348330245125935e-20	 1.1050555261037926e-10
2.3394198263468463e-20	 1.2046197709423e-10
2.3440156389972052e-20	 7.373641423533788e-11
2.3440156389972052e-20	 6.811309657867692e-11
2.3440156389972052e-20	 6.341972787673941e-11
2.3440156389972052e-20	 5.904975821079931e-11
2.3532343675884312e-20	 5.464121632982478e-11
2.4144769914408288e-20	 4.775959735510877e-11
2.4529351033582117e-20	 5.6320996547494025e-11
2.4570649366310546e-20	 6.947738629475126e-11
2.4570649366310546e-20	 6.46900104932187e-11
2.4570649366310546e-20	 6.023251133626637e-11
2.4647925712151785e-20	 7.623450730583353e-11
2.4667282743686633e-20	 5.2529385957842126e-11
2.4750413782927964e-20	 1.3620345372980597e-10
2.4764296168389874e-20	 1.2570935805945203e-10
2.4764296168389874e-20	 1.17047288702858e-10
2.4764296168389874e-20	 1.0898208378576747e-10
2.4764296168389874e-20	 1.0147261605042229e-10
2.477313446756843e-20	 9.279247214488365e-11
2.5057631702678464e-20	 1.5147060985148292e-10
2.545415776319276e-20	 1.435733011258606e-10
2.5554265871702438e-20	 1.3131546408906673e-10
2.5554265871702438e-20	 1.222671030514197e-10
2.5568599133850428e-20	 5.85665907783848e-11
2.5621223244709118e-20	 7.887978084877021e-11
2.5654767693234876e-20	 6.357083499858697e-11
2.5654767693234876e-20	 1.1406821788481514e-10
2.5654767693234876e-20	 1.0620828740745159e-10
2.5654767693234876e-20	 9.888994956872578e-11
2.5654767693234876e-20	 9.280920313528151e-11
2.5755664776215116e-20	 7.267660568802225e-11
2.5755664776215116e-20	 6.968437340190621e-11
2.5755664776215116e-20	 5.1090992311788095e-11
2.689206893834091e-20	 7.286421758874012e-11
2.6955477058289708e-20	 5.357091238402054e-11
2.7587009178589494e-20	 7.69865676002381e-11
2.7677393219894216e-20	 9.069850756739434e-11
2.768463672307774e-20	 8.251195151733515e-11
2.769056463569304e-20	 9.821477094718642e-11
2.789552496753405e-20	 1.0898208378576747e-10
2.821118187991724e-20	 5.5882317433359275e-11
2.841120804359216e-20	 8.061944934201238e-11
2.892560901157149e-20	 8.419088039128149e-11
2.8974309012794625e-20	 9.062658746009747e-11
2.9065435164586673e-20	 1.2358351970044408e-10
2.9065435164586673e-20	 9.975663895119268e-11
2.920266204486707e-20	 1.0350508929704444e-10
2.928465211711265e-20	 1.1182832221673448e-10
2.9781449376807556e-20	 5.987521926467178e-11
3.001616366323637e-20	 8.727527319567557e-11
3.001616366323637e-20	 1.0047139523791852e-10
3.007513070417777e-20	 9.413458876331432e-11
3.097366553376782e-20	 6.083274231540658e-11
3.183650218201025e-20	 9.565895584328281e-11
3.2024500363195445e-20	 1.0879313293878364e-10
3.210541047297026e-20	 1.194932373965522e-10
3.2264225911363235e-20	 1.0083069155478458e-10
3.2467491374979455e-20	 6.321567600933221e-11
3.280911685787698e-20	 1.411267103663094e-10
3.285207201739829e-20	 1.2873689361063499e-10
3.2981275223447717e-20	 1.1116496995030312e-10
3.337194168630234e-20	 1.0107093597248935e-10
3.369501735026422e-20	 1.179794852664703e-10
3.4167211873528527e-20	 6.657724966224982e-11
3.440946816550597e-20	 1.3431809351553027e-10
3.457192587314811e-20	 1.2546030064371422e-10
3.581505894423398e-20	 7.100968796482718e-11
3.599626152186297e-20	 1.317626622121707e-10
3.6957542917770556e-20	 1.4659433097629896e-10
3.7248813607935887e-20	 1.3771673142049424e-10
3.7542379867780686e-20	 7.421320535139266e-11
3.935300758073036e-20	 7.783089478554927e-11
3.9685404335630467e-20	 1.57912079785888e-10
4.0087988560181173e-20	 1.7017591411566232e-10
4.083211701713474e-20	 1.8214944594690637e-10
4.125095987796178e-20	 8.174643474606616e-11
4.1969581581969586e-20	 1.7010361025718032e-10
4.320651647072885e-20	 1.887691324305079e-10
4.3286761992245315e-20	 8.454942553278743e-11
4.3478718649878956e-20	 1.7224222419188192e-10
4.5402199609327684e-20	 8.882183453887115e-11
4.6224232075937157e-20	 1.9102872993577916e-10
4.714038142948362e-20	 3.250296632656689e-10
4.714038142948362e-20	 3.026333235689379e-10
4.714038142948362e-20	 2.817802154245868e-10
4.714038142948362e-20	 2.623640016517878e-10
4.714038142948362e-20	 2.4428567228901636e-10
4.714038142948362e-20	 2.274530397081642e-10
4.714038142948362e-20	 2.1178026851806417e-10
4.714038142948362e-20	 1.9816751157902187e-10
4.714038142948362e-20	 9.327048942125496e-11
4.722456276323866e-20	 3.59299842199022e-10
4.8758834768160543e-20	 2.0960749798691595e-10
4.8835449484228445e-20	 3.7790325962782947e-10
4.8835449484228445e-20	 3.5186363699742086e-10
4.8835449484228445e-20	 3.2761828824388055e-10
4.8835449484228445e-20	 3.0504357798313094e-10
4.8835449484228445e-20	 2.840243899921804e-10
4.8835449484228445e-20	 2.644535401918572e-10
4.8835449484228445e-20	 2.4623123007827583e-10
4.8835449484228445e-20	 2.2926453781588447e-10
4.918170820012522e-20	 9.775898953636364e-11
5.1392056447961055e-20	 1.0077071973127082e-10
5.2205313260370034e-20	 2.3109046318911284e-10
5.2205313260370034e-20	 2.1516705342319182e-10
5.396683878595011e-20	 1.0639994221277365e-10
5.50560864376122e-20	 2.4209346428005955e-10
5.646876053268464e-20	 1.119392651367896e-10
5.740740298633593e-20	 2.3497237948636915e-10
5.919218678047413e-20	 1.177457423998765e-10
6.023011197943188e-20	 2.366559565115232e-10
6.204696088249632e-20	 1.2305770114498323e-10
6.229098403779064e-20	 2.6340669895755794e-10
6.253596690649302e-20	 2.8122194789905894e-10
6.503941760137809e-20	 1.2860930257384841e-10
6.580981592734672e-20	 2.9846111300707005e-10
6.711414522847557e-20	 1.414536149130223e-10
6.817619721838438e-20	 1.3105529976528663e-10
6.947286752748585e-20	 1.5410671082847264e-10
6.989225676708722e-20	 3.3186884790030315e-10
7.051686546629506e-20	 3.6277568629494864e-10
7.062766855770173e-20	 1.3988441272189588e-10
7.090543859329091e-20	 3.9948144360612723e-10
7.106022704524012e-20	 4.359062932745367e-10
7.259515092574973e-20	 1.644643188091969e-10
7.288065883034343e-20	 3.947561477112201e-10
7.316728960282159e-20	 4.526448141076587e-10
7.316728960282159e-20	 4.2145508540147225e-10
7.335900278004297e-20	 3.675552679740145e-10
7.345504765928771e-20	 3.417200313536573e-10
7.37439374332133e-20	 1.4623137710158324e-10
7.624582723471157e-20	 1.7073731206758838e-10
7.711869029052225e-20	 3.4797752342247983e-10
7.727294800198658e-20	 1.529524715271804e-10
7.976637785668723e-20	 1.8017344747706945e-10
8.025990665670753e-20	 3.5617639711946294e-10
8.102864589335991e-20	 1.607558981148951e-10
8.36134225783481e-20	 1.9083940150765702e-10
8.493656841489371e-20	 1.6976659823013456e-10
8.737121767850158e-20	 3.717337344403562e-10
8.79907071264172e-20	 1.9432437032645232e-10
8.903296574389902e-20	 1.7670555323871922e-10
8.938312157614254e-20	 4.0007606884081705e-10
9.182157429557037e-20	 3.7037763132306113e-10
9.213102154905664e-20	 2.0691699332197774e-10
9.329363161035082e-20	 1.8593189533600993e-10
9.33269278131583e-20	 4.112376795207268e-10
9.480378562098131e-20	 4.67237944704097e-10
9.480378562098131e-20	 4.446373964391036e-10
9.510194990697492e-20	 5.128221917280147e-10
9.555095553239963e-20	 6.610935712852389e-10
9.555095553239963e-20	 6.155405714603335e-10
9.555095553239963e-20	 5.731264250189442e-10
9.555095553239963e-20	 5.410945696752655e-10
9.572158645719006e-20	 7.305338854475097e-10
9.65743994442928e-20	 2.1645101502200787e-10
9.779308091085608e-20	 1.9520661103259669e-10
9.821272851881062e-20	 4.562498009888097e-10
9.859898724224127e-20	 4.761242591277627e-10
1.010279299288468e-19	 2.2862887823093805e-10
1.0250953370515234e-19	 2.0372826794781523e-10
1.0581729325543246e-19	 2.416356059539978e-10
1.0749180563260886e-19	 2.1580807935001986e-10
1.1092074499057506e-19	 5.073193431578186e-10
1.1123216865055984e-19	 2.505235839090714e-10
1.1263581789093924e-19	 2.2565585487115526e-10
1.1581484488543832e-19	 2.2431729126047822e-10
1.16270330592987e-19	 5.155601720868457e-10
1.16270330592987e-19	 2.657679442298901e-10
1.1801757365065676e-19	 5.528089308452829e-10
1.1811025771346597e-19	 6.729991203588707e-10
1.1811025771346597e-19	 6.266257624206467e-10
1.1811025771346597e-19	 5.834477850726974e-10
1.1832117410240832e-19	 2.380681483664446e-10
1.1857477100065803e-19	 7.338781037362347e-10
1.218779208285265e-19	 7.505595533240431e-10
1.218779208285265e-19	 6.98841853007155e-10
1.218779208285265e-19	 6.506877879997156e-10
1.2235725187678767e-19	 2.735891602110391e-10
1.2235725187678767e-19	 5.697267074388915e-10
1.238065856115053e-19	 2.4745506441556586e-10
1.2390381602390863e-19	 5.923082195956186e-10
1.2775595897704044e-19	 2.9405469550919073e-10
1.2926924093063442e-19	 5.960199633201749e-10
1.297776411424364e-19	 2.6145502792847105e-10
1.3391748844408445e-19	 3.0900125059346063e-10
1.3603667411800421e-19	 6.372783524658064e-10
1.3603667411800421e-19	 2.750171383562207e-10
1.3982626201182516e-19	 6.824070261654193e-10
1.3982626201182516e-19	 6.391769328480586e-10
1.4077030513258828e-19	 3.230101005967193e-10
1.4185323086430572e-19	 7.178046221453278e-10
1.4254669890665867e-19	 2.88774677901741e-10
1.425975733738063e-19	 1.0918625556195609e-9
1.425975733738063e-19	 1.0166271926311409e-9
1.425975733738063e-19	 9.465759618531923e-10
1.425975733738063e-19	 8.813516479323551e-10
1.425975733738063e-19	 8.206216496268386e-10
1.425975733738063e-19	 7.640762837581452e-10
1.4714637064085788e-19	 3.429080541340662e-10
1.4947489758871498e-19	 3.0398673864881857e-10
1.5124544251552316e-19	 3.665846467915274e-10
1.5668390759068106e-19	 3.1864723222355645e-10
1.5797512934151848e-19	 3.723575393915682e-10
1.6104866763213245e-19	 3.4324824720932463e-10
1.6168205246633702e-19	 7.610516823124324e-10
1.642406002206122e-19	 3.250296632656689e-10
1.6553501725168663e-19	 3.96718190171357e-10
1.668396358738893e-19	 1.0704222433763965e-9
1.668396358738893e-19	 9.96664236366435e-10
1.668396358738893e-19	 9.279885635771428e-10
1.668396358738893e-19	 8.640450240991249e-10
1.668396358738893e-19	 8.053056856496783e-10
1.6881586784094536e-19	 3.4724219206636104e-10
1.7382845145527535e-19	 4.119890500098344e-10
1.739277242041865e-19	 3.7195496487292043e-10
1.7420101669096557e-19	 8.055053438029285e-10
1.7626444494094287e-19	 3.51514905215932e-10
1.797579493223789e-19	 8.255185270460974e-10
1.8188719998827939e-19	 4.2925778707766856e-10
1.8245924747309927e-19	 3.759597028296223e-10
1.8476548536357362e-19	 8.874905092921975e-10
1.8695405078851776e-19	 9.409609861726364e-10
1.8991251686128857e-19	 1.5235748969550893e-9
1.8991251686128857e-19	 1.3934968625728265e-9
1.8991251686128857e-19	 1.2974772292047724e-9
1.8991251686128857e-19	 1.208073879116409e-9
1.8991251686128857e-19	 1.1248309138325803e-9
1.8991251686128857e-19	 1.0473238488020603e-9
1.9012561860326134e-19	 3.8416429413255725e-10
1.904101262738994e-19	 9.81949693870801e-10
1.9065941970608777e-19	 4.0829187986239353e-10
1.9099989137299252e-19	 4.53625157952339e-10
1.959706391507382e-19	 9.693729311532099e-10
1.9929516819487371e-19	 4.032338226631191e-10
1.998547139381141e-19	 4.281949848803795e-10
2.0021160617925532e-19	 4.747100025558517e-10
2.093290923427256e-19	 5.050105682352152e-10
2.0949348710311884e-19	 4.3525841427819447e-10
2.1114455229187975e-19	 4.690948600698839e-10
2.1410348536417682e-19	 1.038861269840529e-9
2.1448582246907534e-19	 1.407383382787488e-9
2.1448582246907534e-19	 1.3104068914489696e-9
2.1448582246907534e-19	 1.2201126161912679e-9
2.1448582246907534e-19	 1.1360401154049276e-9
2.1826904777367535e-19	 5.42853385293565e-10
2.195971277025499e-19	 4.4684736189812524e-10
2.21949227084124e-19	 4.759219648064402e-10
2.2483023791543335e-19	 1.0719092643351925e-9
2.283880780809734e-19	 5.759750149330808e-10
2.3200221951079387e-19	 4.914743598624445e-10
2.34750308717676e-19	 5.776909603434155e-10
2.3527743318089795e-19	 1.1509422646285949e-9
2.375309493126632e-19	 1.944472615050816e-9
2.375309493126632e-19	 1.7714196115566584e-9
2.375309493126632e-19	 1.6493590126338871e-9
2.375309493126632e-19	 1.53570906340257e-9
2.375309493126632e-19	 1.4298902236273223e-9
2.375309493126632e-19	 1.3313628865971122e-9
2.3819784672307e-19	 1.2350674239128466e-9
2.3983049993162472e-19	 6.134356474854182e-10
2.431914315317574e-19	 6.824070261654193e-10
2.431914315317574e-19	 5.185081100104552e-10
2.4671681689079e-19	 1.239624627484808e-9
2.508595957939121e-19	 6.241452598488142e-10
2.5492028694886215e-19	 5.445933712706787e-10
2.5592285745167214e-19	 6.854588380047037e-10
2.5793984292835307e-19	 6.040522111139399e-10
2.5997272472025253e-19	 1.3052196363769314e-9
2.606539061240974e-19	 1.7377836067486226e-9
2.6099516584668965e-19	 1.594679302070789e-9
2.6099516584668965e-19	 1.484797087020986e-9
2.6099516584668965e-19	 1.3824863637241414e-9
2.6202162810979636e-19	 6.584766276449705e-10
2.6721481216991275e-19	 5.602032942731363e-10
2.676919932746376e-19	 6.954482907335195e-10
2.700769433873285e-19	 5.976686183180619e-10
2.743507928742963e-19	 1.3923129841587911e-9
2.8010228882774475e-19	 7.213723009640044e-10
2.8230983782972447e-19	 6.179868769420832e-10
2.8453478502083195e-19	 1.5883667526238047e-9
2.8453478502083195e-19	 1.4789195071098483e-9
2.849818742892582e-19	 1.7444016619505314e-9
2.8565382574489127e-19	 1.898743999070892e-9
2.8677726752009806e-19	 1.3948793264062894e-9
2.8677726752009806e-19	 2.481646132552416e-9
2.883575127402273e-19	 2.011066566340204e-9
2.9361131431835837e-19	 7.494440113426435e-10
2.959253309820781e-19	 2.1901754944569194e-9
2.959253309820781e-19	 6.535977473332996e-10
2.9849181889985894e-19	 1.47102166356845e-9
3.068671560947075e-19	 7.94203455242347e-10
3.077718652587275e-19	 1.967748271475494e-9
3.077718652587275e-19	 1.7926237951195452e-9
3.077718652587275e-19	 1.6691021107890766e-9
3.08982294594877e-19	 2.174594525366274e-9
3.093290051029868e-19	 6.726178914225278e-10
3.093868279997559e-19	 1.557176857011356e-9
3.101974844024795e-19	 7.19943106480504e-10
3.114174534038855e-19	 1.5100385239628398e-9
3.188386882484755e-19	 6.946964065059493e-10
3.2135152750795153e-19	 1.609293537183198e-9
3.226153640051112e-19	 1.70253384358656e-9
3.2279631737737675e-19	 8.446817662345273e-10
3.254133280423964e-19	 1.885236281705117e-9
3.257386216779794e-19	 7.396784559661018e-10
3.316024940251639e-19	 2.9314856446832466e-9
3.316024940251639e-19	 2.6812046173164256e-9
3.316024940251639e-19	 2.4964548046300065e-9
3.316024940251639e-19	 2.32443527484226e-9
3.316024940251639e-19	 2.1642688411223842e-9
3.316024940251639e-19	 1.7160932879445864e-9
3.321235407451675e-19	 9.210214442732869e-10
3.3225393029999344e-19	 2.0271636526085548e-9
3.37511703406227e-19	 1.8403531958212791e-9
3.4083997946845355e-19	 7.83642714243805e-10
3.4218046167833735e-19	 9.079637125105539e-10
3.4352621584181314e-19	 1.1049323296605373e-9
3.4352621584181314e-19	 1.0287963870258161e-9
3.4720571660892016e-19	 9.56279698169731e-10
3.514366210182315e-19	 1.901004676070361e-9
3.554798038001672e-19	 2.5784003130114946e-9
3.5587868938537205e-19	 2.3747578540212983e-9
3.5587868938537205e-19	 2.2111239165468946e-9
3.572783170133893e-19	 2.051429134328121e-9
3.572783170133893e-19	 8.308564581608142e-10
3.6009410761421843e-19	 1.0298170379043796e-9
3.620783548220741e-19	 9.716826092065152e-10
3.643594578883772e-19	 8.972237963714715e-10
3.6607971122102587e-19	 2.0247529472056095e-9
3.7450945750844447e-19	 8.597717312006565e-10
3.7450945750844447e-19	 2.1070937699108263e-9
3.7894555902602347e-19	 3.14468574153594e-9
3.7894555902602347e-19	 2.9279995185023748e-9
3.7894555902602347e-19	 2.7262441734997743e-9
3.7894555902602347e-19	 2.538390886533693e-9
3.7894555902602347e-19	 2.363481728991878e-9
3.7960721323973905e-19	 3.469740333349681e-9
3.8043590584854425e-19	 2.2010612459270125e-9
3.8043590584854425e-19	 9.170117820014876e-10
3.8193211402396205e-19	 9.732254510768135e-10
3.97221686785856e-19	 2.352259146682809e-9
3.9878391139737856e-19	 9.722608880766681e-10
4.030552759693655e-19	 3.082236588902342e-9
4.0350754621906024e-19	 2.838801062236382e-9
4.0350754621906024e-19	 2.6431919837218483e-9
4.058903043609565e-19	 2.445007627683728e-9
4.1801682108497754e-19	 1.0344225119221817e-9
4.2463175442186316e-19	 2.551513321802415e-9
4.279783725791298e-19	 4.076476774221025e-9
4.279783725791298e-19	 3.709558891436469e-9
4.279783725791298e-19	 3.456005341371028e-9
4.279783725791298e-19	 3.2178674777638025e-9
4.279783725791298e-19	 2.99613862875054e-9
4.279783725791298e-19	 2.7880288789197794e-9
4.279783725791298e-19	 2.6931953086207774e-9
4.3817731286522845e-19	 1.112628493160891e-9
4.41630686608635e-19	 2.7132990767569406e-9
4.498788530018458e-19	 3.640943080225331e-9
4.503836642109006e-19	 3.3533808277082134e-9
4.503836642109006e-19	 3.1223143601271576e-9
4.524085799175497e-19	 2.9190542185833973e-9
4.584913681748537e-19	 1.1905600530168883e-9
4.647506967796578e-19	 1.3104068914489696e-9
4.647506967796578e-19	 2.984278392514045e-9
4.7529261197248025e-19	 4.96105804771788e-9
4.758259400818229e-19	 4.569232909110759e-9
4.758259400818229e-19	 4.254387515131188e-9
4.758259400818229e-19	 3.961236708423037e-9
4.758259400818229e-19	 3.2396382842902686e-9
4.776973056671462e-19	 3.7044127545357163e-9
4.790384997179829e-19	 3.430641583067165e-9
4.814621453433491e-19	 1.2582004357707208e-9
4.866190744259888e-19	 1.346917867363805e-9
4.982154521874133e-19	 4.286327192259016e-9
4.987745021252182e-19	 3.94242746422171e-9
4.987745021252182e-19	 3.670772428704949e-9
4.997543494107406e-19	 3.4066701933778355e-9
5.086600516987968e-19	 1.4115762609396003e-9
5.146851802557224e-19	 3.361370766206824e-9
5.167093745092826e-19	 1.586005994191567e-9
5.222438357882212e-19	 5.8503787437719655e-9
5.228298480899965e-19	 5.384652389694296e-9
5.228298480899965e-19	 3.6208838710756153e-9
5.24886074332154e-19	 5.0292215505795536e-9
5.24886074332154e-19	 4.6734029953833984e-9
5.24886074332154e-19	 4.3490790951992854e-9
5.24886074332154e-19	 4.048868170697219e-9
5.251804803518421e-19	 3.752474257724576e-9
5.311034017299498e-19	 1.4895159649133778e-9
5.419334970912664e-19	 1.599203619899101e-9
5.429067944380967e-19	 1.7637077450978032e-9
5.437598634276447e-19	 3.81437441518197e-9
5.502007527215967e-19	 4.6257617582786234e-9
5.502007527215967e-19	 4.307021214250565e-9
5.502007527215967e-19	 4.022190977247542e-9
5.504407637982713e-19	 5.05756036019769e-9
5.505093576199871e-19	 1.951094565556866e-9
5.667398442307509e-19	 1.7422800996552743e-9
5.699848039183406e-19	 6.884475382257616e-9
5.699848039183406e-19	 6.285471794264546e-9
5.722264848700535e-19	 5.8802895916641205e-9
5.722264848700535e-19	 5.475105148229419e-9
5.744769820804714e-19	 4.228032853961235e-9
5.762837508509311e-19	 1.984206808295128e-9
5.767363302228635e-19	 4.580119799626733e-9
5.790045641068741e-19	 5.0175988331797556e-9
5.908114450710887e-19	 1.8715064998417206e-9
5.998243392212817e-19	 5.573705612455404e-9
5.998243392212817e-19	 2.24069987473187e-9
6.001607777454783e-19	 4.5297919052455325e-9
6.004132304716225e-19	 6.048838958219656e-9
6.0563127273674905e-19	 5.013077776382387e-9
6.09914507199787e-19	 2.028671800805696e-9
6.176102014237003e-19	 8.086832773757675e-9
6.189584608644853e-19	 7.299258614198363e-9
6.189584608644853e-19	 6.796299364832052e-9
6.204178871518343e-19	 6.330507197694554e-9
6.287532077512134e-19	 5.857012423169009e-9
6.287532077512134e-19	 5.4534319052577705e-9
6.312260176918503e-19	 5.022576705110438e-9
6.328799582171013e-19	 2.1974266636713356e-9
6.437367135342351e-19	 2.564195017841874e-9
6.488101470482829e-19	 6.742599461845831e-9
6.488101470482829e-19	 6.277997103804827e-9
6.513618384932386e-19	 7.36104056776319e-9
6.513618384932386e-19	 5.431844455973767e-9
6.539235654304925e-19	 2.347598812772424e-9
6.539235654304925e-19	 5.097840151727117e-9
6.603720474457327e-19	 5.893423628799418e-9
6.642716198018839e-19	 9.577998398769654e-9
6.695068935208979e-19	 8.830028104459922e-9
6.695068935208979e-19	 8.221590379200604e-9
6.747834276070564e-19	 2.56228875282072e-9
6.77437268807377e-19	 6.607577371977978e-9
6.801015472425674e-19	 7.07829791727165e-9
6.801015472425674e-19	 6.20373734927143e-9
6.827763039609928e-19	 7.71987102873439e-9
6.959183726358935e-19	 2.7598158698602144e-9
6.990472073501034e-19	 7.198628440611329e-9
7.040036721912111e-19	 8.791586621072655e-9
7.101093236160402e-19	 1.1314169430721333e-8
7.129020972714737e-19	 1.0534560642369955e-8
7.129020972714737e-19	 9.808671207135556e-9
7.133019605544709e-19	 2.984278392514045e-9
7.141751682048273e-19	 7.714653507012053e-9
7.224799441707735e-19	 3.5716733364593327e-9
7.298909134962046e-19	 3.896566851724172e-9
7.34681469838797e-19	 9.205535673952115e-9
7.3523096016339e-19	 3.226996996896499e-9
7.356433475958542e-19	 8.486651942648802e-9
7.356433475958542e-19	 9.808671207135556e-9
7.385365434639254e-19	 1.0492859508561485e-8
7.443571157136948e-19	 4.176640519514305e-9
7.463074827208021e-19	 7.907100076141562e-9
7.569847055461474e-19	 3.5492797285201824e-9
7.620955208787727e-19	 8.402914941631372e-9
7.650927499290771e-19	 4.189083571633347e-9
7.650927499290771e-19	 3.888846910382326e-9
7.681017667169271e-19	 7.87059510444301e-9
7.681017667169271e-19	 1.0
