# QUAX-LNF 
# https://arxiv.org/abs/2402.19063
# Original data sent by author
# m_a [eV]  g_ap [GeV^-1]
3.652413272271227398e-05 1.0
3.652413272271227398e-05 7.655025580400000452e-13
3.652431408125282494e-05 1.609428762899999919e-13
3.652449544020693127e-05 5.663651706000000190e-13
3.652467679874747545e-05 2.442347918700000202e-13
3.652485815770158855e-05 1.039790962099999993e-13
3.652503951624212595e-05 9.270529428199999445e-14
3.652522087519625261e-05 2.842487082500000232e-13
3.652540223373679001e-05 2.422477530699999797e-13
3.652558359269090989e-05 3.140530446300000123e-13
3.652576495123145407e-05 1.011519849400000024e-13
3.652594631018556717e-05 9.762735888200000088e-14
3.652612766872611135e-05 1.631206664700000047e-13
3.652630902768021768e-05 3.031353174500000236e-13
3.652649038622076864e-05 2.266952819400000091e-13
3.652667174517487496e-05 3.718940694799999867e-13
3.652685310371542592e-05 1.019112792600000045e-13
3.652703446266953902e-05 9.838152533499999712e-14
3.652721582121008320e-05 9.153514538700000501e-14
3.652739718016420308e-05 3.241797227299999920e-13
3.652757853870474048e-05 1.552044570199999934e-13
3.652775989765885358e-05 2.469678935700000185e-13
3.652794125619939777e-05 1.694559377699999959e-13
3.652812261515351087e-05 1.602345131100000055e-13
3.652830397369406183e-05 1.549720838199999890e-13
3.652848533264816815e-05 2.300297146999999968e-13
3.652866669118871911e-05 1.829295651500000007e-13
3.652884805014283221e-05 3.055966126600000189e-13
3.652902940868337639e-05 1.013466486799999961e-13
3.652921076763749627e-05 9.777000095800000031e-14
3.652939212617803367e-05 2.024595956900000045e-13
3.652957348513214677e-05 2.564064892400000224e-13
3.652975484367269095e-05 1.652910528299999968e-13
3.652993620262681083e-05 1.872181666700000125e-13
3.653011756116735501e-05 1.189339219499999938e-13
3.653029892012146134e-05 9.486685424000000208e-14
3.653048027866201230e-05 2.151118117200000000e-13
3.653066163761612540e-05 3.217815940599999995e-13
3.653084299615666958e-05 1.427905425400000094e-13
3.653102435511078268e-05 2.661609113500000067e-13
3.653120571365132008e-05 2.759317611199999774e-13
3.653138707260543996e-05 1.978598073900000005e-13
3.653156843114598414e-05 2.636345533900000234e-13
3.653174979010009724e-05 2.861590442000000036e-13
3.653193114864064143e-05 2.749076607599999851e-13
3.653211250759476130e-05 2.257680926399999963e-13
3.653229386613530548e-05 2.660812441099999928e-13
3.653247522508940503e-05 9.496582139300000128e-14
3.653265658362995599e-05 3.240981412599999994e-13
3.653283794258406909e-05 3.016834817200000186e-13
3.653301930112462005e-05 2.653791829299999952e-13
3.653320065966516423e-05 3.322044743199999776e-13
3.653338201861927055e-05 9.987828271199999693e-14
3.653356337715982151e-05 1.029731213599999954e-13
3.653374473611393461e-05 1.737176570899999946e-13
3.653392609465448557e-05 3.026154080799999831e-13
3.653410745360859867e-05 9.002736232000000393e-14
3.653428881214914285e-05 2.684471199400000177e-13
3.653447017110324918e-05 1.494357838399999941e-13
3.653465152964379336e-05 1.322607298800000101e-13
3.653483288859791324e-05 1.968659225399999908e-13
3.653501424713845742e-05 2.619918144000000039e-13
3.653519560609257730e-05 2.193728603000000090e-13
3.653537696463311470e-05 9.587920488100000620e-14
3.653555832358722780e-05 2.212057386200000116e-13
3.653573968212777876e-05 1.958800531799999879e-13
3.653592104108188508e-05 3.249049032299999987e-13
3.653610239962243604e-05 2.620897678600000230e-13
3.653628375857654237e-05 1.103995568700000010e-13
3.653646511711708655e-05 3.173998899200000103e-13
3.653664647607119965e-05 1.046340432599999992e-13
3.653682783461175061e-05 2.147388221800000088e-13
3.653700919356586371e-05 2.536075946399999830e-13
3.653719055210640789e-05 2.096968840299999997e-13
3.653737191106052099e-05 1.808692432000000007e-13
3.653755326960106517e-05 2.436280443700000152e-13
3.653773462855517150e-05 2.838912565800000130e-13
3.653791598709572245e-05 1.714630788399999906e-13
3.653809734604983555e-05 2.817428202600000132e-13
3.653827870459038651e-05 8.610934949699999882e-14
3.653846006354449284e-05 2.818545135700000119e-13
3.653864142208503702e-05 9.725424245700000493e-14
3.653882278103915690e-05 2.277981207599999899e-13
3.653900413957970108e-05 2.835682214300000099e-13
3.653918549853381418e-05 2.411392168699999928e-13
3.653936685707435158e-05 8.675900657900000194e-14
3.653954821602847146e-05 2.461374286800000016e-13
3.653972957456901564e-05 3.295694696299999867e-13
3.653991093352312874e-05 2.230836739699999879e-13
3.654009229206367970e-05 3.123052950600000074e-13
3.654027365101779280e-05 3.057410854000000056e-13
3.654045500955834376e-05 1.674073341200000097e-13
3.654063636851244331e-05 1.869452631200000083e-13
3.654081772705298749e-05 2.754236009600000098e-13
3.654099908600710737e-05 1.007677266299999969e-13
3.654118044454764477e-05 3.215558795400000143e-13
3.654136180350176465e-05 2.834650418499999788e-13
3.654154316204230883e-05 8.669316486599999627e-14
3.654172452099642871e-05 1.578263650099999915e-13
3.654190587953696611e-05 2.043175945199999919e-13
3.654208723849107244e-05 2.059186302200000049e-13
3.654226859703162340e-05 2.888752666199999990e-13
3.654244995557216758e-05 2.924541547400000247e-13
3.654263131452628068e-05 8.720307985399999438e-14
3.654281267306682486e-05 1.617400603199999896e-13
3.654299403202093796e-05 2.136349147099999884e-13
3.654317539056148892e-05 1.816918757000000063e-13
3.654335674951560202e-05 3.925183165800000249e-13
3.654353810805615298e-05 2.591942960800000007e-13
3.654371946701025930e-05 8.807849333999999856e-14
3.654390082555080348e-05 3.174782620599999765e-13
3.654408218450491658e-05 2.106116173099999989e-13
3.654426354304545399e-05 1.855044924600000069e-13
3.654444490199957387e-05 2.996027500899999950e-13
3.654462626054011805e-05 3.475443393199999838e-13
3.654480761949423792e-05 8.827892640599999516e-14
3.654498897803478211e-05 1.803625052900000090e-13
3.654517033698889521e-05 2.822128117499999975e-13
3.654535169552944617e-05 2.884488195999999957e-13
3.654553305448354571e-05 3.317612509999999749e-13
3.654571441302409667e-05 1.746557153800000084e-13
3.654589577197820977e-05 1.306082047299999981e-13
3.654607713051874718e-05 2.108655064599999934e-13
3.654625848947287383e-05 2.674853743600000103e-13
3.654643984801341124e-05 2.602587963000000242e-13
3.654662120696753111e-05 3.907392329699999753e-13
3.654680256550807529e-05 2.369469784600000070e-13
3.654698392446218162e-05 8.942396304600000539e-14
3.654716528300272580e-05 2.568530729499999833e-13
3.654734664195683890e-05 1.036223569800000059e-13
3.654752800049738308e-05 1.387245458200000063e-13
3.654770935945149618e-05 4.008336292399999785e-13
3.654789071799204714e-05 8.804121245799999998e-14
3.654807207694616024e-05 9.017722576499999742e-14
3.654825343548670442e-05 3.896765792000000217e-13
3.654843479444082430e-05 1.048415456999999943e-13
3.654861615298136171e-05 2.949511205799999923e-13
3.654879751193547481e-05 3.183415064600000193e-13
3.654897887047601899e-05 1.675301280200000056e-13
3.654916022943013887e-05 8.997879033300000058e-14
3.654934158797067627e-05 2.960287371799999799e-13
3.654952294692478937e-05 1.043518076400000011e-13
3.654970430546534033e-05 3.931436526499999822e-13
3.654988566441945343e-05 3.847478661500000148e-13
3.655006702296000439e-05 8.903562574400000475e-14
3.655024838191410394e-05 9.296694523399999474e-14
3.655042974045464812e-05 2.662922861599999991e-13
3.655061109940876800e-05 2.861962908700000141e-13
3.655079245794931218e-05 1.465029494900000044e-13
3.655097381690343205e-05 1.727504811499999993e-13
3.655097381690343205e-05 1.0
