4.507883172678574203e-06 1.000000000000000000e+00
4.507883172678574203e-06 2.399999999999999871e-14
5.037249270020645611e-06 2.399999999999999871e-14
5.037249270020645611e-06 5.000000000000000152e-14
5.459087878840109546e-06 5.000000000000000152e-14
5.459087878840109546e-06 6.099999999999999251e-14
5.851976779211177792e-06 6.099999999999999251e-14
5.851976779211177792e-06 7.100000000000000039e-14
5.996725321453149456e-06 7.100000000000000039e-14
5.996725321453149456e-06 6.599999999999999645e-14
6.257272697488700486e-06 6.599999999999999645e-14
6.257272697488700486e-06 6.599999999999999645e-14
6.617076216775888792e-06 6.599999999999999645e-14
6.617076216775888792e-06 6.500000000000000071e-14
6.976879736063077946e-06 6.500000000000000071e-14
6.976879736063077946e-06 7.400000000000000023e-14
7.113356933034080261e-06 7.400000000000000023e-14
7.113356933034080261e-06 8.800000000000000368e-14
7.295326528995417811e-06 8.800000000000000368e-14
7.295326528995417811e-06 1.099999999999999983e-13
7.857778007421370006e-06 1.099999999999999983e-13
7.857778007421370006e-06 1.199999999999999935e-13
8.631148790257052897e-06 1.199999999999999935e-13
8.631148790257052897e-06 1.499999999999999919e-13
8.684912534518355787e-06 1.499999999999999919e-13
8.684912534518355787e-06 1.899999999999999982e-13
9.259771030850759042e-06 1.899999999999999982e-13
9.259771030850759042e-06 8.699999999999999532e-14
9.760187419744435609e-06 8.699999999999999532e-14
9.760187419744435609e-06 8.199999999999999138e-14
1.017375468329292850e-05 8.199999999999999138e-14
1.017375468329292850e-05 1.000000000000000000e+00
1.131520033068677159e-05 1.000000000000000000e+00
1.131520033068677159e-05 1.400000000000000093e-13
1.158401905199329112e-05 1.400000000000000093e-13
1.158401905199329112e-05 7.399999999999999770e-13
1.284539920581619359e-05 7.399999999999999770e-13
1.284539920581619359e-05 3.199999999999999996e-13
1.323415243355177758e-05 3.199999999999999996e-13
1.323415243355177758e-05 5.100000000000000483e-13
1.530198875129424373e-05 5.100000000000000483e-13
1.530198875129424373e-05 4.199999999999999774e-13
1.626560047536223098e-05 4.199999999999999774e-13
1.626560047536223098e-05 1.000000000000000000e+00
