4.000000000000000666e-06 1.000000000000000000e+00
4.006449389591851348e-06 1.000000000000000000e+00
4.012909177840220140e-06 1.000000000000000000e+00
4.019379381511370375e-06 1.000000000000000000e+00
4.025860017398566252e-06 1.000000000000000000e+00
4.032351102322180416e-06 1.000000000000000000e+00
4.038852653129672777e-06 1.000000000000000000e+00
4.045364686695700624e-06 1.000000000000000000e+00
4.051887219922095761e-06 1.000000000000000000e+00
4.058420269737974613e-06 1.000000000000000000e+00
4.064963853099716212e-06 1.000000000000000000e+00
4.071517986991073996e-06 1.000000000000000000e+00
4.078082688423147865e-06 1.000000000000000000e+00
4.084657974434502761e-06 1.000000000000000000e+00
4.091243862091140718e-06 1.000000000000000000e+00
4.097840368486613517e-06 1.000000000000000000e+00
4.104447510742000660e-06 1.000000000000000000e+00
4.111065306006019491e-06 1.000000000000000000e+00
4.117693771455004013e-06 1.000000000000000000e+00
4.124332924293015853e-06 1.000000000000000000e+00
4.130982781751822242e-06 1.000000000000000000e+00
4.137643361091007815e-06 1.000000000000000000e+00
4.144314679597951749e-06 1.000000000000000000e+00
4.150996754587938722e-06 1.000000000000000000e+00
4.157689603404141122e-06 1.000000000000000000e+00
4.164393243417725780e-06 1.000000000000000000e+00
4.171107692027834480e-06 1.000000000000000000e+00
4.177832966661697468e-06 1.000000000000000000e+00
4.184569084774608038e-06 1.000000000000000000e+00
4.191316063850038576e-06 1.000000000000000000e+00
4.198073921399616843e-06 1.000000000000000000e+00
4.204842674963240325e-06 1.000000000000000000e+00
4.211622342109049974e-06 1.000000000000000000e+00
4.218412940433550489e-06 1.000000000000000000e+00
4.225214487561581512e-06 1.000000000000000000e+00
4.232027001146435372e-06 1.000000000000000000e+00
4.238850498869831668e-06 1.000000000000000000e+00
4.245684998442036706e-06 1.000000000000000000e+00
4.252530517601834696e-06 1.000000000000000000e+00
4.259387074116646336e-06 1.000000000000000000e+00
4.266254685782505101e-06 1.000000000000000000e+00
4.273133370424171585e-06 1.000000000000000000e+00
4.280023145895113177e-06 1.000000000000000000e+00
4.286924030077616716e-06 1.000000000000000000e+00
4.293836040882766463e-06 1.000000000000000000e+00
4.300759196250561849e-06 1.000000000000000000e+00
4.307693514149891206e-06 1.000000000000000000e+00
4.314639012578650357e-06 1.000000000000000000e+00
4.321595709563720594e-06 1.000000000000000000e+00
4.328563623161081331e-06 1.000000000000000000e+00
4.335542771455791469e-06 1.000000000000000000e+00
4.342533172562103750e-06 1.000000000000000000e+00
4.349534844623441032e-06 1.000000000000000000e+00
4.356547805812517423e-06 1.000000000000000000e+00
4.363572074331309476e-06 1.000000000000000000e+00
4.370607668411179859e-06 1.000000000000000000e+00
4.377654606312848555e-06 1.000000000000000000e+00
4.384712906326515683e-06 1.000000000000000000e+00
4.391782586771835235e-06 1.000000000000000000e+00
4.398863665998033667e-06 1.000000000000000000e+00
4.405956162383888721e-06 1.000000000000000000e+00
4.413060094337845466e-06 1.000000000000000000e+00
4.420175480297994278e-06 1.000000000000000000e+00
4.427302338732190271e-06 1.000000000000000000e+00
4.434440688138029580e-06 1.000000000000000000e+00
4.441590547042967945e-06 1.000000000000000000e+00
4.448751934004298689e-06 1.000000000000000000e+00
4.455924867609271301e-06 1.000000000000000000e+00
4.463109366475068569e-06 1.000000000000000000e+00
4.470305449248926857e-06 1.000000000000000000e+00
4.477513134608111538e-06 1.000000000000000000e+00
4.484732441260039821e-06 1.000000000000000000e+00
4.491963387942254487e-06 1.000000000000000000e+00
4.499205993422546709e-06 1.000000000000000000e+00
4.506460276498929799e-06 1.000000000000000000e+00
4.513726255999763715e-06 1.000000000000000000e+00
4.521003950783731349e-06 1.000000000000000000e+00
4.528293379739955417e-06 1.000000000000000000e+00
4.535594561787980668e-06 1.000000000000000000e+00
4.542907515877892474e-06 1.000000000000000000e+00
4.550232260990293953e-06 2.530121407642734603e-14
4.557568816136426256e-06 2.530121407642734603e-14
4.564917200358149926e-06 2.530121407642734603e-14
4.572277432728061789e-06 2.530121407642734603e-14
4.579649532349474630e-06 2.530121407642734603e-14
4.587033518356538313e-06 2.530121407642734603e-14
4.594429409914217762e-06 2.530121407642734603e-14
4.601837226218415778e-06 2.530121407642734603e-14
4.609256986495946784e-06 2.530121407642734603e-14
4.616688710004663878e-06 2.530121407642734603e-14
4.624132416033433421e-06 2.530121407642734603e-14
4.631588123902259553e-06 2.530121407642734603e-14
4.639055852962257935e-06 2.530121407642734603e-14
4.646535622595784495e-06 2.530121407642734603e-14
4.654027452216407482e-06 2.530121407642734603e-14
4.661531361269034512e-06 2.530121407642734603e-14
4.669047369229888012e-06 2.530121407642734603e-14
4.676575495606629732e-06 2.530121407642734603e-14
4.684115759938336177e-06 2.530121407642734603e-14
4.691668181795628208e-06 2.530121407642734603e-14
4.699232780780640545e-06 2.530121407642734603e-14
4.706809576527152214e-06 2.530121407642734603e-14
4.714398588700561134e-06 2.530121407642734603e-14
4.721999836998011168e-06 2.530121407642734603e-14
4.729613341148364181e-06 2.530121407642734603e-14
4.737239120912333858e-06 2.530121407642734603e-14
4.744877196082453530e-06 2.530121407642734603e-14
4.752527586483209147e-06 2.530121407642734603e-14
4.760190311971010487e-06 2.530121407642734603e-14
4.767865392434323288e-06 2.530121407642734603e-14
4.775552847793640452e-06 2.530121407642734603e-14
4.783252698001613333e-06 2.530121407642734603e-14
4.790964963043023786e-06 2.530121407642734603e-14
4.798689662934915457e-06 2.530121407642734603e-14
4.806426817726568372e-06 2.530121407642734603e-14
4.814176447499627687e-06 2.530121407642734603e-14
4.821938572368075731e-06 2.530121407642734603e-14
4.829713212478369234e-06 2.530121407642734603e-14
4.837500388009403744e-06 2.530121407642734603e-14
4.845300119172653391e-06 2.530121407642734603e-14
4.853112426212139545e-06 2.530121407642734603e-14
4.860937329404562108e-06 2.530121407642734603e-14
4.868774849059276644e-06 2.530121407642734603e-14
4.876625005518422279e-06 2.530121407642734603e-14
4.884487819156898833e-06 2.530121407642734603e-14
4.892363310382496414e-06 2.530121407642734603e-14
4.900251499635869162e-06 2.530121407642734603e-14
4.908152407390669082e-06 2.530121407642734603e-14
4.916066054153518932e-06 2.530121407642734603e-14
4.923992460464145215e-06 2.530121407642734603e-14
4.931931646895351069e-06 2.530121407642734603e-14
4.939883634053151795e-06 2.530121407642734603e-14
4.947848442576745208e-06 2.530121407642734603e-14
4.955826093138647167e-06 2.530121407642734603e-14
4.963816606444663616e-06 2.530121407642734603e-14
4.971820003234027810e-06 2.530121407642734603e-14
4.979836304279369818e-06 2.530121407642734603e-14
4.987865530386854591e-06 2.530121407642734603e-14
4.995907702396150621e-06 2.530121407642734603e-14
5.003962841180569701e-06 2.530121407642734603e-14
5.012030967647038127e-06 2.530121407642734603e-14
5.020112102736231376e-06 2.530121407642734603e-14
5.028206267422547847e-06 2.530121407642734603e-14
5.036313482714246083e-06 2.530121407642734603e-14
5.044433769653413425e-06 2.530121407642734603e-14
5.052567149316108322e-06 2.530121407642734603e-14
5.060713642812328982e-06 2.530121407642734603e-14
5.068873271286150599e-06 2.530121407642734603e-14
5.077046055915700784e-06 2.530121407642734603e-14
5.085232017913291702e-06 2.530121407642734603e-14
5.093431178525399748e-06 2.530121407642734603e-14
5.101643559032796832e-06 2.530121407642734603e-14
5.109869180750524970e-06 2.530121407642734603e-14
5.118108065028036894e-06 2.530121407642734603e-14
5.126360233249165552e-06 2.530121407642734603e-14
5.134625706832263030e-06 2.530121407642734603e-14
5.142904507230175134e-06 2.530121407642734603e-14
5.151196655930377765e-06 2.530121407642734603e-14
5.159502174454949816e-06 2.530121407642734603e-14
5.167821084360713775e-06 2.530121407642734603e-14
5.176153407239208624e-06 2.530121407642734603e-14
5.184499164716825363e-06 2.530121407642734603e-14
5.192858378454784985e-06 2.530121407642734603e-14
5.201231070149274851e-06 2.530121407642734603e-14
5.209617261531420738e-06 2.530121407642734603e-14
5.218016974367431679e-06 2.530121407642734603e-14
5.226430230458566931e-06 2.530121407642734603e-14
5.234857051641279124e-06 2.530121407642734603e-14
5.243297459787187999e-06 2.530121407642734603e-14
5.251751476803219328e-06 2.530121407642734603e-14
5.260219124631578650e-06 2.530121407642734603e-14
5.268700425249891034e-06 2.530121407642734603e-14
5.277195400671175668e-06 2.530121407642734603e-14
5.285704072943988160e-06 2.530121407642734603e-14
5.294226464152388352e-06 2.530121407642734603e-14
5.302762596416088549e-06 2.530121407642734603e-14
5.311312491890422179e-06 2.530121407642734603e-14
5.319876172766487789e-06 2.530121407642734603e-14
5.328453661271119402e-06 5.215278282164825039e-14
5.337044979667033893e-06 5.215278282164825039e-14
5.345650150252797964e-06 5.215278282164825039e-14
5.354269195362976367e-06 5.215278282164825039e-14
5.362902137368099722e-06 5.215278282164825039e-14
5.371548998674812745e-06 5.215278282164825039e-14
5.380209801725843754e-06 5.215278282164825039e-14
5.388884569000148669e-06 5.215278282164825039e-14
5.397573323012885596e-06 5.215278282164825039e-14
5.406276086315557132e-06 5.215278282164825039e-14
5.414992881495984106e-06 5.215278282164825039e-14
5.423723731178449571e-06 5.215278282164825039e-14
5.432468658023671707e-06 5.215278282164825039e-14
5.441227684728949503e-06 5.215278282164825039e-14
5.450000834028132266e-06 5.215278282164825039e-14
5.458788128691771244e-06 5.215278282164825039e-14
5.467589591527084890e-06 5.215278282164825039e-14
5.476405245378110489e-06 5.215278282164825039e-14
5.485235113125673658e-06 5.215278282164825039e-14
5.494079217687534041e-06 5.215278282164825039e-14
5.502937582018361588e-06 5.215278282164825039e-14
5.511810229109878858e-06 5.215278282164825039e-14
5.520697181990836458e-06 5.215278282164825039e-14
5.529598463727158726e-06 5.215278282164825039e-14
5.538514097421914940e-06 5.215278282164825039e-14
5.547444106215471776e-06 5.215278282164825039e-14
5.556388513285459433e-06 5.215278282164825039e-14
5.565347341846924942e-06 5.215278282164825039e-14
5.574320615152297440e-06 5.215278282164825039e-14
5.583308356491547411e-06 5.215278282164825039e-14
5.592310589192147723e-06 5.215278282164825039e-14
5.601327336619229480e-06 5.215278282164825039e-14
5.610358622175552380e-06 5.215278282164825039e-14
5.619404469301653789e-06 1.849335501313510888e-14
5.628464901475819944e-06 1.849335501313510888e-14
5.637539942214238419e-06 1.849335501313510888e-14
5.646629615070965935e-06 1.849335501313510888e-14
5.655733943638083370e-06 1.849335501313510888e-14
5.664852951545665266e-06 1.849335501313510888e-14
5.673986662461929751e-06 1.849335501313510888e-14
5.683135100093213130e-06 1.849335501313510888e-14
5.692298288184118117e-06 1.849335501313510888e-14
5.701476250517486726e-06 1.849335501313510888e-14
5.710669010914553588e-06 1.849335501313510888e-14
5.719876593234915455e-06 1.849335501313510888e-14
5.729099021376684517e-06 1.849335501313510888e-14
5.738336319276458748e-06 1.849335501313510888e-14
5.747588510909477771e-06 1.849335501313510888e-14
5.756855620289590659e-06 1.849335501313510888e-14
5.766137671469410106e-06 1.849335501313510888e-14
5.775434688540286159e-06 1.849335501313510888e-14
5.784746695632456152e-06 1.849335501313510888e-14
5.794073716915020134e-06 1.849335501313510888e-14
5.803415776596090800e-06 1.849335501313510888e-14
5.812772898922768076e-06 1.849335501313510888e-14
5.822145108181294129e-06 1.849335501313510888e-14
5.831532428697017788e-06 1.849335501313510888e-14
5.840934884834562260e-06 1.849335501313510888e-14
5.850352500997781931e-06 1.849335501313510888e-14
5.859785301629929229e-06 1.849335501313510888e-14
5.869233311213619050e-06 1.849335501313510888e-14
5.878696554270988848e-06 1.849335501313510888e-14
5.888175055363667293e-06 1.849335501313510888e-14
5.897668839092930976e-06 1.849335501313510888e-14
5.907177930099674756e-06 1.849335501313510888e-14
5.916702353064572704e-06 1.849335501313510888e-14
5.926242132708043368e-06 1.849335501313510888e-14
5.935797293790410715e-06 1.849335501313510888e-14
5.945367861111874480e-06 1.849335501313510888e-14
5.954953859512668563e-06 1.849335501313510888e-14
5.964555313873028845e-06 1.849335501313510888e-14
5.974172249113354963e-06 1.849335501313510888e-14
5.983804690194180675e-06 1.849335501313510888e-14
5.993452662116331398e-06 1.849335501313510888e-14
6.003116189920893721e-06 1.849335501313510888e-14
6.012795298689379726e-06 1.849335501313510888e-14
6.022490013543690569e-06 1.849335501313510888e-14
6.032200359646283342e-06 1.849335501313510888e-14
6.041926362200134652e-06 1.849335501313510888e-14
6.051668046448909182e-06 1.849335501313510888e-14
6.061425437676922420e-06 1.849335501313510888e-14
6.071198561209304134e-06 1.849335501313510888e-14
6.080987442411971273e-06 1.849335501313510888e-14
6.090792106691787204e-06 1.849335501313510888e-14
6.100612579496530373e-06 1.849335501313510888e-14
6.110448886315058631e-06 1.849335501313510888e-14
6.120301052677279587e-06 1.849335501313510888e-14
6.130169104154310694e-06 1.849335501313510888e-14
6.140053066358452152e-06 1.849335501313510888e-14
6.149952964943346987e-06 1.849335501313510888e-14
6.159868825603952260e-06 1.849335501313510888e-14
6.169800674076705929e-06 1.849335501313510888e-14
6.179748536139487885e-06 1.849335501313510888e-14
6.189712437611795290e-06 1.849335501313510888e-14
6.199692404354701917e-06 1.849335501313510888e-14
6.209688462271031795e-06 1.849335501313510888e-14
6.219700637305319395e-06 3.219981697389366995e-14
6.229728955443984966e-06 3.219981697389366995e-14
6.239773442715293881e-06 3.219981697389366995e-14
6.249834125189531122e-06 3.219981697389366995e-14
6.259911028978965707e-06 3.219981697389366995e-14
6.270004180238016706e-06 3.219981697389366995e-14
6.280113605163224446e-06 3.219981697389366995e-14
6.290239329993419065e-06 3.219981697389366995e-14
6.300381381009682401e-06 3.219981697389366995e-14
6.310539784535525017e-06 3.219981697389366995e-14
6.320714566936846396e-06 3.219981697389366995e-14
6.330905754622111116e-06 3.219981697389366995e-14
6.341113374042309049e-06 3.219981697389366995e-14
6.351337451691131536e-06 3.219981697389366995e-14
6.361578014104934969e-06 3.219981697389366995e-14
6.371835087862912736e-06 3.219981697389366995e-14
6.382108699587061341e-06 3.219981697389366995e-14
6.392398875942354894e-06 3.219981697389366995e-14
6.402705643636706145e-06 3.219981697389366995e-14
6.413029029421143515e-06 3.219981697389366995e-14
6.423369060089776370e-06 3.219981697389366995e-14
6.433725762479964422e-06 3.219981697389366995e-14
6.444099163472290630e-06 3.219981697389366995e-14
6.454489289990728060e-06 3.219981697389366995e-14
6.464896169002607703e-06 3.219981697389366995e-14
6.475319827518797196e-06 3.219981697389366995e-14
6.485760292593659317e-06 3.219981697389366995e-14
6.496217591325231557e-06 3.219981697389366995e-14
6.506691750855189697e-06 3.219981697389366995e-14
6.517182798369024840e-06 3.219981697389366995e-14
6.527690761096008680e-06 3.219981697389366995e-14
6.538215666309365449e-06 3.219981697389366995e-14
6.548757541326243970e-06 3.219981697389366995e-14
6.559316413507888750e-06 3.219981697389366995e-14
6.569892310259607801e-06 3.219981697389366995e-14
6.580485259030948816e-06 3.219981697389366995e-14
6.591095287315664445e-06 3.219981697389366995e-14
6.601722422651891017e-06 3.219981697389366995e-14
6.612366692622111270e-06 3.219981697389366995e-14
6.623028124853334772e-06 3.219981697389366995e-14
6.633706747017060646e-06 3.219981697389366995e-14
6.644402586829460538e-06 3.219981697389366995e-14
6.655115672051337101e-06 3.219981697389366995e-14
6.665846030488308659e-06 3.219981697389366995e-14
6.676593689990771083e-06 3.219981697389366995e-14
6.687358678454080755e-06 3.219981697389366995e-14
6.698141023818514752e-06 3.219981697389366995e-14
6.708940754069454660e-06 3.219981697389366995e-14
6.719757897237350142e-06 3.219981697389366995e-14
6.730592481397898517e-06 3.219981697389366995e-14
6.741444534672012571e-06 3.219981697389366995e-14
6.752314085226000123e-06 3.219981697389366995e-14
6.763201161271525915e-06 3.219981697389366995e-14
6.774105791065799650e-06 3.219981697389366995e-14
6.785028002911533640e-06 3.219981697389366995e-14
6.795967825157130850e-06 3.219981697389366995e-14
6.806925286196645931e-06 3.219981697389366995e-14
6.817900414469970723e-06 3.219981697389366995e-14
6.828893238462794443e-06 3.219981697389366995e-14
6.839903786706794267e-06 3.219981697389366995e-14
6.850932087779591288e-06 3.219981697389366995e-14
6.861978170304940244e-06 3.219981697389366995e-14
6.873042062952693104e-06 3.219981697389366995e-14
6.884123794438982021e-06 3.811990700249672302e-14
6.895223393526183760e-06 3.811990700249672302e-14
6.906340889023106043e-06 3.811990700249672302e-14
6.917476309784950281e-06 3.811990700249672302e-14
6.928629684713499616e-06 3.811990700249672302e-14
6.939801042757079106e-06 3.811990700249672302e-14
6.950990412910746315e-06 3.811990700249672302e-14
6.962197824216250649e-06 3.811990700249672302e-14
6.973423305762226482e-06 3.811990700249672302e-14
6.984666886684149109e-06 3.811990700249672302e-14
6.995928596164529566e-06 3.811990700249672302e-14
7.007208463432872277e-06 3.811990700249672302e-14
7.018506517765869870e-06 3.811990700249672302e-14
7.029822788487358288e-06 6.965173470436307471e-14
7.041157304968513295e-06 6.965173470436307471e-14
7.052510096627809826e-06 6.965173470436307471e-14
7.063881192931211714e-06 6.965173470436307471e-14
7.075270623392136969e-06 6.965173470436307471e-14
7.086678417571643274e-06 6.965173470436307471e-14
7.098104605078398340e-06 6.965173470436307471e-14
7.109549215568862017e-06 6.965173470436307471e-14
7.121012278747256650e-06 6.965173470436307471e-14
7.132493824365753425e-06 6.965173470436307471e-14
7.143993882224439334e-06 6.965173470436307471e-14
7.155512482171504371e-06 6.965173470436307471e-14
7.167049654103206802e-06 6.965173470436307471e-14
7.178605427964068831e-06 6.965173470436307471e-14
7.190179833746831706e-06 6.965173470436307471e-14
7.201772901492655619e-06 6.965173470436307471e-14
7.213384661291079898e-06 6.965173470436307471e-14
7.225015143280215278e-06 6.965173470436307471e-14
7.236664377646708331e-06 6.965173470436307471e-14
7.248332394625934588e-06 6.965173470436307471e-14
7.260019224501962961e-06 6.965173470436307471e-14
7.271724897607746329e-06 6.965173470436307471e-14
7.283449444325088502e-06 6.965173470436307471e-14
7.295192895084838190e-06 6.965173470436307471e-14
7.306955280366847503e-06 6.965173470436307471e-14
7.318736630700176082e-06 6.965173470436307471e-14
7.330536976663042816e-06 6.965173470436307471e-14
7.342356348883034221e-06 6.965173470436307471e-14
7.354194778037054455e-06 6.965173470436307471e-14
7.366052294851531999e-06 6.965173470436307471e-14
7.377928930102376459e-06 6.965173470436307471e-14
7.389824714615179311e-06 6.965173470436307471e-14
7.401739679265173243e-06 6.965173470436307471e-14
7.413673854977432905e-06 6.965173470436307471e-14
7.425627272726833399e-06 8.049319429708759057e-14
7.437599963538253571e-06 8.049319429708759057e-14
7.449591958486535355e-06 8.049319429708759057e-14
7.461603288696683667e-06 8.049319429708759057e-14
7.473633985343827446e-06 8.049319429708759057e-14
7.485684079653421246e-06 8.049319429708759057e-14
7.497753602901204580e-06 8.049319429708759057e-14
7.509842586413406053e-06 8.049319429708759057e-14
7.521951061566702705e-06 8.049319429708759057e-14
7.534079059788421606e-06 9.080613335674090205e-14
7.546226612556500045e-06 9.080613335674090205e-14
7.558393751399690510e-06 9.080613335674090205e-14
7.570580507897520880e-06 9.080613335674090205e-14
7.582786913680495171e-06 9.080613335674090205e-14
7.595013000430057113e-06 9.080613335674090205e-14
7.607258799878791744e-06 9.080613335674090205e-14
7.619524343810388142e-06 9.080613335674090205e-14
7.631809664059842710e-06 9.080613335674090205e-14
7.644114792513419368e-06 9.080613335674090205e-14
7.656439761108856229e-06 9.080613335674090205e-14
7.668784601835319857e-06 9.080613335674090205e-14
7.681149346733625498e-06 9.080613335674090205e-14
7.693534027896176093e-06 9.080613335674090205e-14
7.705938677467190974e-06 9.080613335674090205e-14
7.718363327642648272e-06 9.080613335674090205e-14
7.730808010670503445e-06 3.721179572930183611e-14
7.743272758850638460e-06 3.721179572930183611e-14
7.755757604535087101e-06 3.721179572930183611e-14
7.768262580127970599e-06 3.721179572930183611e-14
7.780787718085729714e-06 3.721179572930183611e-14
7.793333050917068832e-06 3.721179572930183611e-14
7.805898611183169421e-06 3.721179572930183611e-14
7.818484431497654450e-06 3.721179572930183611e-14
7.831090544526789988e-06 3.721179572930183611e-14
7.843716982989451319e-06 3.721179572930183611e-14
7.856363779657327926e-06 3.721179572930183611e-14
7.869030967354889608e-06 3.721179572930183611e-14
7.881718578959591464e-06 3.721179572930183611e-14
7.894426647401833234e-06 3.721179572930183611e-14
7.907155205665177835e-06 3.721179572930183611e-14
7.919904286786302229e-06 3.721179572930183611e-14
7.932673923855214270e-06 3.721179572930183611e-14
7.945464150015210347e-06 3.721179572930183611e-14
7.958274998463092225e-06 3.721179572930183611e-14
7.971106502449117921e-06 3.721179572930183611e-14
7.983958695277223623e-06 3.721179572930183611e-14
7.996831610304977949e-06 3.721179572930183611e-14
8.009725280943798793e-06 3.721179572930183611e-14
8.022639740658905885e-06 3.721179572930183611e-14
8.035575022969547801e-06 3.721179572930183611e-14
8.048531161448949442e-06 3.721179572930183611e-14
8.061508189724532266e-06 1.183854772634354556e-13
8.074506141477871937e-06 1.183854772634354556e-13
8.087525050444915162e-06 1.183854772634354556e-13
8.100564950415940730e-06 1.183854772634354556e-13
8.113625875235769576e-06 1.183854772634354556e-13
8.126707858803730898e-06 1.183854772634354556e-13
8.139810935073875611e-06 1.183854772634354556e-13
8.152935138054932302e-06 1.183854772634354556e-13
8.166080501810532539e-06 1.183854772634354556e-13
8.179247060459161742e-06 1.183854772634354556e-13
8.192434848174386192e-06 1.183854772634354556e-13
8.205643899184800511e-06 1.183854772634354556e-13
8.218874247774258057e-06 1.183854772634354556e-13
8.232125928281821794e-06 1.183854772634354556e-13
8.245398975101986218e-06 1.183854772634354556e-13
8.258693422684638391e-06 1.183854772634354556e-13
8.272009305535274782e-06 1.183854772634354556e-13
8.285346658214958916e-06 1.183854772634354556e-13
8.298705515340550071e-06 1.183854772634354556e-13
8.312085911584649069e-06 1.183854772634354556e-13
8.325487881675833755e-06 1.183854772634354556e-13
8.338911460398604778e-06 1.303716752241243057e-13
8.352356682593619380e-06 1.303716752241243057e-13
8.365823583157637184e-06 1.303716752241243057e-13
8.379312197043753974e-06 1.303716752241243057e-13
8.392822559261355953e-06 1.303716752241243057e-13
8.406354704876343366e-06 1.303716752241243057e-13
8.419908669011083059e-06 1.303716752241243057e-13
8.433484486844645655e-06 1.303716752241243057e-13
8.447082193612749643e-06 1.303716752241243057e-13
8.460701824607996858e-06 1.303716752241243057e-13
8.474343415179821660e-06 1.303716752241243057e-13
8.488007000734728097e-06 1.303716752241243057e-13
8.501692616736234007e-06 1.303716752241243057e-13
8.515400298705104795e-06 1.303716752241243057e-13
8.529130082219314474e-06 1.303716752241243057e-13
8.542882002914264195e-06 1.303716752241243057e-13
8.556656096482746673e-06 1.303716752241243057e-13
8.570452398675171499e-06 1.303716752241243057e-13
8.584270945299519399e-06 1.303716752241243057e-13
8.598111772221577709e-06 1.303716752241243057e-13
8.611974915364892943e-06 1.303716752241243057e-13
8.625860410710999490e-06 1.303716752241243057e-13
8.639768294299380650e-06 1.303716752241243057e-13
8.653698602227693947e-06 1.303716752241243057e-13
8.667651370651728777e-06 1.303716752241243057e-13
8.681626635785645268e-06 1.303716752241243057e-13
8.695624433901920074e-06 1.303716752241243057e-13
8.709644801331580154e-06 1.303716752241243057e-13
8.723687774464167197e-06 1.303716752241243057e-13
8.737753389747962934e-06 1.303716752241243057e-13
8.751841683689943395e-06 1.303716752241243057e-13
8.765952692856021164e-06 1.303716752241243057e-13
8.780086453870991167e-06 1.303716752241243057e-13
8.794243003418776312e-06 1.303716752241243057e-13
8.808422378242371584e-06 1.303716752241243057e-13
8.822624615144084603e-06 1.303716752241243057e-13
8.836849750985494969e-06 1.303716752241243057e-13
8.851097822687681261e-06 1.303716752241243057e-13
8.865368867231185468e-06 1.303716752241243057e-13
8.879662921656245069e-06 1.303716752241243057e-13
8.893980023062742220e-06 1.303716752241243057e-13
8.908320208610459549e-06 1.303716752241243057e-13
8.922683515519010705e-06 1.303716752241243057e-13
8.937069981068101242e-06 1.303716752241243057e-13
8.951479642597465940e-06 1.303716752241243057e-13
8.965912537507122912e-06 1.303716752241243057e-13
8.980368703257314314e-06 1.303716752241243057e-13
8.994848177368755375e-06 1.303716752241243057e-13
9.009350997422585261e-06 1.303716752241243057e-13
9.023877201060611031e-06 1.303716752241243057e-13
9.038426825985255113e-06 1.303716752241243057e-13
9.052999909959807723e-06 1.303716752241243057e-13
9.067596490808367573e-06 1.303716752241243057e-13
9.082216606416097673e-06 1.303716752241243057e-13
9.096860294729166042e-06 1.619660846641819453e-13
9.111527593755001507e-06 1.619660846641819453e-13
9.126218541562236111e-06 1.619660846641819453e-13
9.140933176280962604e-06 1.619660846641819453e-13
9.155671536102668380e-06 1.619660846641819453e-13
9.170433659280503139e-06 1.619660846641819453e-13
9.185219584129214508e-06 1.619660846641819453e-13
9.200029349025398768e-06 1.619660846641819453e-13
9.214862992407460193e-06 1.619660846641819453e-13
9.229720552775849915e-06 1.619660846641819453e-13
9.244602068693020183e-06 1.619660846641819453e-13
9.259507578783676780e-06 1.619660846641819453e-13
9.274437121734723118e-06 1.619660846641819453e-13
9.289390736295519431e-06 1.619660846641819453e-13
9.304368461277823482e-06 1.619660846641819453e-13
9.319370335556049755e-06 1.619660846641819453e-13
9.334396398067213550e-06 1.619660846641819453e-13
9.349446687811188483e-06 2.111578978716175130e-13
9.364521243850650582e-06 2.111578978716175130e-13
9.379620105311339170e-06 2.111578978716175130e-13
9.394743311381995881e-06 2.111578978716175130e-13
9.409890901314627240e-06 2.111578978716175130e-13
9.425062914424453843e-06 2.111578978716175130e-13
9.440259390090159378e-06 2.111578978716175130e-13
9.455480367753843200e-06 2.111578978716175130e-13
9.470725886921277823e-06 2.111578978716175130e-13
9.485995987161851322e-06 2.111578978716175130e-13
9.501290708108835000e-06 2.111578978716175130e-13
9.516610089459320702e-06 2.111578978716175130e-13
9.531954170974485093e-06 2.111578978716175130e-13
9.547322992479533751e-06 2.111578978716175130e-13
9.562716593863965445e-06 2.111578978716175130e-13
9.578135015081516227e-06 2.111578978716175130e-13
9.593578296150416933e-06 2.111578978716175130e-13
9.609046477153344051e-06 2.111578978716175130e-13
9.624539598237684003e-06 2.111578978716175130e-13
9.640057699615470454e-06 2.111578978716175130e-13
9.655600821563653678e-06 2.111578978716175130e-13
9.671169004424046343e-06 2.111578978716175130e-13
9.686762288603586091e-06 2.111578978716175130e-13
9.702380714574277941e-06 2.111578978716175130e-13
9.718024322873463649e-06 2.111578978716175130e-13
9.733693154103764100e-06 2.111578978716175130e-13
9.749387248933350371e-06 2.111578978716175130e-13
9.765106648095875957e-06 2.111578978716175130e-13
9.780851392390761383e-06 2.111578978716175130e-13
9.796621522683119658e-06 2.111578978716175130e-13
9.812417079904042579e-06 2.111578978716175130e-13
9.828238105050527879e-06 2.111578978716175130e-13
9.844084639185762142e-06 2.111578978716175130e-13
9.859956723439056424e-06 2.111578978716175130e-13
9.875854399006117309e-06 2.111578978716175130e-13
9.891777707148990997e-06 2.111578978716175130e-13
9.907726689196336056e-06 9.761775055449268372e-14
9.923701386543365820e-06 9.761775055449268372e-14
9.939701840652116053e-06 9.761775055449268372e-14
9.955728093051394124e-06 9.761775055449268372e-14
9.971780185337048369e-06 9.761775055449268372e-14
9.987858159171910486e-06 9.761775055449268372e-14
1.000396205628606998e-05 9.761775055449268372e-14
1.002009191847681826e-05 9.761775055449268372e-14
1.003624778760891966e-05 9.761775055449268372e-14
1.005242970561455730e-05 9.761775055449268372e-14
1.006863771449360575e-05 9.761775055449268372e-14
1.008487185631357686e-05 9.761775055449268372e-14
1.010113217320988912e-05 9.761775055449268372e-14
1.011741870738581853e-05 9.761775055449268372e-14
1.013373150111276961e-05 9.761775055449268372e-14
1.015007059673021957e-05 9.761775055449268372e-14
1.016643603664599438e-05 9.761775055449268372e-14
1.018282786333621120e-05 9.761775055449268372e-14
1.019924611934556129e-05 9.761775055449268372e-14
1.021569084728724732e-05 9.761775055449268372e-14
1.023216208984326118e-05 9.761775055449268372e-14
1.024865988976432981e-05 9.761775055449268372e-14
1.026518428987019301e-05 9.761775055449268372e-14
1.028173533304955091e-05 9.761775055449268372e-14
1.029831306226033165e-05 9.761775055449268372e-14
1.031491752052965070e-05 9.761775055449268372e-14
1.033154875095407516e-05 9.761775055449268372e-14
1.034820679669957633e-05 9.299215805769839057e-14
1.036489170100181427e-05 9.290870355962481002e-14
1.038160350716606670e-05 9.282532395661151730e-14
1.039834225856752374e-05 9.274201918144462241e-14
1.041510799865122861e-05 9.265878916697093348e-14
1.043190077093235210e-05 9.257563384609751496e-14
1.044872061899614680e-05 9.249255315179164981e-14
1.046556758649822325e-05 9.240954701708041032e-14
1.048244171716449235e-05 9.232661537505209703e-14
1.049934305479145669e-05 9.224375815885391628e-14
1.051627164324614455e-05 9.216097530169346961e-14
1.053322752646639954e-05 9.207826673683827412e-14
1.055021074846082302e-05 9.199563239761577510e-14
1.056722135330906038e-05 9.191307221741282853e-14
1.058425938516174008e-05 9.183058612967722832e-14
1.060132488824076669e-05 9.174817406791537127e-14
1.061841790683925486e-05 9.166583596569368335e-14
1.063553848532182574e-05 9.158357175663822841e-14
1.065268666812454265e-05 9.150138137443461983e-14
1.066986249975520412e-05 9.141926475282799529e-14
1.068706602479328121e-05 9.133722182562257497e-14
1.070429728789020892e-05 9.125525252668310048e-14
1.072155633376933532e-05 9.117335678993257554e-14
1.073884320722619605e-05 9.109153454935362914e-14
1.075615795312847359e-05 9.100978573898817472e-14
1.077350061641627346e-05 9.092811029293729661e-14
1.079087124210207845e-05 9.084650814536122479e-14
1.080826987527102981e-05 1.000000000000000000e+00
1.082569656108087818e-05 1.000000000000000000e+00
1.084315134476226814e-05 1.000000000000000000e+00
1.086063427161868743e-05 1.000000000000000000e+00
1.087814538702675489e-05 1.000000000000000000e+00
1.089568473643616292e-05 1.000000000000000000e+00
1.091325236536997560e-05 1.000000000000000000e+00
1.093084831942456602e-05 1.000000000000000000e+00
1.094847264426991441e-05 1.000000000000000000e+00
1.096612538564954382e-05 1.000000000000000000e+00
1.098380658938082671e-05 1.000000000000000000e+00
1.100151630135491716e-05 1.000000000000000000e+00
1.101925456753704911e-05 1.000000000000000000e+00
1.103702143396648035e-05 1.000000000000000000e+00
1.105481694675679416e-05 1.000000000000000000e+00
1.107264115209582639e-05 1.000000000000000000e+00
1.109049409624598062e-05 1.000000000000000000e+00
1.110837582554415863e-05 1.000000000000000000e+00
1.112628638640206542e-05 1.000000000000000000e+00
1.114422582530614305e-05 1.000000000000000000e+00
1.116219418881788244e-05 1.000000000000000000e+00
1.118019152357375214e-05 1.000000000000000000e+00
1.119821787628551007e-05 1.000000000000000000e+00
1.121627329374013239e-05 1.000000000000000000e+00
1.123435782280013195e-05 1.000000000000000000e+00
1.125247151040348037e-05 1.000000000000000000e+00
1.127061440356392656e-05 1.000000000000000000e+00
1.128878654937092890e-05 1.000000000000000000e+00
1.130698799498996190e-05 1.000000000000000000e+00
1.132521878766245353e-05 1.000000000000000000e+00
1.134347897470609859e-05 1.000000000000000000e+00
1.136176860351478420e-05 1.000000000000000000e+00
1.138008772155891504e-05 1.000000000000000000e+00
1.139843637638533204e-05 1.000000000000000000e+00
1.141681461561763766e-05 1.000000000000000000e+00
1.143522248695612640e-05 1.000000000000000000e+00
1.145366003817809314e-05 1.000000000000000000e+00
1.147212731713777385e-05 1.000000000000000000e+00
1.149062437176665560e-05 1.000000000000000000e+00
1.150915125007341387e-05 1.000000000000000000e+00
1.152770800014422767e-05 1.000000000000000000e+00
1.154629467014270836e-05 1.000000000000000000e+00
1.156491130831022153e-05 1.000000000000000000e+00
1.158355796296581928e-05 1.000000000000000000e+00
1.160223468250655523e-05 1.000000000000000000e+00
1.162094151540742192e-05 1.000000000000000000e+00
1.163967851022166418e-05 1.000000000000000000e+00
1.165844571558071644e-05 1.000000000000000000e+00
1.167724318019451955e-05 1.000000000000000000e+00
1.169607095285145806e-05 1.000000000000000000e+00
1.171492908241867366e-05 1.000000000000000000e+00
1.173381761784200248e-05 1.000000000000000000e+00
1.175273660814629695e-05 1.000000000000000000e+00
1.177168610243535638e-05 1.000000000000000000e+00
1.179066614989225049e-05 1.000000000000000000e+00
1.180967679977924998e-05 1.000000000000000000e+00
1.182871810143815177e-05 1.000000000000000000e+00
1.184779010429021465e-05 1.000000000000000000e+00
1.186689285783647264e-05 1.000000000000000000e+00
1.188602641165768083e-05 1.000000000000000000e+00
1.190519081541463045e-05 1.000000000000000000e+00
1.192438611884808789e-05 1.000000000000000000e+00
1.194361237177911315e-05 1.000000000000000000e+00
1.196286962410900063e-05 1.543411299304162206e-13
1.198215792581959752e-05 1.543411299304162206e-13
1.200147732697324457e-05 1.543411299304162206e-13
1.202082787771309626e-05 1.543411299304162206e-13
1.204020962826305638e-05 1.543411299304162206e-13
1.205962262892811014e-05 1.543411299304162206e-13
1.207906693009424787e-05 1.543411299304162206e-13
1.209854258222880050e-05 1.543411299304162206e-13
1.211804963588037175e-05 1.543411299304162206e-13
1.213758814167916343e-05 1.543411299304162206e-13
1.215715815033691610e-05 1.543411299304162206e-13
1.217675971264723101e-05 1.543411299304162206e-13
1.219639287948550735e-05 1.543411299304162206e-13
1.221605770180927434e-05 1.543411299304162206e-13
1.223575423065812174e-05 1.543411299304162206e-13
1.225548251715403360e-05 1.543411299304162206e-13
1.227524261250131540e-05 1.543411299304162206e-13
1.229503456798694135e-05 1.543411299304162206e-13
1.231485843498046967e-05 7.763407021146270575e-13
1.233471426493438651e-05 7.763407021146270575e-13
1.235460210938403984e-05 7.763407021146270575e-13
1.237452201994796815e-05 7.763407021146270575e-13
1.239447404832783602e-05 7.763407021146270575e-13
1.241445824630877130e-05 7.763407021146270575e-13
1.243447466575929560e-05 7.763407021146270575e-13
1.245452335863166483e-05 7.763407021146270575e-13
1.247460437696179125e-05 7.763407021146270575e-13
1.249471777286959756e-05 7.763407021146270575e-13
1.251486359855893556e-05 7.763407021146270575e-13
1.253504190631792833e-05 7.763407021146270575e-13
1.255525274851890424e-05 7.763407021146270575e-13
1.257549617761874076e-05 7.763407021146270575e-13
1.259577224615878657e-05 7.763407021146270575e-13
1.261608100676520885e-05 7.763407021146270575e-13
1.263642251214892551e-05 7.763407021146270575e-13
1.265679681510594400e-05 7.763407021146270575e-13
1.267720396851729523e-05 7.763407021146270575e-13
1.269764402534937411e-05 7.763407021146270575e-13
1.271811703865387515e-05 7.763407021146270575e-13
1.273862306156813126e-05 7.763407021146270575e-13
1.275916214731504943e-05 7.763407021146270575e-13
1.277973434920345625e-05 7.763407021146270575e-13
1.280033972062802004e-05 7.763407021146270575e-13
1.282097831506960996e-05 7.763407021146270575e-13
1.284165018609522148e-05 7.763407021146270575e-13
1.286235538735831689e-05 7.763407021146270575e-13
1.288309397259876769e-05 7.763407021146270575e-13
1.290386599564319343e-05 7.763407021146270575e-13
1.292467151040489900e-05 7.763407021146270575e-13
1.294551057088422022e-05 7.763407021146270575e-13
1.296638323116845612e-05 7.763407021146270575e-13
1.298728954543221616e-05 7.763407021146270575e-13
1.300822956793735252e-05 7.763407021146270575e-13
1.302920335303331582e-05 7.763407021146270575e-13
1.305021095515707722e-05 7.763407021146270575e-13
1.307125242883348584e-05 7.763407021146270575e-13
1.309232782867520102e-05 7.763407021146270575e-13
1.311343720938303790e-05 7.763407021146270575e-13
1.313458062574590475e-05 7.763407021146270575e-13
1.315575813264115530e-05 7.763407021146270575e-13
1.317696978503451594e-05 7.763407021146270575e-13
1.319821563798044824e-05 7.763407021146270575e-13
1.321949574662206761e-05 7.763407021146270575e-13
1.324081016619150924e-05 7.763407021146270575e-13
1.326215895200985694e-05 7.763407021146270575e-13
1.328354215948749552e-05 7.763407021146270575e-13
1.330495984412404301e-05 7.763407021146270575e-13
1.332641206150871319e-05 7.763407021146270575e-13
1.334789886732023600e-05 7.763407021146270575e-13
1.336942031732722679e-05 7.763407021146270575e-13
1.339097646738810845e-05 7.763407021146270575e-13
1.341256737345148067e-05 7.763407021146270575e-13
1.343419309155603360e-05 7.763407021146270575e-13
1.345585367783093063e-05 7.763407021146270575e-13
1.347754918849571867e-05 7.763407021146270575e-13
1.349927967986070083e-05 7.763407021146270575e-13
1.352104520832686525e-05 7.763407021146270575e-13
1.354284583038624425e-05 7.763407021146270575e-13
1.356468160262184827e-05 7.763407021146270575e-13
1.358655258170802500e-05 7.763407021146270575e-13
1.360845882441039673e-05 3.503504001057001873e-13
1.363040038758621435e-05 3.503504001057001873e-13
1.365237732818429813e-05 3.503504001057001873e-13
1.367438970324539849e-05 3.503504001057001873e-13
1.369643756990212489e-05 3.503504001057001873e-13
1.371852098537931175e-05 3.503504001057001873e-13
1.374064000699395574e-05 3.503504001057001873e-13
1.376279469215557156e-05 3.503504001057001873e-13
1.378498509836613263e-05 3.503504001057001873e-13
1.380721128322043532e-05 3.503504001057001873e-13
1.382947330440602613e-05 3.503504001057001873e-13
1.385177121970357773e-05 3.503504001057001873e-13
1.387410508698681106e-05 3.503504001057001873e-13
1.389647496422287309e-05 3.503504001057001873e-13
1.391888090947226062e-05 3.503504001057001873e-13
1.394132298088919800e-05 3.503504001057001873e-13
1.396380123672156266e-05 3.503504001057001873e-13
1.398631573531125606e-05 3.503504001057001873e-13
1.400886653509413933e-05 5.407347662388695780e-13
1.403145369460040256e-05 5.407347662388695780e-13
1.405407727245449371e-05 5.407347662388695780e-13
1.407673732737549969e-05 5.407347662388695780e-13
1.409943391817706680e-05 5.407347662388695780e-13
1.412216710376778525e-05 5.407347662388695780e-13
1.414493694315110787e-05 5.407347662388695780e-13
1.416774349542574144e-05 5.407347662388695780e-13
1.419058681978556363e-05 5.407347662388695780e-13
1.421346697552000592e-05 5.407347662388695780e-13
1.423638402201398243e-05 5.407347662388695780e-13
1.425933801874827277e-05 5.407347662388695780e-13
1.428232902529943904e-05 5.407347662388695780e-13
1.430535710134022560e-05 5.407347662388695780e-13
1.432842230663946766e-05 5.407347662388695780e-13
1.435152470106248591e-05 5.407347662388695780e-13
1.437466434457101035e-05 5.407347662388695780e-13
1.439784129722356314e-05 5.407347662388695780e-13
1.442105561917538911e-05 5.407347662388695780e-13
1.444430737067884034e-05 5.407347662388695780e-13
1.446759661208329486e-05 5.407347662388695780e-13
1.449092340383555980e-05 5.407347662388695780e-13
1.451428780647977822e-05 5.407347662388695780e-13
1.453768988065783573e-05 5.407347662388695780e-13
1.456112968710927067e-05 5.407347662388695780e-13
1.458460728667167558e-05 5.407347662388695780e-13
1.460812274028061594e-05 5.407347662388695780e-13
1.463167610897002485e-05 5.407347662388695780e-13
1.465526745387212343e-05 5.407347662388695780e-13
1.467889683621781890e-05 5.407347662388695780e-13
1.470256431733662498e-05 5.407347662388695780e-13
1.472626995865705999e-05 5.407347662388695780e-13
1.475001382170656383e-05 5.407347662388695780e-13
1.477379596811190459e-05 5.407347662388695780e-13
1.479761645959908871e-05 5.407347662388695780e-13
1.482147535799377099e-05 5.407347662388695780e-13
1.484537272522116649e-05 5.407347662388695780e-13
1.486930862330646216e-05 5.407347662388695780e-13
1.489328311437472032e-05 5.407347662388695780e-13
1.491729626065130214e-05 5.407347662388695780e-13
1.494134812446176940e-05 5.407347662388695780e-13
1.496543876823229786e-05 5.407347662388695780e-13
1.498956825448959421e-05 5.407347662388695780e-13
1.501373664586130098e-05 5.407347662388695780e-13
1.503794400507592032e-05 5.407347662388695780e-13
1.506219039496321036e-05 5.407347662388695780e-13
1.508647587845411411e-05 5.407347662388695780e-13
1.511080051858116434e-05 5.407347662388695780e-13
1.513516437847839882e-05 5.407347662388695780e-13
1.515956752138177375e-05 5.407347662388695780e-13
1.518401001062908069e-05 5.407347662388695780e-13
1.520849190966035486e-05 5.407347662388695780e-13
1.523301328201779891e-05 5.407347662388695780e-13
1.525757419134618947e-05 5.407347662388695780e-13
1.528217470139279417e-05 5.407347662388695780e-13
1.530681487600779513e-05 5.407347662388695780e-13
1.533149477914418904e-05 5.407347662388695780e-13
1.535621447485821571e-05 5.407347662388695780e-13
1.538097402730927683e-05 5.407347662388695780e-13
1.540577350076033909e-05 5.407347662388695780e-13
1.543061295957785965e-05 5.407347662388695780e-13
1.545549246823219955e-05 5.407347662388695780e-13
1.548041209129755248e-05 5.407347662388695780e-13
1.550537189345234463e-05 5.407347662388695780e-13
1.553037193947916353e-05 5.407347662388695780e-13
1.555541229426517138e-05 5.407347662388695780e-13
1.558049302280203394e-05 5.407347662388695780e-13
1.560561419018632030e-05 5.407347662388695780e-13
1.563077586161944188e-05 5.407347662388695780e-13
1.565597810240805906e-05 5.407347662388695780e-13
1.568122097796400318e-05 5.407347662388695780e-13
1.570650455380470013e-05 5.407347662388695780e-13
1.573182889555308221e-05 5.407347662388695780e-13
1.575719406893801844e-05 5.407347662388695780e-13
1.578260013979422983e-05 5.407347662388695780e-13
1.580804717406270957e-05 5.407347662388695780e-13
1.583353523779064504e-05 5.407347662388695780e-13
1.585906439713184474e-05 5.407347662388695780e-13
1.588463471834664683e-05 5.407347662388695780e-13
1.591024626780235954e-05 5.407347662388695780e-13
1.593589911197316295e-05 5.407347662388695780e-13
1.596159331744054607e-05 5.407347662388695780e-13
1.598732895089322208e-05 5.407347662388695780e-13
1.601310607912756885e-05 5.407347662388695780e-13
1.603892476904751372e-05 5.407347662388695780e-13
1.606478508766500442e-05 5.407347662388695780e-13
1.609068710209989394e-05 5.407347662388695780e-13
1.611663087958039448e-05 5.407347662388695780e-13
1.614261648744297581e-05 5.407347662388695780e-13
1.616864399313281255e-05 5.407347662388695780e-13
1.619471346420368925e-05 4.567576857722254277e-13
1.622082496831844768e-05 4.567576857722254277e-13
1.624697857324888849e-05 4.567576857722254277e-13
1.627317434687621854e-05 4.567576857722254277e-13
1.629941235719096273e-05 4.567576857722254277e-13
1.632569267229339773e-05 4.567576857722254277e-13
1.635201536039347065e-05 4.567576857722254277e-13
1.637838048981124625e-05 4.567576857722254277e-13
1.640478812897679857e-05 4.567576857722254277e-13
1.643123834643068183e-05 4.567576857722254277e-13
1.645773121082381866e-05 4.567576857722254277e-13
1.648426679091795406e-05 4.567576857722254277e-13
1.651084515558557756e-05 4.567576857722254277e-13
1.653746637381035001e-05 4.567576857722254277e-13
1.656413051468702237e-05 4.567576857722254277e-13
1.659083764742188966e-05 4.567576857722254277e-13
1.661758784133269271e-05 4.567576857722254277e-13
1.664438116584907897e-05 4.567576857722254277e-13
1.667121769051250083e-05 4.567576857722254277e-13
1.669809748497666290e-05 4.567576857722254277e-13
1.672502061900745760e-05 4.567576857722254277e-13
1.675198716248338190e-05 4.567576857722254277e-13
1.677899718539547973e-05 4.567576857722254277e-13
1.680605075784777231e-05 4.567576857722254277e-13
1.683314795005718014e-05 4.567576857722254277e-13
1.686028883235397369e-05 4.567576857722254277e-13
1.688747347518168191e-05 4.567576857722254277e-13
1.691470194909755299e-05 4.567576857722254277e-13
1.694197432477245613e-05 4.567576857722254277e-13
1.696929067299135247e-05 4.567576857722254277e-13
1.699665106465322057e-05 4.567576857722254277e-13
1.702405557077135454e-05 4.567576857722254277e-13
1.705150426247362496e-05 4.567576857722254277e-13
1.707899721100257035e-05 4.567576857722254277e-13
1.710653448771553943e-05 4.567576857722254277e-13
1.713411616408492836e-05 4.567576857722254277e-13
1.716174231169844495e-05 4.567576857722254277e-13
1.718941300225921374e-05 4.567576857722254277e-13
1.721712830758591149e-05 4.567576857722254277e-13
1.724488829961299760e-05 4.567576857722254277e-13
1.727269305039099868e-05 4.567576857722254277e-13
1.730054263208660007e-05 4.567576857722254277e-13
1.732843711698278473e-05 4.567576857722254277e-13
1.735637657747907380e-05 4.567576857722254277e-13
1.738436108609179426e-05 1.000000000000000000e+00
1.741239071545419752e-05 1.000000000000000000e+00
1.744046553831656783e-05 1.000000000000000000e+00
1.746858562754648997e-05 1.000000000000000000e+00
1.749675105612911349e-05 1.000000000000000000e+00
1.752496189716726114e-05 1.000000000000000000e+00
1.755321822388155426e-05 1.000000000000000000e+00
1.758152010961066007e-05 1.000000000000000000e+00
1.760986762781158307e-05 1.000000000000000000e+00
1.763826085205974975e-05 1.000000000000000000e+00
1.766669985604915087e-05 1.000000000000000000e+00
1.769518471359259900e-05 1.000000000000000000e+00
1.772371549862199273e-05 1.000000000000000000e+00
1.775229228518842176e-05 1.000000000000000000e+00
1.778091514746231596e-05 1.000000000000000000e+00
1.780958415973368252e-05 1.000000000000000000e+00
1.783829939641238719e-05 1.000000000000000000e+00
1.786706093202826946e-05 1.000000000000000000e+00
1.789586884123126455e-05 1.000000000000000000e+00
1.792472319879166427e-05 1.000000000000000000e+00
1.795362407960039827e-05 1.000000000000000000e+00
1.798257155866913904e-05 1.000000000000000000e+00
1.801156571113043405e-05 1.000000000000000000e+00
1.804060661223797006e-05 1.000000000000000000e+00
1.806969433736684073e-05 1.000000000000000000e+00
1.809882896201367203e-05 1.000000000000000000e+00
1.812801056179674417e-05 1.000000000000000000e+00
1.815723921245625930e-05 1.000000000000000000e+00
1.818651498985460915e-05 1.000000000000000000e+00
1.821583796997650715e-05 1.000000000000000000e+00
1.824520822892910368e-05 1.000000000000000000e+00
1.827462584294226725e-05 1.000000000000000000e+00
1.830409088836883519e-05 1.000000000000000000e+00
1.833360344168476620e-05 1.000000000000000000e+00
1.836316357948924530e-05 1.000000000000000000e+00
1.839277137850495492e-05 1.000000000000000000e+00
1.842242691557836968e-05 1.000000000000000000e+00
1.845213026767985798e-05 1.000000000000000000e+00
1.848188151190381759e-05 1.000000000000000000e+00
1.851168072546895005e-05 1.000000000000000000e+00
1.854152798571853512e-05 1.000000000000000000e+00
1.857142337012055613e-05 1.000000000000000000e+00
1.860136695626783213e-05 1.000000000000000000e+00
1.863135882187827878e-05 1.000000000000000000e+00
1.866139904479520309e-05 1.000000000000000000e+00
1.869148770298741867e-05 1.000000000000000000e+00
1.872162487454937779e-05 1.000000000000000000e+00
1.875181063770144929e-05 1.000000000000000000e+00
1.878204507079019633e-05 1.000000000000000000e+00
1.881232825228849843e-05 1.000000000000000000e+00
1.884266026079569372e-05 1.000000000000000000e+00
1.887304117503783987e-05 1.000000000000000000e+00
1.890347107386801558e-05 1.000000000000000000e+00
1.893395003626642566e-05 1.000000000000000000e+00
1.896447814134055349e-05 1.000000000000000000e+00
1.899505546832542187e-05 1.000000000000000000e+00
1.902568209658389123e-05 1.000000000000000000e+00
1.905635810560677814e-05 1.000000000000000000e+00
1.908708357501299772e-05 1.000000000000000000e+00
1.911785858454982440e-05 1.000000000000000000e+00
1.914868321409320034e-05 1.000000000000000000e+00
1.917955754364785058e-05 1.000000000000000000e+00
1.921048165334742535e-05 1.000000000000000000e+00
1.924145562345476774e-05 1.000000000000000000e+00
1.927247953436221522e-05 1.000000000000000000e+00
1.930355346659173182e-05 1.000000000000000000e+00
1.933467750079501988e-05 1.000000000000000000e+00
1.936585171775383183e-05 1.000000000000000000e+00
1.939707619838024116e-05 1.000000000000000000e+00
1.942835102371678140e-05 1.000000000000000000e+00
1.945967627493657144e-05 1.000000000000000000e+00
1.949105203334362051e-05 1.000000000000000000e+00
1.952247838037309238e-05 1.000000000000000000e+00
1.955395539759146806e-05 1.000000000000000000e+00
1.958548316669665078e-05 1.000000000000000000e+00
1.961706176951827097e-05 1.000000000000000000e+00
1.964869128801798438e-05 1.000000000000000000e+00
1.968037180428959068e-05 1.000000000000000000e+00
1.971210340055917236e-05 1.000000000000000000e+00
1.974388615918538952e-05 1.000000000000000000e+00
1.977572016265978139e-05 1.000000000000000000e+00
1.980760549360688154e-05 1.000000000000000000e+00
1.983954223478436697e-05 1.000000000000000000e+00
1.987153046908334944e-05 1.000000000000000000e+00
1.990357027952866691e-05 1.000000000000000000e+00
1.993566174927902920e-05 1.000000000000000000e+00
1.996780496162713997e-05 1.000000000000000000e+00
2.000000000000000164e-05 1.000000000000000000e+00
