# SAPPHIRES Laser collision LSW experiment
# SAPHHIRES 01: https://arxiv.org/pdf/2208.09880.pdf
# SAPPHIRES 02: https://arxiv.org/pdf/2409.01805
# Mass [eV] g_agamma [GeV^-1]
0.001	 1.0
0.0021222804278970926	 0.09018050561457135
0.002268103164239559	 0.07405605948580132
0.002423945439072271	 0.06088165892181454
0.002590495698889066	 0.049885981616369514
0.0027684896936175122	 0.04087620485218187
0.0029587137268567223	 0.033383262550734795
0.0031620081294403495	 0.02735399874762082
0.0033792709716694543	 0.022290671147476376
0.003611462030614375	 0.018284922920989103
0.003859607030011529	 0.015148325330758034
0.004124802171485167	 0.01263292100077218
0.004408218977111237	 0.010328563786092378
0.004711109464715695	 0.008463148874083724
0.005034811678769688	 0.006889002750587543
0.005380755601314689	 0.0056261922643565205
0.005750469469029734	 0.004589811353172972
0.0061455865243467914	 0.003740220084327918
0.0065678522304380635	 0.0030613378289111692
0.0070191319819478334	 0.002494672733050532
0.007501419345531907	 0.0020306634770927987
0.008016844866607682	 0.0016456995764822673
0.00856768548121966	 0.0013322484156820234
0.009156374574597875	 0.0010796868502288457
0.009785512730844027	 0.00087212066664532
0.010457879221232688	 0.0007083453816332958
0.011176444281878443	 0.0005874819136422703
0.011944382235006323	 0.0004803199844168189
0.012765085511789979	 0.0003867012616673826
0.013642179638704802	 0.0003133922039422624
0.014579539253599142	 0.00025398074231334415
0.015581305222236417	 0.00020515379459742295
0.01665190293092143	 0.00016589613375285998
0.017796061836020602	 0.00013400315724115702
0.019018836356737283	 0.00010788472612790462
0.020325628203438296	 0.00008752870589518122
0.021722210240168408	 0.00006954407035844087
0.023214751986768048	 0.00005562081798637396
0.02480984687325134	 0.00004438730199865599
0.026514541366843766	 0.00003553971641270477
0.02833636610034979	 0.00002836190085776477
0.03028336913936351	 0.000022733614385910417
0.03236415153528217	 0.000018162173082268722
0.034587905321181944	 0.000014557974845660594
0.036964454118405016	 0.000011592215661226043
0.03950429653324198	 0.000009322522499468323
0.04221865253541728	 0.000007497222989371229
0.045119513023258936	 0.0000059830386000797824
0.04821969279451125	 0.000004774668025853515
0.05153288715679262	 0.000003895143372815555
0.055073732427781255	 0.0000032198752699486615
0.05885787059239204	 0.0000026296458271021874
0.06290201840257469	 0.0000021570849500198992
0.06722404122498578	 0.0000017850927820204761
0.07184303196276479	 0.0000014837683983031294
0.07677939540005585	 0.0000012455837703759674
0.08205493834187645	 0.0000010560421804302604
0.08769296594753129	 9.012748586178656e-7
0.09371838468313488	 7.802729050286042e-7
0.10015781234804161	 6.792435430952782e-7
0.10703969566123736	 6.071208938267547e-7
0.11439443592713747	 5.456505059504711e-7
0.12225452333593359	 4.969232069476386e-7
0.13065468049176926	 4.545438377742645e-7
0.1396320158027955	 4.2926221300094513e-7
0.14922618741071733	 4.1258806224098286e-7
0.1594795783840047	 4.085217253764491e-7
0.17043748394870062	 4.1304236859767583e-7
0.18214831158393047	 4.3833243270483635e-7
0.1946637948660565	 4.936528086614552e-7
0.20803922200614686	 5.790599993214367e-7
0.2223336800903474	 7.184568476874723e-7
0.23617920286828953	 9.277759883245754e-7
0.24862373647949768	 0.0000012011597536554979
0.2609346212063063	 0.000001562964072035482
0.273029141012952	 0.0000020710152749710376
0.2861640597780274	 0.0000027766999991975
0.29640839600592034	 0.0000036274416764453278
0.3069108244083711	 0.00000484880148843018
0.31562860292928574	 0.00000636511395319593
0.324326720910391	 0.000008423930037565333
0.33505895791263973	 0.00001133847004651364
0.34348462919713474	 0.000015309708641494865
0.35188590049537255	 0.000020941215230192367
0.3594054051826969	 0.000027290235090405792
0.36819608184863867	 0.00003616109592089072
0.3743640797933864	 0.00004748242040990481
0.38363649268938127	 0.00006485009698824662
0.39053471852897115	 0.00008710829240602991
0.3973768955077322	 0.00011420722824665431
0.40433894757976285	 0.00015327713191921096
0.4117337759583722	 0.0002116773647369259
0.41926384603723515	 0.0003011084002961632
0.425643997145381	 0.0004075281475818654
0.4324476753317638	 0.0005394532348864506
0.4360547998204319	 0.0007083453816332958
0.4456175869456352	 0.0009811076004153363
0.4514680269928892	 0.0013889523937160955
0.45695588847524143	 0.001834878535452428
0.4625104581669216	 0.0024386865037085265
0.4677399254974831	 0.0033537257626789826
0.47469841690581893	 0.004757816517431957
0.4826343369393319	 0.007005980256118632
0.4861458514091635	 0.009659729799217929
0.494086182135777	 0.013659595541887712
0.5028461327656649	 0.02095840616444487
0.5069261071148699	 0.029993807892800206
0.5164199127045662	 0.043479371100364886
0.522021091799571	 0.06668364273195922
0.5274553703592859	 0.08679210011796971
0.5274553703592859	 1e0
