# SN1987A-gamma (with progenitor B-field)
# https://arxiv.org/pdf/2405.19393
# mass [eV]  photon coupling [GeV^-1]
1.0240470655986965e-12	2.7691344677092956e-12
3.573942613699591e-11	2.8055313296287848e-12
1.2007797747636711e-10	2.8055313296287848e-12
1.8199603208255105e-10	2.8055313296287848e-12
2.1493212949277347e-10	2.842406583469288e-12
2.508307663048929e-10	2.9176175010500363e-12
2.997644903980101e-10	3.0341817225615613e-12
3.582445288802908e-10	3.2388957931169516e-12
4.384285879761208e-10	3.4574217755864305e-12
5.116563026270116e-10	3.690691549787579e-12
6.042515181987121e-10	3.991482371169804e-12
7.221328989797353e-10	4.489251258218626e-12
8.229561156947969e-10	5.115459941252417e-12
9.050161864598768e-10	5.82901889544535e-12
9.952587776358838e-10	6.729415059127223e-12
1.1342154593864624e-9	8.402057189238748e-12
1.2925730847278102e-9	1.076802625663768e-11
1.421460441877172e-9	1.2760277331208356e-11
1.6199228223970851e-9	1.5521235056243794e-11
1.8460942515273328e-9	1.7456853751537097e-11
2.1544346900318956e-9	1.8634655187751106e-11
2.514275113403704e-9	1.912773366696051e-11
3.226799119945825e-9	1.9379144166965882e-11
4.608617784595029e-9	1.9379144166965882e-11
7.06853162451223e-9	1.9379144166965882e-11
0.0000024727992167218935	1.9379144166965882e-11
0.000004532593266012791	1.9379144166965882e-11
0.000005481584190724386	1.9379144166965882e-11
0.000006173133597317009	1.9379144166965882e-11
0.000007828973992515371	1.963385914833917e-11
0.000009695810243276879	1.963385914833917e-11
0.000012592245993406237	2.0153376859417434e-11
0.00001674720006318879	2.068664116254797e-11
0.00002001435456459546	2.1234015796616035e-11
0.000024494066213475142	2.2372599390967324e-11
0.00003181119467068056	2.451398910014605e-11
0.00003712439994500316	2.5828447283132942e-11
0.000043842858797612076	2.8300612910811367e-11
0.000053655983904492846	3.182991938931787e-11
0.00006488995942213918	3.626989629312025e-11
0.00008427457953937512	4.5285027038008055e-11
0.0000971887729646514	5.093242201875541e-11
0.00011208193077915358	5.803701988631653e-11
0.0001308022055735148	6.788253215826442e-11
0.000165887721277208	8.586920243127288e-11
0.00019590867329811784	1.0175633037273538e-10
0.0002341278324062393	1.2216773489967981e-10
0.00026366508987303664	1.3740300134442902e-10
0.00030047765239999514	1.5253336081784142e-10
0.000399623654262714	2.0329586460884133e-10
0.0005128735709986744	2.639672782853015e-10
0.0006504433745840618	3.339100492224793e-10
0.0011369138422623812	5.77849503956247e-10
0.006519908277149526	3.3245979322709586e-9
0.019451705618124947	9.956567464837939e-9
