# SN1987A heavy ALP decays bound
# https://arxiv.org/abs/2212.09764
# Mass [eV] g_agamma [GeV^{-1}]
1.000000e+1 1.630052e-8
2.993577e+1 6.286494e-9
8.576959e+1 2.545866e-9
1.115884e+2 2.043360e-9
1.655952e+2 1.524137e-9
3.197142e+2 1.031009e-9
5.411695e+2 7.323547e-10
9.570891e+2 5.462614e-10
1.329871e+3 4.954048e-10
2.017260e+3 4.074549e-10
1.022172e+4 1.819479e-10
4.957219e+4 8.124831e-11
1.930698e+5 4.099511e-11
3.197142e+6 1.043681e-11
1.068000e+7 5.529751e-12
1.692667e+7 4.548047e-12
2.802974e+7 3.650348e-12
4.251786e+7 3.152635e-12
6.592462e+7 3.076548e-12
1.022172e+8 3.392376e-12
1.389495e+8 4.124626e-12
1.888820e+8 6.097417e-12
2.202202e+8 9.465146e-12
2.300937e+8 1.786444e-11
2.107704e+8 2.911997e-11
1.888820e+8 4.746709e-11
1.584893e+8 7.017038e-11
1.329871e+8 1.201090e-10
1.068000e+8 2.158825e-10
5.067128e+7 1.136849e-9
1.620033e+7 1.308311e-8
2.154435e+6 9.180466e-7
3.127794e+5 5.842225e-5
8.576959e+4 9.939110e-4
