# MUSE Dwarfs ALP-decay search https://arxiv.org/pdf/2307.07403.pdf
# Updated from less-conservative MUSE-Faint observations of Leo T: https://arxiv.org/abs/2009.01310
# m_a [eV]  g_agamma [GeV^-1]
2.6583099623537736	1e0
2.6583099623537736	9.887572770121188e-12
2.6583099623537736	8.576795264238904e-12
2.6583099623537736	7.439785143929675e-12
2.6583099623537736	6.453506383511466e-12
2.6583099623537736	5.597976801252738e-12
2.6583099623537736	4.8558632168443955e-12
2.6583099623537736	4.212130278107942e-12
2.6583099623537736	3.6537358421070666e-12
2.6583099623537736	3.169366739030305e-12
2.6583099623537736	2.749209565374278e-12
2.6586807397862504	1.1601873670115412e-11
2.6609054043811113	3.678005594147138e-13
2.662017736678542	4.3022324755353566e-13
2.6622825777017396	2.3766903880363764e-12
2.663871623840926	7.627639722043296e-13
2.663871623840926	6.616457422496386e-13
2.663871623840926	5.739325717914267e-13
2.663871623840926	3.1453666006146194e-13
2.6651075486158486	1.178765543974392e-12
2.665354733570833	4.932557565378316e-13
2.66572551100331	1.0167861694026778e-12
2.6663434733907714	2.076052158281676e-12
2.6663434733907714	1.800833706455239e-12
2.6663434733907714	1.5621004633089383e-12
2.6672086207332173	1.36008613547054e-12
2.6672423277725335	8.748686698955412e-13
2.707437972156952	1.987768154503008e-12
2.709600840513067	1.7125277736645925e-12
2.7104505387958264	2.35729058178386e-12
2.7108367652879894	1.4882778729970772e-12
2.7370158991568077	9.283690906338237e-13
2.7387686652012433	1.073525825051013e-12
2.7419666205563558	1.2952986376337403e-12
2.7428472169584883	6.762034545986438e-13
2.743794759285929	5.864340149353038e-13
2.743794759285929	5.094228116180482e-13
2.7440165919378385	7.939825731330155e-13
2.7461842138507797	2.94673789853592e-12
2.7491504333105943	1.869367250099694e-12
2.7491504333105943	1.621548639948155e-12
2.7509067474644318	2.264814194133458e-12
2.751375097905455	1.4179440306680498e-12
2.7600265713299144	4.553579703845416e-13
2.7672530961903448	3.4507236353275044e-12
2.7724876011194293	3.8489950008733583e-13
2.7785036467150093	2.421373297118966e-13
2.7788126279087395	1.0133263137202396e-12
2.7788126279087395	2.817523025411833e-13
2.7796682681375326	2.092210657287801e-13
2.780295737638647	2.783784733679419e-12
2.7806665150711236	1.2011092330775159e-12
2.781379548595118	3.3124759935028886e-13
2.7825204022335077	7.597814152717629e-13
2.7825204022335077	6.590585774550759e-13
2.7825204022335077	5.716883827195784e-13
2.7840653082021616	8.840857518149943e-13
2.789729963420557	2.2499654022654548e-12
2.789935950883044	1.8781766479681165e-12
2.789935950883044	1.6291901919928591e-12
2.789935950883044	1.413211416805336e-12
2.793334744014082	1.8248800377849855e-13
2.7999184202189586	5.019905729338398e-13
2.8026483199965355	3.648116484592799e-12
2.8041490857946556	3.169366739030305e-12
2.8145817449241504	4.2200025028920985e-13
2.8177442583188057	2.9503747225201773e-13
2.8186712018999978	3.447764111745394e-13
2.8186712018999978	2.5361915499186117e-13
2.81959814548119	1.0558813722106534e-12
2.820525089062382	2.7774933602183237e-12
2.8208340702561125	2.1857974629693133e-13
2.821452032643574	7.455390478062714e-13
2.821452032643574	6.467042946933137e-13
2.8219398976863066	1.2927670533260087e-12
2.823305919805958	5.62606134496507e-13
2.824464599282448	8.824204045075692e-13
2.825159806968342	2.2792439367397315e-12
2.825623278758938	1.9370275261672977e-12
2.8288675812931103	4.6210684350021885e-12
2.8288675812931103	4.008461812672442e-12
2.8288675812931103	3.4770673340278487e-12
2.829238358725587	1.6944192315032951e-12
2.8351707976452163	1.4889194065006038e-12
2.8475300453944437	4.94852654683973e-13
2.8591477382787174	8.006566263496878e-13
2.8603836630536397	9.588663829085386e-13
2.8603836630536397	6.809311925913339e-13
2.8606926442473704	4.1698877845862367e-13
2.861266466464299	1.1736964111430083e-12
2.8628555126034856	6.102839819078717e-13
2.8718777634604216	1.4869956351271566e-12
2.8728730081475957	1.8266140429771174e-12
2.875956315217666	2.2431880400675055e-12
2.8779955910962887	1.3292291140302069e-12
2.8811471992723416	5.306360267298185e-13
2.90571963093376	1.1220985496391354e-12
2.9112331395076034	1.3455939051283392e-12
2.9119217261679173	9.24014669180982e-13
2.912292503600394	1.523617817896372e-12
2.9131753070110538	1.8762854316752087e-12
2.9160002779251624	7.431049222300633e-13
2.916741832790116	2.9773746281989075e-12
2.916741832790116	2.582669498844909e-12
2.916824227775111	2.2858018446639185e-12
2.9171589574016528	3.5739206698847823e-12
2.923078756181538	5.431936948972288e-13
2.924898936304606	6.310115455856516e-13
2.929286469255582	3.750030825511245e-13
2.9326852623866193	4.5411679125726816e-13
2.93299424358035	2.5225656706925317e-13
2.9337585654806313	3.057057199441074e-13
2.934291964594019	4.4721649566906256e-12
2.9367638141438643	5.537987284372071e-12
2.9449209176583544	2.0783158120056459e-13
2.9482797249878505	1.1533445161683875e-12
2.9493702468480762	9.633850431499897e-13
2.9493702468480762	1.4708674336030304e-13
2.9508533565779835	8.418817502067169e-13
2.9514889750336577	1.3431108980964965e-12
2.9530780211728445	1.5146900920904666e-12
2.9539608245835036	1.8647693062539826e-12
2.956215368678418	3.600230633471054e-12
2.956415018065136	2.3079086277526624e-12
2.9567857954976127	3.0374641528638356e-12
2.9567857954976127	2.6347930647147766e-12
2.9567857954976127	7.325962058337287e-13
2.964201344147149	5.460743187790014e-13
2.9646133190721233	1.786298468662123e-13
2.9667682648335267	6.42409384863477e-13
2.967445646681321	4.503109046507531e-12
2.9716168927966855	3.8245901553261003e-13
2.9716168927966855	3.3175712072613736e-13
2.9716168927966855	5.537987284372071e-12
2.9738415573915464	2.503612337781328e-13
2.9740160408891825	4.588226568260203e-13
2.9756617375146144	2.8913283207566036e-13
2.980886328608606	2.2190174308303907e-13
2.9864479900957583	1.6245463944010246e-12
2.9864479900957583	1.9456969773681327e-13
2.9873036303245506	1.986286030075524e-12
2.9887897423008747	1.1398513479166723e-12
2.9901557644205266	8.124271160915237e-13
2.9901557644205266	2.41474346389965e-12
2.990979714270475	2.9518220398799786e-12
2.9917006703891795	9.492414984363263e-13
2.9920096515829107	3.6616174872704134e-12
2.9938635387452948	1.4282400333806482e-12
2.9938635387452948	5.690069361018814e-13
2.9975713130700625	4.893387392341031e-13
2.9975713130700625	4.2446799420321915e-13
2.9975713130700625	3.7138436093156405e-13
2.9975713130700625	3.2634272084556137e-13
2.9988072378449853	1.2904233403794807e-12
2.9988072378449853	2.7143174204869515e-13
3.0064699714495062	6.822040291659582e-13
3.027604285100685	8.888612253813302e-13
3.0321772067678987	1.0732945240879356e-12
3.033413131542822	7.819017659781871e-13
3.0341855845271484	1.413419060789999e-12
3.0355759998989367	1.2683689022855388e-12
3.052902714531988	6.559673297635027e-13
3.0700788998655293	1.8427048394143126e-12
3.0717267995654263	9.094687241459165e-13
3.0717267995654263	7.889021125386388e-13
3.073678259736357	1.1047247494305712e-12
3.076575427528585	4.3783096708924803e-13
3.077190888044032	1.4385257615696473e-12
3.0808108466611084	5.399790859740165e-13
3.0891248175508768	3.9343682610414993e-13
3.0897359891428717	6.688129324914282e-13
3.0902656711892673	3.1044147267749654e-13
3.0917487809191746	2.3128871258322837e-12
3.1008593121171764	2.901372877650999e-12
3.10509676848834	1.867171364404772e-12
3.110534837498	2.568087717746983e-13
3.1125123171378766	1.0398704971005399e-12
3.1125123171378766	9.020167600591412e-13
3.1136531707762667	1.8754009904605238e-13
3.1137482419127993	2.1530748171433575e-13
3.113995426867784	7.861252829924944e-13
3.114475256486283	1.2492223355627288e-12
3.1150614119861544	1.5485550765769164e-12
3.1223997153372585	5.307122606763491e-13
3.1267254520494876	2.3744965374792595e-12
3.1273434144369494	3.6704481635784933e-13
3.1278377843469185	4.363385135309071e-13
3.1288701450412653	6.767436540806573e-13
3.1299918246689264	2.061616873887519e-12
3.134322754342395	3.0267391756594477e-13
3.1356859066676774	1.6393695957968325e-13
3.1500844302955273	1.6915008079829513e-12
3.1520619099354037	1.0477769350722367e-12
3.1520619099354037	9.08875055955332e-13
3.1530797303382814	1.284874037250848e-12
3.154357198803117	7.978272589272148e-13
3.15544444089835	2.359698081635153e-13
3.1610841607923397	1.9545214594199514e-13
3.161872062836353	5.455931561255784e-13
3.1668930072344765	1.9100859504153045e-12
3.1670695679166085	6.596121169310705e-13
3.1681289320093993	3.4568939849881317e-13
3.169797430455545	4.212787479141123e-13
3.173381612302821	2.9907003056593746e-13
3.178016330208781	2.585856994543619e-13
3.195010295863969	1.7687433259747177e-13
3.1951956845802068	1.6110999946975447e-12
3.198409088995006	1.1314795269373231e-12
3.198409088995006	9.814813477322568e-13
3.19876685669301	2.1621286088602404e-13
3.1993801727467313	8.432823677524309e-13
3.1993801727467313	7.314899608133625e-13
3.200439536839522	1.3209690072316443e-12
3.2036455071203367	5.377606441550544e-13
3.205618650182055	2.2435103081919644e-12
3.2076785248069264	1.9183355107872118e-12
3.208914449581849	3.5349611264587963e-13
3.210441180186166	4.23608016026806e-13
3.212004261519156	2.5471452273179066e-13
3.2123904880113194	2.9808083870214734e-13
3.2144761110690014	2.901372877650999e-12
3.216947960618847	6.385344890667045e-13
3.2181838853937696	1.8004679517084794e-13
3.221891659718538	2.1857974629693133e-13
3.236351979585134	1.0207376184658194e-12
3.236351979585134	8.854202922828017e-13
3.236351979585134	7.680417374687075e-13
3.2367227570176107	1.6856790321343643e-12
3.2390401159705906	1.169908872356773e-12
3.2428141005511586	1.380841871049613e-12
3.2443442931296342	5.175366702696666e-13
3.248958412289346	3.4544569908460575e-13
3.250790489014525	4.173721543114809e-13
3.2556324060739286	2.9074586573239816e-13
3.2564612026877002	6.60975150591472e-13
3.2615648449935577	2.334920413200184e-12
3.262677177290988	2.901372877650999e-12
3.266590939078243	1.7905154360479003e-12
3.2728735566841003	1.2419990460454032e-12
3.2756543874276765	1.073399654710684e-12
3.2756543874276765	9.311010183387435e-13
3.2761178592182727	1.4740750322443576e-12
3.27639594229263	8.140520570594458e-13
3.2812160489148288	2.4161612821550213e-13
3.283996879658405	5.248364744504539e-13
3.288631597564365	3.3946857938490785e-13
3.292046652863494	4.165043228762052e-13
3.29271014932161	7.061346591480831e-13
3.2941932590515175	6.026608425160845e-13
3.2951202026327095	2.9882846198834267e-13
3.2960471462139016	1.9059744833532737e-12
3.2979010333762857	1.642649661194364e-12
3.2979010333762857	1.4248865886994467e-12
3.315203980225204	2.5361915499186117e-13
3.3213836040998173	1.163623449238485e-12
3.3213836040998173	1.0093640088237443e-12
3.3213836040998173	8.755544613469963e-13
3.3260020598376867	5.085761559936197e-13
3.3321538057098588	3.913369569405597e-13
3.33697527049115	3.194387785942498e-13
3.3386865509487356	2.849159514507198e-13
3.339150022739332	6.891111485873688e-13
3.341467381692312	5.745512667683308e-13
3.34980987392304	1.3356893343617688e-12
3.3598208645999144	9.38462293299984e-13
3.360933196897345	8.195669548464297e-13
3.3620237187575706	1.1333455230388483e-12
3.3633167661061245	1.4812392219186927e-12
3.36698272342723	4.878979484069418e-13
3.3697391609186695	2.541320208704905e-13
3.374623440558027	4.013409001924496e-13
3.3748373506152256	5.924672324742277e-13
3.376011479151402	6.997727890457517e-13
3.3762939762428132	3.373746287126922e-13
3.377883022381999	1.7982485776812897e-12
3.3789423864747903	2.9210946660084876e-13
3.382120478753163	1.8382706416437875e-13
3.382609416026759	2.1448821038768183e-13
3.386269654783261	1.6078829281072603e-13
3.398010940145027	2.904953712741192e-13
3.399599986284213	8.653722330879265e-13
3.400863074241002	1.0604736275390055e-12
3.4072803759569474	2.901372877650999e-12
3.4072803759569474	2.51674316188354e-12
3.4072803759569474	2.183103106697421e-12
3.4072803759569474	1.8936931056982004e-12
3.4072803759569474	1.642649661194364e-12
3.407785981546688	1.3771371718802182e-12
3.408207319538139	5.08691526123056e-13
3.4132128148765766	4.2155117038185945e-13
3.414510535890245	2.508472407713205e-13
3.4146959246064834	3.127119913924713e-13
3.4165498117688675	1.617264895166656e-13
3.418572234127832	3.657528678706767e-13
3.4192463749141537	1.9687008133683644e-13
3.420721057884232	6.279595831933708e-13
3.421081535943584	7.358563433264341e-13
3.423965360418404	1.1145406273153092e-12
3.4462120063670127	9.390691556567866e-13
3.4514028904216882	5.420775604788766e-13
3.453627555016549	8.067179128187482e-13
3.45705011593172	4.4863022626277426e-13
3.4575670652366157	3.654305919196757e-13
3.4628969908284697	6.702556602753599e-13
3.490499310801744	5.57677554789428e-13
3.4931771478140767	3.3345114293307787e-13
3.501828621238536	4.477684442079562e-13
3.509985724753026	3.8037441954950853e-13
3.5107272796179796	7.350111540641934e-13
3.5112665922470367	8.904297033250806e-13
3.5178956433125315	6.588004180272565e-13
3.524075267187145	3.169861242038972e-13
3.533772523113462	5.605814866936386e-13
3.5379794209050255	4.595101599290951e-13
3.54215066702039	1.10378548302021e-12
3.5438500635859085	2.949103489017404e-13
3.5510184272804604	3.702656742503587e-13
3.554479016650244	7.024922561420718e-13
3.555385361485188	6.166732925139742e-13
3.5572271317380135	8.521238912735566e-13
3.5704224462467473	1.2044415051451576e-12
3.5743950615947133	5.343734323022166e-13
3.5813603805048135	3.1474005710808524e-13
3.5826581015184824	4.352116919572284e-13
3.583594802400529	2.410823774298859e-13
3.5882197630056347	9.469941700739466e-13
3.589167305333075	3.767579846077425e-13
3.5982307536825084	6.490649315289312e-13
3.599054703532457	7.799385642235742e-13
3.6087361142693517	1.9625399960814392e-13
3.6130618509815813	1.153636936061735e-12
3.6130618509815813	1.000701389502299e-12
3.6130618509815813	1.499132478739949e-13
3.614730349427727	5.248364744504539e-13
3.621360203041777	2.921994010695713e-13
3.623044320317496	4.3371378849463197e-13
3.624185173955886	2.370606330430149e-13
3.629437854249308	3.68991300776967e-13
3.6334546097678064	1.9425550415114608e-13
3.6390162712549587	6.787116562461794e-13
3.6397578261199124	5.922757640580117e-13
3.640870158417343	8.225156169899407e-13
3.642724045579727	4.281424216463018e-13
3.6622386472890334	4.982992755127224e-13
3.679801788827409	7.907587793177794e-13
3.679801788827409	6.859293287937003e-13
3.679801788827409	5.984335538222117e-13
3.682119147780389	9.466881287201444e-13
3.6992676040324417	4.4363869956777296e-13
3.7013742939896965	5.088908634484842e-13
3.719845751534905	7.369141967457231e-13
3.719845751534905	6.412922858119009e-13
3.7208190422951564	8.788623589398197e-13
3.723765398678232	5.742860301529582e-13
3.744811431988344	4.95065964686795e-13
3.74983752607303	4.272208435026198e-13
3.755953769189956	3.5619100282466457e-13
3.7613728239723088	7.491404481188708e-13
3.7613728239723088	6.49828263928622e-13
3.761784798897283	5.722859736975101e-13
3.7642566484471285	9.004278716968564e-13
3.777439846046304	2.911220124810712e-13
3.778675770821227	2.0401562059990451e-13
3.783619469920918	1.1466974162738755e-12
3.7873272442456862	4.089598255061576e-13
3.7894128673033682	4.892069521469655e-13
3.7898941649320643	2.4143597382230037e-13
3.7979208851735957	3.4621219060283253e-13
3.800304454382375	6.766407256803516e-13
3.800304454382375	5.86939697591253e-13
3.8011826114592937	8.312368434628734e-13
3.8158771065464014	1.0313500528086624e-12
3.8167577029485336	2.844558656026081e-13
3.8184725485737387	1.9812357669306465e-13
3.8206972131685997	2.3274621120011755e-13
3.8225511003309838	1.3414581060756983e-12
3.8250229498808292	1.6805014772002286e-13
3.82885431668309	4.0893579249487355e-13
3.8315888002476064	4.939737219962227e-13
3.8345170992881905	3.566260223308063e-13
3.8404720095673635	7.027950707753228e-13
3.842943859117209	8.446679809063605e-13
3.84500373374208	6.00931823736981e-13
3.870566777836732	4.970970012704884e-13
3.870958154015457	4.1571779157462147e-13
3.8794919203184954	7.314899608133625e-13
3.8818754895272747	6.386327772894292e-13
3.883729376689659	5.646100178131742e-13
3.886819188626966	8.907786296712601e-13
3.8904033704742416	1.6921293105094984e-13
3.8948526996639634	2.0122137920707754e-13
3.8965211981101096	3.5438012095037477e-13
3.9015941075271785	2.930674625742815e-13
3.9044929129083608	2.4260737227310365e-13
3.9101781668730053	4.764368352794785e-13
3.9133915712878045	4.013409001924496e-13
3.921734063518533	1.5392313725776496e-13
3.9272957250056852	9.574586527556202e-13
3.9302825432117485	7.771425378976466e-13
3.9302825432117485	6.741181676883318e-13
3.9302825432117485	5.847515505158528e-13
3.9356382172364137	1.920703094479988e-13
3.9360501921613875	1.3060115559059668e-13
3.9365651608176058	1.6714728570361428e-13
3.937492104398798	1.1525744666292091e-13
3.9377238402940957	3.6513542176125957e-13
3.941705484313307	2.8051318559414043e-13
3.9474356809970392	2.300459354179185e-13
3.9497277596705325	5.08253258813747e-13
3.9510872769229475	4.327802179632344e-13
3.9764237348088636	3.084411054118005e-13
3.976953416855259	3.639151117009299e-13
3.978895584358709	2.2869796809300904e-13
3.9832688566392043	2.692137817836706e-13
3.9968164935950887	5.62606134496507e-13
4.002378155082241	4.889554571665132e-13
4.003119709947194	4.2897354157593445e-13
4.012759923191592	2.977197572781992e-13
4.014737402831468	3.5648632857213326e-13
4.042578234603412	5.447584600072226e-13
4.044276004952121	4.4796145820352336e-13
4.044399597429614	3.9961498417450993e-13
4.062938469053455	8.882230082170843e-13
4.064792356215839	7.726897298330622e-13
4.066999364742486	6.806517667691467e-13
4.08188931560227	5.772399945324442e-13
4.082218895542249	4.920879739941877e-13
4.103106024238443	4.2264262302886975e-13
4.110315585425493	3.6034791971120173e-13
4.123251598069684	5.43832517496448e-13
4.130031528263546	4.678330507202116e-13
4.135858030773896	3.25289607194473e-13
4.1372484461456835	3.9618538647458474e-13
4.152172237802875	5.431298539241004e-13
4.1531609776228136	4.872343995870889e-13
4.1531609776228136	1.0
4.271191793627935	1.0
4.271191793627935	5.473594947602853e-13
4.271191793627935	4.747970438895383e-13
4.273045680790318	3.9618538647458474e-13
4.279070814068067	3.3462079823292643e-13
4.295292326738927	2.845069495414295e-13
4.307342593294424	2.4674606980976224e-13
4.326665801794658	3.3015129421300455e-13
4.339538433681161	2.7980521793246754e-13
4.36808179111464	2.4832519627870094e-13
4.378717249046211	3.39562641761899e-13
4.381034607999192	2.886235291309907e-13
4.392621402764092	4.1788828453430625e-13
4.407938041939028	2.414302568356084e-13
4.422497507419436	2.094292466957633e-13
4.42432287324086	3.125772525889089e-13
4.436187751080118	4.686979329546668e-13
4.43824762570499	4.074405192246819e-13
4.439895525404887	1.225384371660669e-12
4.439895525404887	1.0629373982956606e-12
4.439895525404887	9.220257241932735e-13
4.439895525404887	7.997944539699595e-13
4.439895525404887	6.937671605212408e-13
4.439895525404887	6.017957121715443e-13
4.439895525404887	5.22016751147404e-13
4.440637080269841	1.4850743493793794e-12
4.441749412567271	1.8453538776848843e-12
4.447311074054423	1.5584214519055954e-13
4.448546998829347	1.2726737409247596e-13
4.451018848379191	1.1600493854836288e-13
4.451575014527906	2.3843531418466067e-13
4.456580509866344	1.886859900125864e-13
4.459108537815049	3.168929948144005e-13
4.465231983290803	2.824707300990094e-13
4.488096591626873	2.309495533351758e-13
4.506388278295729	2.91373047292708e-13
4.509931262650508	3.412042059122181e-13
4.525637806665151	4.006928098784227e-13
4.538151545011244	2.4535431224178235e-13
4.540005432173627	5.915105089642123e-13
4.545139273546384	2.9618405112809106e-13
4.551128755147932	4.897606965336674e-13
4.5585443037974684	3.3597549961013144e-13
4.563179021703429	4.158671181428265e-13
4.564105965284622	1.990221431023803e-13
4.567195777221928	3.6346728867029286e-13
4.575758970305321	2.364290273514026e-13
4.590169437744021	2.80295084274561e-13
4.613419363804038	3.449621943032241e-13
4.623165513457714	2.3501406045534296e-13
4.6316404262000415	2.8412768779275964e-13
4.648272442456859	1.7934980338056905e-13
4.654946436241442	3.4564425601054864e-13
4.659890135341133	2.422939092906692e-13
4.672496568045345	2.904953712741192e-13
4.697817576871573	2.3092637178618505e-13
4.698765587352339	3.43663811683304e-13
4.710563051112964	1.9001202920140636e-13
4.714005984414535	2.8942426573154376e-13
4.721315596654792	4.0342184170961934e-13
4.738228751843927	2.353899974689308e-13
4.74022524571111	4.3709134827666283e-13
4.742388114067225	3.374265600542507e-13
4.753573233280275	2.855305570291628e-13
4.781010763283559	3.860721872055434e-13
4.781937706864752	4.5159591500887957e-13
4.7824938730134665	3.388108719170431e-13
4.783559858131838	2.491503318931812e-13
4.796768804163825	2.9096522556586453e-13
4.799178857474924	2.1535388167889318e-13
4.808819070719322	1.8777338777971567e-13
4.814380732206473	3.727587855894765e-13
4.825504055180778	3.332715592058734e-13
4.833228585024045	2.6939233580865684e-13
4.842807002029696	2.262471754040469e-13
4.86258179842846	2.0533874570216217e-13
4.865148719114838	3.399246630980539e-13
4.876300563430102	2.382042225189328e-13
4.8764241559075945	2.7980521793246754e-13
4.90564902327769	3.453769944194186e-13
4.914490638975215	2.911790468490319e-13
4.91734277307119	2.49615368738568e-13
4.9315464008691485	2.2387088113894733e-13
4.946933664316936	3.447764111745394e-13
4.952627746315688	1.9637486331331567e-13
4.958365968484971	2.8955793764522104e-13
4.969312730777144	2.4363268028892127e-13
4.99420778695773	2.7143174204869515e-13
4.998945498594935	3.2470601320923847e-13
5.008870349060222	2.366276027199462e-13
5.031020689182215	3.9618538647458474e-13
5.035611266917641	2.7784255941741564e-13
5.039071856287426	3.259210668718429e-13
5.046858182369439	2.3529637475040875e-13
5.0498244018292535	5.333873599181343e-13
5.0498244018292535	4.626771695046322e-13
5.074599075726567	3.8156101861231676e-13
5.074936146119729	3.202629529521814e-13
5.082885389558436	2.841495545292938e-13
5.094847375772867	2.4714516291531817e-13
5.1017332423760084	4.3371378849463197e-13
5.114710452512696	3.509604077136142e-13
5.117491283256273	3.032067035114467e-13
5.130126987863049	2.484942317865542e-13
5.13448524891146	1.6130883924795954e-13
5.141591816367265	2.0112384362091108e-13
5.166207318134477	2.727019612669271e-13
5.166619293059451	3.078977912467668e-13
5.166904506469049	3.6935845771470924e-13
5.168208339198637	2.3752325783281737e-13
5.170327067384219	4.5203402668940007e-13
5.204837889945523	2.850576659826877e-13
5.206477867050709	2.0823502865264994e-13
5.210865400001685	3.415965565989713e-13
5.221772436140379	2.585856994543619e-13
5.228909901715557	4.2925093992886274e-13
5.24842206409965	3.597175766167422e-13
5.252361574319716	3.0665630321467994e-13
5.266199517781796	2.745832230294421e-13
5.269819011765499	4.290659877694763e-13
5.272290861315344	5.197718838238719e-13
5.272290861315344	3.3924920182266445e-13
5.272290861315344	1e0
