# VIMOS/VLT Galaxy clusters (ALP DM decay)
# https://arxiv.org/abs/astro-ph/0611502
# m_a [eV]  g_ap [GeV^-1]
4.476799999999999891e+00 3.314699572271108119e-01
4.476799999999999891e+00 2.082758329240828001e-11
4.487400000000000055e+00 2.957789907360154544e-12
4.515799999999999592e+00 3.303819950013795825e-12
4.520800000000000374e+00 4.311566976932638682e-12
4.549999999999999822e+00 3.562946719222400307e-12
4.554199999999999804e+00 6.551912558097816233e-12
4.582799999999999763e+00 6.733936987973827229e-12
4.605599999999999916e+00 7.056805337955422535e-12
4.611699999999999910e+00 6.014980562917614941e-12
4.617300000000000182e+00 6.511019890788037880e-12
4.634900000000000020e+00 5.506923086348466330e-12
4.652000000000000135e+00 5.644709289386677888e-12
4.651600000000000179e+00 6.630818122182313793e-12
4.669100000000000250e+00 5.968913232126287096e-12
4.674299999999999677e+00 7.280928188800288664e-12
4.691600000000000215e+00 7.121915704650885549e-12
4.703700000000000436e+00 5.478408135846332683e-12
4.716099999999999959e+00 3.798321338038090561e-12
4.727699999999999569e+00 3.559537644590329523e-12
4.738500000000000156e+00 4.675344124568337036e-12
4.755099999999999660e+00 6.085211480885620402e-12
4.762500000000000178e+00 3.021677534912213413e-12
4.778200000000000003e+00 5.512662002470425793e-12
4.789399999999999658e+00 6.326014821893767951e-12
4.811899999999999622e+00 7.353298617018554660e-12
4.829399999999999693e+00 6.618381832310586873e-12
4.841099999999999959e+00 5.948955485168547366e-12
4.852400000000000269e+00 6.447250004704809472e-12
4.869799999999999685e+00 5.986337165294888288e-12
4.881099999999999994e+00 6.255720872924786834e-12
4.898399999999999643e+00 6.118127589054572187e-12
4.915600000000000414e+00 6.014726518155273668e-12
4.932900000000000063e+00 5.882197601375068564e-12
4.950199999999999712e+00 5.752569649280325194e-12
4.967399999999999594e+00 5.567230459854034369e-12
4.985400000000000276e+00 4.177388297127204219e-12
5.014199999999999768e+00 3.887375114334610209e-12
5.019199999999999662e+00 5.125886485472554544e-12
5.043099999999999916e+00 3.525075532263100568e-12
5.054499999999999993e+00 3.702694238422634216e-12
5.060100000000000264e+00 3.844218125387855699e-12
5.059999999999999609e+00 3.986596247190611360e-12
5.065599999999999881e+00 4.160806430773356638e-12
5.082699999999999996e+00 4.444658016689691441e-12
5.082600000000000229e+00 4.633266698047517531e-12
5.093899999999999650e+00 4.815933873027211674e-12
5.110999999999999766e+00 5.144144284188915139e-12
5.121800000000000352e+00 6.790786452379724262e-12
5.127699999999999925e+00 6.128018555398898751e-12
5.161699999999999733e+00 7.325285423797927609e-12
5.197799999999999976e+00 3.754732112738384833e-12
5.208999999999999631e+00 4.110774656641587952e-12
5.226600000000000357e+00 3.548338187177013000e-12
5.237400000000000055e+00 4.611516447719944187e-12
5.254900000000000126e+00 4.021666902793306933e-12
5.265900000000000247e+00 4.885236887417839431e-12
5.283199999999999896e+00 4.702563658118630486e-12
5.294599999999999973e+00 4.887948996653539672e-12
5.334800000000000431e+00 4.776116901262042019e-12
5.369200000000000195e+00 4.660907792264745428e-12
5.392199999999999882e+00 4.561739096984553258e-12
5.420399999999999885e+00 5.647248205875474357e-12
5.437899999999999956e+00 4.848417670042744479e-12
5.450099999999999945e+00 3.613642380262088965e-12
5.449900000000000411e+00 4.030224135043940144e-12
5.472999999999999865e+00 3.783758386701177690e-12
5.489399999999999835e+00 5.051760977870014642e-12
5.501299999999999635e+00 4.243190233178155735e-12
5.518600000000000172e+00 4.126569277758548631e-12
5.553099999999999703e+00 4.005372460803391711e-12
5.576100000000000279e+00 3.919694670899883106e-12
5.599099999999999966e+00 3.835761884290940378e-12
5.627799999999999692e+00 3.738118839516946602e-12
5.645100000000000229e+00 3.635078985898187077e-12
5.685200000000000031e+00 3.586994487524682144e-12
5.713899999999999757e+00 3.606115090849667868e-12
5.753999999999999559e+00 3.632810653721978450e-12
5.782600000000000406e+00 3.651873167238471097e-12
5.811300000000000132e+00 3.614171504656642536e-12
5.828599999999999781e+00 3.477889933265027721e-12
5.834500000000000242e+00 3.305228513526056554e-12
5.846000000000000085e+00 3.193788767980545691e-12
5.868999999999999773e+00 3.141027094158843443e-12
5.886099999999999888e+00 3.318790170282926158e-12
5.920499999999999652e+00 3.339235134764227187e-12
5.954900000000000304e+00 3.290594580499877276e-12
5.977899999999999991e+00 3.252886491319417902e-12
6.017999999999999794e+00 3.208458756915627283e-12
6.052500000000000213e+00 3.177934232372774280e-12
6.109799999999999898e+00 3.209628339163957183e-12
6.161400000000000432e+00 3.188117527782435385e-12
6.190100000000000158e+00 3.154219118609111472e-12
6.224499999999999922e+00 3.123599036940331121e-12
6.253099999999999881e+00 3.171518534027316220e-12
6.293300000000000338e+00 3.094986979849516980e-12
6.304899999999999949e+00 2.974668545666493927e-12
6.339299999999999713e+00 2.915039113070466603e-12
6.373800000000000132e+00 2.886400187625758117e-12
6.391000000000000014e+00 2.820314771300997798e-12
6.425399999999999778e+00 2.836317036083660886e-12
6.471300000000000274e+00 2.813457145841102669e-12
6.499900000000000233e+00 2.811894577885210281e-12
6.540099999999999802e+00 2.757608303144869430e-12
6.574499999999999567e+00 2.729975956241104511e-12
6.580300000000000260e+00 2.662428498355494602e-12
6.614799999999999791e+00 2.594920136202170272e-12
6.672100000000000364e+00 2.591495926475467347e-12
6.723799999999999777e+00 2.532415861060297659e-12
6.769700000000000273e+00 2.472285263181170160e-12
6.809899999999999842e+00 2.436592276191268442e-12
6.878700000000000259e+00 2.424364523941067622e-12
6.907399999999999984e+00 2.348043187261595462e-12
6.936200000000000365e+00 2.250544330131720976e-12
6.993500000000000050e+00 2.246616394993755829e-12
7.027999999999999581e+00 2.166318515219464056e-12
7.079699999999999882e+00 2.105050790554632450e-12
7.125399999999999956e+00 2.197913280066391733e-12
7.182800000000000296e+00 2.159637656371718673e-12
7.222900000000000098e+00 2.161038398897321931e-12
7.262999999999999901e+00 2.196408177847564902e-12
7.303200000000000358e+00 2.175003963262151804e-12
7.337699999999999889e+00 2.096744161561376378e-12
7.354899999999999771e+00 2.037388949735746354e-12
7.395100000000000229e+00 2.027925964215931165e-12
7.435200000000000031e+00 2.071523618923810025e-12
7.463799999999999990e+00 2.112583810846696632e-12
7.503899999999999793e+00 2.124500236639064340e-12
7.521099999999999675e+00 2.096679872886581643e-12
7.549800000000000288e+00 2.040417013157739647e-12
7.589999999999999858e+00 1.999212357508908982e-12
7.613000000000000433e+00 1.964275659259629918e-12
7.636099999999999888e+00 1.870759368958480853e-12
7.636099999999999888e+00 5.869233133458244822e-01
