# UF haloscope
# m_a [eV]  g_ap [GeV^-1]
0.0000056175315674728806	1.849335501313511e-14
0.000006215214655757994	1.849335501313511e-14
0.000006215214655757994	3.219981697389367e-14
0.000006876488855144371	3.219981697389367e-14
0.000006876488855144371	3.811990700249672e-14
0.000007027100424321334	3.811990700249672e-14
0.000006976533562713679	9.644799276436753e-9
0.00000771880907557978	9.644799276436753e-9
0.000007608120007748604	3.7211795729301836e-14
0.000008060632700330725	3.7211795729301836e-14