# Axion EDM coupling from Beam EDM (accounts for stochastic effect)
# https://arxiv.org/abs/2204.01454
# mass [eV]   g_{a\gamma n} [GeV^-2]
9.724203096307340893e-20 3.700000000000000164e-03
9.724203096307340893e-20 8.197603470091364976e-16
1.592366063944043159e-19 6.713006431699359476e-16
2.508386143615754873e-19 6.340875438315329787e-16
3.951201656540564979e-19 6.140282567183053623e-16
6.224371409927632108e-19 5.673019995200422373e-16
9.805488065003762170e-19 5.183667907161745378e-16
1.544412295566854054e-18 5.334495586561476415e-16
2.432203119446649052e-18 5.980996946651517695e-16
3.830103315953012278e-18 6.970511594781749648e-16
6.030772666498420795e-18 8.729228907473847337e-16
9.494304530128880321e-18 1.217635616472651851e-15
1.494589254810070872e-17 1.780213056724401850e-15
2.352755771896220116e-17 2.617147329098915373e-15
3.703223758725838710e-17 4.157249274700320803e-15
5.828280439152819678e-17 7.037230729378485714e-15
9.174383748469786066e-17 1.063569150366232816e-14
1.568159248607655042e-16 1.861453931460850398e-14
2.468357696332004912e-16 2.892171124123929981e-14
3.885412597461676532e-16 4.419682053438986587e-14
6.115564407316915359e-16 7.059443602969162805e-14
9.626191017027016502e-16 1.096837187094162686e-13
2.384868265021488526e-15 2.752304026964584042e-13
3.753816684251268973e-15 4.335827292687403873e-13
5.908485401277736084e-15 6.887313781435661481e-13
9.299722897267969430e-15 1.109255626763123924e-12
1.463720954840082466e-14 1.801423138341553891e-12
2.303534320004936172e-14 3.160978474974050091e-12
3.478281707565917807e-14 5.789823149485868336e-12
5.585678033818311170e-14 1.357081641220412508e-11
7.764841671365207757e-14 2.631586056655300126e-11
1.079417141774530105e-13 5.103042413391370689e-11
1.469785532311933184e-13 1.024509182525699379e-10
2.001426920989159767e-13 1.993068716160237533e-10
2.781925428609745134e-13 4.170183748477007694e-10
3.788204688190496523e-13 8.086235944153033864e-10
5.158354658654747518e-13 1.591995700731382921e-09
7.024048532149245800e-13 3.141093312045337258e-09
9.369808762822093275e-13 5.876036430493104208e-09
1.249854306106904249e-12 1.123369901113688171e-08
1.667201354943645917e-12 2.147638037401125772e-08
2.178605223833654953e-12 3.922529485551701779e-08
3.311230639693395998e-12 8.970410868559266473e-08
3.311230639693395998e-12 3.700000000000000164e-03
