# Axion EDM coupling from nEDM (accounts for stochastic effect)
# https://arxiv.org/abs/1708.06367
# mass [eV]   g_{a\gamma n} [GeV^-2]
1.022930000139830321e-24 1.599339868767232009e-24
1.745067290321748662e-24 1.584218170367245617e-24
4.514470523741008232e-24 1.731199429317508280e-24
1.269086898833364058e-23 3.221601886444581171e-24
2.784401502676916730e-23 6.551319072635953988e-24
5.607222753142543077e-23 1.235441363077955910e-23
1.089974133751146235e-22 2.268706382942824106e-23
2.597953271806915160e-22 5.759243606881213004e-23
5.940881971915483875e-22 1.279836346589652317e-22
1.705907621943700885e-21 4.633082525720893153e-22
4.896609279441022195e-21 1.076279533726867045e-21
1.092327931098133295e-20 3.262694854702887160e-21
1.705449956538657207e-20 4.216548168493088662e-21
2.662690256508514292e-20 5.386887028011861025e-21
4.157816983712975931e-20 8.156407271034507866e-21
6.492669337819526122e-20 1.279682741749917405e-20
1.013860654356105974e-19 1.991930052849789463e-20
1.583126642414499711e-19 2.957031986978013848e-20
2.471859147225257981e-19 4.056220663904219394e-20
3.859806268839549556e-19 6.093277676161680325e-20
6.027227140323843441e-19 9.410032037803425054e-20
9.411796804199843967e-19 1.464747863110829405e-19
1.469705972239458702e-18 2.298086031204612627e-19
2.295061040504576240e-18 3.662966697943638493e-19
3.583929754049529221e-18 5.861590531713571073e-19
5.596983968100214184e-18 1.015112957587431251e-18
8.742135896584412160e-18 2.116687655127233667e-18
1.285123212233428392e-17 4.852648647191962504e-18
1.525716449922473961e-17 1.578605066794506300e-17
1.591100733791094070e-17 8.923551490201724155e-17
1.591100733791094070e-17 1.920000000000000049e-03
