# ONIX 
# https://arxiv.org/abs/2410.02218
# mass [eV]     g_EDM [GeV^-2]
1.278009525822704357e-21 3.700000000000000164e-03
1.278009525822704357e-21 2.008609912549836403e-17
4.885628658858641114e-21 4.091980001028352305e-17
6.887604194117735341e-21 4.260162977507858033e-17
9.095086172226591194e-21 4.147290016588204155e-17
1.143506496752551318e-20 4.147290016588204155e-17
1.391444566028726978e-20 4.617550317003570083e-17
1.652113091965056161e-20 5.572425740341696764e-17
2.548296747979367252e-20 5.801455976800857764e-17
3.476907860230082373e-20 5.959348844463205303e-17
4.196326949929683635e-20 6.373138073945353622e-17
4.822126913284183158e-20 7.191698328500669758e-17
5.867673082090152533e-20 8.563143283435116256e-17
7.498942093324619544e-20 9.662985882882053385e-17
9.741736169915950537e-20 1.061518754679089429e-16
1.265530823190749883e-19 1.166122025006376545e-16
1.490374648533604502e-19 1.315897713302560226e-16
1.726696103977836684e-19 1.504981530279108379e-16
2.033474058420802380e-19 1.721235156490075838e-16
2.474377221979429378e-19 1.968562672917287792e-16
2.962039932231184885e-19 2.251429145280552010e-16
3.663704640226757242e-19 2.609745909362896312e-16
4.385765980973195578e-19 2.944939380947347694e-16
5.697466997066992859e-19 3.413628858300745118e-16
6.989727218467571441e-19 3.601968549652288749e-16
8.164541825307241025e-19 4.175224749050469096e-16
9.459153491635711359e-19 4.905132052683409685e-16
1.199044295565857260e-18 6.162771536944279512e-16
1.423669204590844943e-18 7.240139158042928882e-16
1.760915987070616269e-18 8.975142945016803918e-16
2.287573200318414200e-18 1.127630304087264354e-15
2.760902921884705699e-18 1.342667534645583169e-15
3.471226515389202378e-18 1.686917533966542966e-15
4.328761281083096900e-18 2.063276392891267250e-15
5.181895330174093680e-18 2.456739782262318378e-15
6.786973232587521521e-18 3.213492082880002680e-15
8.326347754054334768e-18 3.878018596372327782e-15
1.099494805286934193e-17 5.210624422578125476e-15
1.359949329582700821e-17 6.288143206302847046e-15
1.654817099943181349e-17 7.691056125415544996e-15
2.013618871450648054e-17 9.281509930895565816e-15
2.658985132959027530e-17 1.247092068345568821e-14
3.454238120877621750e-17 1.653284128942993245e-14
4.001959850430574535e-17 1.916405631315552637e-14
4.949966647809337614e-17 2.407757824063099148e-14
6.172810639897776493e-17 2.984745206719243763e-14
7.572885032304827564e-17 3.700000000000000011e-14
9.214857770625362552e-17 4.971433190540600997e-14
1.187336622888466268e-16 6.861566842496290308e-14
1.492813939741725041e-16 8.975142945016804234e-14
1.892294104722228398e-16 1.205927662883856239e-13
2.398676006057424546e-16 1.709719071371027316e-13
2.756391545051618843e-16 2.177113267121204804e-13
3.065530785103722188e-16 2.456739782262318584e-13
3.065530785103722188e-16 3.700000000000000164e-03
