# Eot Wash equivalence princple (B coupling)
# https://arxiv.org/pdf/0712.0607.pdf
# lambda [m] alpha
0.5685844523194554	0.00002713352054593111
0.6803442598715198	0.00001818093262096806
0.8143364535690819	0.000012824396748343109
0.9748903939585036	0.000009301849278588891
1.6593975597450368	0.0000047002911173495125
2.196773332838292	0.000003324704189836095
3.0147919356806354	0.000002449709386899804
4.429146311287221	0.0000017738798847247842
6.657553588950241	0.0000013092237099675416
10.238142401579315	9.777108536417971e-7
15.7422689322785	7.143116708191057e-7
23.66599773687125	5.393780883857664e-7
36.39314452061655	4.010872957763805e-7
57.2543093470729	2.9981190647706686e-7
92.14197427919298	2.2258753239531176e-7
151.69526962915785	1.6439852256428208e-7
249.83769512059553	1.2922256345240937e-7
411.5338808039824	1.0387580583051206e-7
677.9983600327969	8.58202036884405e-8
1117.066725121574	7.161295830987754e-8
1840.2702057509318	5.8724799916891636e-8
3032.666289332339	5.06788833770543e-8
4998.933387020647	4.5513505179141126e-8
8242.721470125423	4.3015907571855666e-8
