# Irvine https://journals.aps.org/prd/abstract/10.1103/PhysRevD.32.3084
# Updated to 2 sigma limit by https://doi.org/10.1103/PhysRevLett.126.211101
# lambda [m]  alpha
0.0023499567473320225	0.10277304587202235
0.002390364565017867	0.09250052563477397
0.002426497804420195	0.082198810658151
0.002453676826375572	0.07247681284392422
0.002490200971050364	0.062290721677680086
0.0025272687949619236	0.05286253617840142
0.0025503534964348676	0.04685882545687992
0.0026119590476402577	0.0416106741188468
0.002675052723509396	0.03696669227741927
0.0027490281270878885	0.03221389414014994
0.0028236734482685885	0.027627800575018364
0.002873626328455196	0.02418800590710541
0.0029330226854596916	0.021270548757626965
0.0030024090054269017	0.01852582658624768
0.00306596033988992	0.01617414851559132
0.003129332140567848	0.014286469879054195
0.003194013803303981	0.012630292494206007
0.0032616207945987585	0.011279805222427651
0.003348553201061126	0.010034249684672298
0.003462451369412827	0.008946602505595345
0.0035988744977722108	0.00785774273271582
0.003723704834110228	0.0069975027642606
0.0038310313341725663	0.006192892294573698
0.003937869005305402	0.005566978380673427
0.004068904247718074	0.004952253160345578
0.0041909409684304936	0.004402285060364763
0.00435606712232642	0.0038364544352723945
0.004476528981099189	0.003385443537238668
0.004663496513798503	0.002978387436218791
0.004841735468198031	0.0026537343699855062
0.005049017305238034	0.0022781648107120266
0.0053086504951534086	0.0019441565483196298
0.005511547250995095	0.0017340813222493996
0.005800779468746951	0.0015476200177522435
0.006167962703385757	0.0013726644671042164
0.00653606358109004	0.0012199179974708848
0.006926132531994941	0.001084969919990163
0.007389703887955907	0.0009583434989902227
0.007911232162345745	0.0008489001773614052
0.008440736991177585	0.0007521331102310989
0.008944475882662433	0.0006710598578493447
0.009543136505186177	0.0005975366339722135
0.010286554671761755	0.0005474658159612457
0.011087885723696803	0.0005086734629511046
0.011951641122294588	0.00047561000145492923
0.012882683775396845	0.0004479326001520414
0.013886255415357542	0.0004230914819022909
0.01496800610978333	0.0004048792537555261
0.01613402607118491	0.00039463558813315584
0.017390879944626268	0.00038632858891976974
0.01874564376641002	0.00037966218180816933
0.02020594480187463	0.000373833120500685
0.02178000448658871	0.000371850120094028
0.023476684712699737	0.0003689845181961433
0.025346659986644746	0.0003835515287849207
0.02710302528497582	0.0003828204287449371
0.02940174965274408	0.0003893288880733165
0.03169217008307939	0.00040253689066455523
0.03416101614487055	0.0004194252069176753
0.03682218734125622	0.0004378681060406239
0.03969066595807814	0.0004597819672311785
0.04278260141354216	0.0004867773067869162
0.04611540117878756	0.000524660305645837
0.049707828781243066	0.0005698832257684676
0.05358010944252484	0.0006175094499951649
0.05775404394561341	0.0006678230381614847
0.062253131372377105	0.0007289016385643313
0.06710270140244956	0.0008017449584046787
0.07233005691829779	0.0008716936380424987
0.07796462771934275	0.0009546436988146143
0.08403813621053567	0.0010525883360342164
0.09036041763569318	0.001170035126993905
0.09363552719589363	0.0012544218241548736
0.10098226712756218	0.0012956121809364885
0.10752787155066941	0.0012711483183307517
0.11658386793001103	0.0012569660389832758
0.12566584693153926	0.0012569660389832758
0.1354553195515988	0.0012581821418104493
0.14600740012377064	0.001264280327250018
0.15738149643345797	0.0012846148253254307
0.16964164418130787	0.0013097016775746504
0.18285686750160704	0.0013333429801853428
0.19710156756535682	0.0013489055799548587
0.21245594145584656	0.0013659701101710693
0.22900643367497786	0.0014129937500554424
0.24684622282230315	0.0014901800313385837
0.2660757461867584	0.0015693047129526042
0.286803265204525	0.0016454547413462662
0.30914547496652167	0.0017488164172612865
0.3332281612070309	0.001904152903855776
0.3591869084722781	0.002058304492153649
0.3871678634559246	0.002206722160844733
0.4173285577990233	0.0023704218206200022
0.44983879498676305	0.0025872188445238524
0.48488160633520067	0.002855422526955118
0.5171391401289731	0.003270377486910893
0.52525292891472	0.0030041315631258833
0.5633694789596178	0.003434671191724831
0.6072564237733262	0.003816472979669686
0.6501135395122698	0.004309617851341506
0.6959952957450064	0.004820427988910633
0.7451151564426639	0.0054202454736032805
0.7895832500851159	0.006092162651929189
0.8395630387229877	0.006886737495413181
0.8988151913755886	0.007667830362333553
0.9589735806497661	0.008573918349286936
1.0196755989170125	0.009678155376585543
1.0916391936162997	0.010945168466134162
1.1726733833619647	0.012244450051364581
1.2511613112081663	0.013699438939345387
1.3349024961888718	0.015596870008771004
1.4049548411788357	0.01682938731790603
1.4736499389425461	0.01893856079611218
1.6865292008217123	0.023877586697256994
2.237140455783522	0.03963566274552117
2.7881372758543375	0.06500449798461676
2.954531890698334	0.07273425368512061
3.141550649524631	0.08224740109415025
3.3290367947971524	0.09240218281148276
3.515703731573163	0.10345858640407211
3.70019907216156	0.1165884872684822
3.8943762668815043	0.1323993422056682
4.140886185467159	0.1482613270921107
4.402999922430068	0.16542867462621172
4.6130379230899194	0.18230267801126013
4.860640073247023	0.1949400873925147
