# Union of all tests 
#  m [eV] 	 g_s_nucleon [dimensionless]
1.972999999999994990e-37 1.000000000000000000e+00
2.151557418716332553e-37 9.084742876942766640e-25
2.346274366970793877e-37 9.084742876942766640e-25
2.558613289711095394e-37 9.084742876942766640e-25
2.790168983833817672e-37 9.084742876942766640e-25
3.042680576097251147e-37 9.084742876942766640e-25
3.318044585041180872e-37 9.084742876942766640e-25
3.618329165016181522e-37 9.084742876942766640e-25
3.945789639304743056e-37 9.084742876942766640e-25
4.302885438996615468e-37 9.084742876942766640e-25
4.692298574840180418e-37 9.084742876942766640e-25
5.116953780805621354e-37 9.084742876942766640e-25
5.580040480649330541e-37 9.084742876942766640e-25
6.085036742462517628e-37 9.084742876942766640e-25
6.635735401118464181e-37 9.084742876942766640e-25
7.236272544812502245e-37 9.084742876942766640e-25
7.891158579647717830e-37 9.084742876942766640e-25
8.605312105579386029e-37 9.084742876942766640e-25
9.384096858149437724e-37 9.084742876942766640e-25
1.023336199346397969e-36 9.084742876942766640e-25
1.115948601897984885e-36 9.084742876942766640e-25
1.216942470004933909e-36 9.084742876942766640e-25
1.327076330202809590e-36 9.084742876942766640e-25
1.447177356031782881e-36 9.084742876942766640e-25
1.578147580622644694e-36 9.084742876942766640e-25
1.720970671524526568e-36 9.084742876942766640e-25
1.876719318657827655e-36 9.084742876942766640e-25
2.046563290880142313e-36 9.084742876942766640e-25
2.231778221675465443e-36 9.084742876942766640e-25
2.433755189952094227e-36 9.084742876942766640e-25
2.654011167907156102e-36 9.084742876942766640e-25
2.894200414428106592e-36 9.084742876942766640e-25
3.156126899602025023e-36 9.084742876942766640e-25
3.441757853648723486e-36 9.084742876942766640e-25
3.753238542039094088e-36 9.084742876942766640e-25
4.092908377768020731e-36 9.084742876942766640e-25
4.463318491795834430e-36 9.084742876942766640e-25
4.867250893622475842e-36 9.084742876942766640e-25
5.307739365903275910e-36 9.084742876942766640e-25
5.788092250036559878e-36 9.084742876942766640e-25
6.311917293857426751e-36 9.084742876942766640e-25
6.883148748060262698e-36 9.084742876942766640e-25
7.506076914859164522e-36 9.084742876942766640e-25
8.185380370816495202e-36 9.084742876942766640e-25
8.926161105851656588e-36 9.084742876942766640e-25
9.733982842347879265e-36 9.084742876942766640e-25
1.061491282215482502e-35 9.084742876942766640e-25
1.157556737533420900e-35 9.084742876942766640e-25
1.262316161289970990e-35 9.084742876942766640e-25
1.376556361677146849e-35 9.084742876942766640e-25
1.501135353394645870e-35 9.084742876942766640e-25
1.636988801872084071e-35 9.084742876942766640e-25
1.785137050696153041e-35 9.084742876942766640e-25
1.946692785023168662e-35 9.084742876942766640e-25
2.122869388534296974e-35 9.084742876942766640e-25
2.314990056698825842e-35 9.084742876942766640e-25
2.524497734792192809e-35 9.084742876942766640e-25
2.752965955309038426e-35 9.084742876942766640e-25
3.002110656167598735e-35 9.084742876942766640e-25
3.273803068466739219e-35 9.084742876942766640e-25
3.570083770590939851e-35 9.084742876942766640e-25
3.893178014218821229e-35 9.084742876942766640e-25
4.245512437342040577e-35 9.084742876942766640e-25
4.629733289820526724e-35 9.084742876942766640e-25
5.048726308358516258e-35 9.084742876942766640e-25
5.505638390175932285e-35 9.084742876942766640e-25
6.003901228156461561e-35 9.084742876942766640e-25
6.547257084987414531e-35 9.084742876942766640e-25
7.139786899872162479e-35 9.084742876942766640e-25
7.785940938912279925e-35 9.084742876942766640e-25
8.490572219363388361e-35 9.084742876942766640e-25
9.258972958802910079e-35 9.084742876942766640e-25
1.009691432296318544e-34 9.084742876942766640e-25
1.101068977076282348e-34 9.084742876942766640e-25
1.200716232208253845e-34 9.084742876942766640e-25
1.309381610329851869e-34 9.084742876942766640e-25
1.427881255770899233e-34 9.084742876942766640e-25
1.557105174303030462e-34 9.084742876942766640e-25
1.698023917634709725e-34 9.084742876942766640e-25
1.851695872855955058e-34 9.084742876942766640e-25
2.019275211581173593e-34 9.084742876942766640e-25
2.202020558493399396e-34 9.084742876942766640e-25
2.401304444395523607e-34 9.084742876942766640e-25
2.618623614767251492e-34 9.084742876942766640e-25
2.855610271251025874e-34 9.084742876942766640e-25
3.114044330498083899e-34 9.084742876942766640e-25
3.395866792445420226e-34 9.084742876942766640e-25
3.703194318427977114e-34 9.084742876942766640e-25
4.038335128617287085e-34 9.084742876942766640e-25
4.403806338185160467e-34 9.084742876942766640e-25
4.802352862398614729e-34 9.084742876942766640e-25
5.236968032634253386e-34 9.084742876942766640e-25
5.710916078152322969e-34 9.084742876942766640e-25
6.227756642481118482e-34 9.084742876942766640e-25
6.791371518545464924e-34 9.084742876942766640e-25
7.405993803337728515e-34 9.084742876942766640e-25
8.076239691099229825e-34 9.084742876942766640e-25
8.807143143799236561e-34 9.084742876942766640e-25
9.604193699309670549e-34 9.084742876942766640e-25
1.047337770123607207e-33 9.084742876942766640e-25
1.142122326006727654e-33 9.084742876942766640e-25
1.245484928333165222e-33 9.084742876942766640e-25
1.358201894300359090e-33 9.084742876942766640e-25
1.481119798173628482e-33 9.084742876942766640e-25
1.615161829583434286e-33 9.084742876942766640e-25
1.761334727251744227e-33 9.084742876942766640e-25
1.920736340223654666e-33 9.084742876942766640e-25
2.094563873393954469e-33 9.084742876942766640e-25
2.284122879257978603e-33 9.084742876942766640e-25
2.490837063419779972e-33 9.084742876942766640e-25
2.716258977503564697e-33 9.084742876942766640e-25
2.962081679778332351e-33 9.084742876942766640e-25
3.230151451074923058e-33 9.084742876942766640e-25
3.522481661499092484e-33 9.084742876942766640e-25
3.841267892088507626e-33 9.084742876942766640e-25
4.188904424987277179e-33 9.084742876942766640e-25
4.568002225988379603e-33 9.084742876942766640e-25
4.981408554504918678e-33 9.084742876942766640e-25
5.432228348252452068e-33 9.084742876942766640e-25
5.923847543255932433e-33 9.084742876942766640e-25
6.459958504326839067e-33 9.084742876942766640e-25
7.044587757011713394e-33 9.084742876942766640e-25
7.682126229293887553e-33 9.084742876942766640e-25
8.377362230183934027e-33 9.084742876942766640e-25
9.135517412887121268e-33 9.084742876942766640e-25
9.962285992655639080e-33 9.084742876942766640e-25
1.086387751387342800e-32 9.084742876942766640e-25
1.184706348758244882e-32 9.084742876942766640e-25
1.291922824972705088e-32 9.084742876942766640e-25
1.408842442209333717e-32 9.084742876942766640e-25
1.536343339248839655e-32 9.084742876942766640e-25
1.675383126840482926e-32 9.084742876942766640e-25
1.827006079952278806e-32 9.084742876942766640e-25
1.992350980923051574e-32 9.084742876942766640e-25
2.172659672423618759e-32 9.084742876942766640e-25
2.369286384464696307e-32 9.084742876942766640e-25
2.583707905503633667e-32 9.084742876942766640e-25
2.817534674040770270e-32 9.084742876942766640e-25
3.072522874010612425e-32 9.084742876942766640e-25
3.350587624811572057e-32 9.084742876942766640e-25
3.653817365039306604e-32 9.084742876942766640e-25
3.984489537954841432e-32 9.084742876942766640e-25
4.345087696494867629e-32 9.084742876942766640e-25
4.738320156293305905e-32 9.084742876942766640e-25
5.167140336809986744e-32 9.084742876942766640e-25
5.634768943341087830e-32 9.084742876942766640e-25
6.144718156511929265e-32 9.084742876942766640e-25
6.700818010929717054e-32 9.084742876942766640e-25
7.307245161117023950e-32 9.084742876942766640e-25
7.968554250775734536e-32 9.084742876942766640e-25
8.689712120983346186e-32 9.084742876942766640e-25
9.476135114247925839e-32 9.084742876942766640e-25
1.033372975459630845e-31 9.084742876942766640e-25
1.126893710923042738e-31 9.084742876942766640e-25
1.228878116493298191e-31 9.084742876942766640e-25
1.340092158256115531e-31 9.084742876942766640e-25
1.461371122584671994e-31 9.084742876942766640e-25
1.593625889657830758e-31 9.084742876942766640e-25
1.737849774734784589e-31 9.084742876942766640e-25
1.895125988568258196e-31 9.084742876942766640e-25
2.066635772988428525e-31 9.084742876942766640e-25
2.253667272761208165e-31 9.084742876942766640e-25
2.457625210353570727e-31 9.084742876942766640e-25
2.680041436269928658e-31 9.084742876942766640e-25
2.922586434198581702e-31 9.084742876942766640e-25
3.187081867379466527e-31 9.084742876942766640e-25
3.475514260424058539e-31 9.084742876942766640e-25
3.790049919346108363e-31 9.084742876942766640e-25
4.133051201862330925e-31 9.084742876942766640e-25
4.507094260162923264e-31 9.084742876942766640e-25
4.914988389410725620e-31 9.084742876942766640e-25
5.359797127289102674e-31 9.084742876942766640e-25
5.844861263068112699e-31 9.084742876942766640e-25
6.373823929002557649e-31 9.084742876942766640e-25
6.950657962512561262e-31 9.084742876942766640e-25
7.579695744654682996e-31 9.084742876942766640e-25
8.265661738988634092e-31 9.084742876942766640e-25
9.013707975226015492e-31 9.084742876942766640e-25
9.829452744166322821e-31 9.084742876942766640e-25
1.071902279454277439e-30 9.084742876942766640e-25
1.168909934870149001e-30 9.084742876942766640e-25
1.274696828272235825e-30 9.084742876942766640e-25
1.390057484786272076e-30 9.084742876942766640e-25
1.515858334431881205e-30 9.084742876942766640e-25
1.653044219548876033e-30 9.084742876942766640e-25
1.802645491148780294e-30 9.084742876942766640e-25
1.965785747489481404e-30 9.084742876942766640e-25
2.143690272994358901e-30 9.084742876942766640e-25
2.337695240897651034e-30 9.084742876942766640e-25
2.549257748733511214e-30 9.084742876942766640e-25
2.779966762041430224e-30 9.084742876942766640e-25
3.031555048482070524e-30 9.084742876942766640e-25
3.305912191996232440e-30 9.084742876942766640e-25
3.605098784751314133e-30 9.084742876942766640e-25
3.931361903465285280e-30 9.084742876942766640e-25
4.287151986345423142e-30 9.084742876942766640e-25
4.675141237397899291e-30 9.084742876942766640e-25
5.098243696335595466e-30 9.084742876942766640e-25
5.559637124822476319e-30 9.084742876942766640e-25
6.062786873432626087e-30 9.084742876942766640e-25
6.611471908580895486e-30 9.084742876942766640e-25
7.209813194902183198e-30 9.084742876942766640e-25
7.862304646249738933e-30 9.084742876942766640e-25
8.573846877773288477e-30 9.084742876942766640e-25
9.349784012575358637e-30 9.084742876942766640e-25
1.019594381938769652e-29 9.084742876942766640e-25
1.111868148272619028e-29 9.084742876942766640e-25
1.212492733426432175e-29 9.084742876942766640e-25
1.322223890391947875e-29 9.084742876942766640e-25
1.441885768158526820e-29 9.084742876942766640e-25
1.572377101582873709e-29 9.084742876942766640e-25
1.714677961444679464e-29 9.084742876942766640e-25
1.869857115385558664e-29 9.084742876942766640e-25
2.039080055016403198e-29 9.084742876942766640e-25
2.223617749481549330e-29 9.084742876942766640e-25
2.424856191224711129e-29 9.084742876942766640e-25
2.644306805651175985e-29 9.084742876942766640e-25
2.883617802869226373e-29 9.084742876942766640e-25
3.144586556769280415e-29 9.084742876942766640e-25
3.429173104415920375e-29 9.084742876942766640e-25
3.739514867140734903e-29 9.084742876942766640e-25
4.077942703901041484e-29 9.084742876942766640e-25
4.446998417475139085e-29 9.084742876942766640e-25
4.849453844976446135e-29 9.084742876942766640e-25
5.288331676067728543e-29 9.084742876942766640e-25
5.766928155233719086e-29 9.084742876942766640e-25
6.288837838619986914e-29 9.084742876942766640e-25
6.857980591377072367e-29 9.084742876942766640e-25
7.478631028276797332e-29 9.084742876942766640e-25
8.155450618718266213e-29 9.084742876942766640e-25
8.893522697251990774e-29 9.084742876942766640e-25
9.698390642572132109e-29 9.084742876942766640e-25
1.057609951172589183e-28 9.084742876942766640e-25
1.153324144223835076e-28 9.084742876942766640e-25
1.257700516314994758e-28 9.084742876942766640e-25
1.371522998682663939e-28 9.084742876942766640e-25
1.495646468705404890e-28 9.084742876942766640e-25
1.631003170562612110e-28 9.084742876942766640e-25
1.778609716965983628e-28 9.084742876942766640e-25
1.939574724551002727e-28 9.084742876942766640e-25
2.115107140274932583e-28 9.084742876942766640e-25
2.306525321357560506e-28 9.084742876942766640e-25
2.515266936960944921e-28 9.084742876942766640e-25
2.742899765975816514e-28 9.084742876942766640e-25
2.991133472012480206e-28 9.084742876942766640e-25
3.261832444034064884e-28 9.084742876942766640e-25
3.557029799073054620e-28 9.084742876942766640e-25
3.878942652200090541e-28 9.084742876942766640e-25
4.229988768432033725e-28 9.084742876942766640e-25
4.612804721645579293e-28 9.084742876942766640e-25
5.030265696881084315e-28 9.084742876942766640e-25
5.485507084763759247e-28 9.084742876942766640e-25
5.981948030230359118e-28 9.084742876942766640e-25
6.523317112426615735e-28 9.084742876942766640e-25
7.113680348647215488e-28 9.084742876942766640e-25
7.757471732644978583e-28 9.084742876942766640e-25
8.459526536672370595e-28 9.084742876942766640e-25
9.225117627372183704e-28 9.084742876942766640e-25
1.005999506827351599e-27 9.084742876942766640e-25
1.097042930633231642e-27 9.084742876942766640e-25
1.196325826687410853e-27 9.084742876942766640e-25
1.304593871065015713e-27 9.084742876942766640e-25
1.422660223873188238e-27 9.084742876942766640e-25
1.551411636587432619e-27 9.084742876942766640e-25
1.691815112104714150e-27 9.084742876942766640e-25
1.844925167534369315e-27 9.084742876942766640e-25
2.011891754275243286e-27 9.084742876942766640e-25
2.193968894863235293e-27 9.084742876942766640e-25
2.392524101457637010e-27 9.084742876942766640e-25
2.609048646704926601e-27 9.084742876942766640e-25
2.845168764120553655e-27 9.084742876942766640e-25
3.102657862110300317e-27 9.084742876942766640e-25
3.383449843366441535e-27 9.084742876942766640e-25
3.689653629675469126e-27 9.084742876942766640e-25
4.023569001227564143e-27 9.084742876942766640e-25
4.387703869390939211e-27 9.084742876942766640e-25
4.784793112680415015e-27 9.084742876942766640e-25
5.217819117389999984e-27 9.084742876942766640e-25
5.690034177161926434e-27 9.084742876942766640e-25
6.204984919727449702e-27 9.084742876942766640e-25
6.766538944279120670e-27 9.084742876942766640e-25
7.378913869537191487e-27 9.084742876942766640e-25
8.046709010679992524e-27 9.084742876942766640e-25
8.774939923051264388e-27 9.084742876942766640e-25
9.569076072088837055e-27 9.084742876942766640e-25
1.043508191239934188e-26 9.084742876942766640e-25
1.137946168450860403e-26 9.084742876942766640e-25
1.240930826573897837e-26 9.084742876942766640e-25
1.353235644211297205e-26 9.084742876942766640e-25
1.475704100138975905e-26 9.084742876942766640e-25
1.609256008354869520e-26 9.084742876942766640e-25
1.754894426451996540e-26 9.084742876942766640e-25
1.913713189202608183e-26 9.084742876942766640e-25
2.086905123935212950e-26 9.084742876942766640e-25
2.275771009406985685e-26 9.084742876942766640e-25
2.481729345458291594e-26 9.084742876942766640e-25
2.706327006825559456e-26 9.084742876942766640e-25
2.951250861129225570e-26 9.084742876942766640e-25
3.218340438294788955e-26 9.084742876942766640e-25
3.509601746562567048e-26 9.084742876942766640e-25
3.827222338852766514e-26 9.084742876942766640e-25
4.173587742643537080e-26 9.084742876942766640e-25
4.551299376760403773e-26 9.084742876942766640e-25
4.963194089644142624e-26 9.084742876942766640e-25
5.412365465840356714e-26 9.084742876942766640e-25
5.902187060736454434e-26 9.084742876942766640e-25
6.436337738053267248e-26 9.084742876942766640e-25
7.018829300391563370e-26 9.084742876942766640e-25
7.654036620355395921e-26 9.084742876942766640e-25
8.346730498556604639e-26 9.084742876942766640e-25
9.102113495284025492e-26 9.084742876942766640e-25
9.925859004955277724e-26 9.084742876942766640e-25
1.082415386682407336e-25 9.084742876942766640e-25
1.180374483197793978e-25 9.084742876942766640e-25
1.287198923561934961e-25 9.084742876942766640e-25
1.403691025521230947e-25 9.084742876942766640e-25
1.530725716951722807e-25 9.084742876942766640e-25
1.669257107109676278e-25 9.084742876942766640e-25
1.820325652583287661e-25 9.084742876942766640e-25
1.985065971766463255e-25 9.084742876942766640e-25
2.164715366546118221e-25 9.084742876942766640e-25
2.360623115206079877e-25 9.084742876942766640e-25
2.574260606343109729e-25 9.084742876942766640e-25
2.807232389907114203e-25 9.084742876942766640e-25
3.061288228365685107e-25 9.084742876942766640e-25
3.338336238504429117e-25 9.084742876942766640e-25
3.640457222566547995e-25 9.084742876942766640e-25
3.969920296367255726e-25 9.084742876942766640e-25
4.329199931759555656e-25 9.084742876942766640e-25
4.720994541451361098e-25 9.084742876942766640e-25
5.148246745757228873e-25 9.084742876942766640e-25
5.614165473500406902e-25 9.084742876942766640e-25
6.122250063056777482e-25 9.084742876942766640e-25
6.676316544554676872e-25 9.084742876942766640e-25
7.280526300626132565e-25 9.084742876942766640e-25
7.939417320968931062e-25 9.084742876942766640e-25
8.657938285461579704e-25 9.084742876942766640e-25
9.441485731816130937e-25 9.084742876942766640e-25
1.029594458692023211e-24 9.084742876942766640e-25
1.122773236628512409e-24 9.084742876942766640e-25
1.224384737356426813e-24 9.084742876942766640e-25
1.335192126215051656e-24 9.084742876942766640e-25
1.456027635362219546e-24 9.084742876942766640e-25
1.587798814353568536e-24 9.084742876942766640e-25
1.731495346402155941e-24 9.084742876942766640e-25
1.888196481512622986e-24 9.084742876942766640e-25
2.059079142317572573e-24 9.084742876942766640e-25
2.245426763495918641e-24 9.084742876942766640e-25
2.448638931162665582e-24 9.084742876942766640e-25
2.670241894627814500e-24 9.084742876942766640e-25
2.911900029474731174e-24 9.084742876942766640e-25
3.175428338052069103e-24 9.084742876942766640e-25
3.462806081266131311e-24 9.084742876942766640e-25
3.776191644056865761e-24 9.084742876942766640e-25
4.117938746206416904e-24 9.084742876942766640e-25
4.490614120233119815e-24 9.084742876942766640e-25
4.897016789143390794e-24 9.084742876942766640e-25
5.340199088829155656e-24 9.084742876942766640e-25
5.823489593001919448e-24 9.084742876942766640e-25
6.350518112843723900e-24 9.084742876942766640e-25
6.925242959139073901e-24 9.084742876942766640e-25
7.551980671641603738e-24 9.084742876942766640e-25
8.235438438962502624e-24 9.084742876942766640e-25
8.980749452474137019e-24 9.084742876942766640e-25
9.793511459758529198e-24 9.084742876942766640e-25
1.067982880716021696e-23 9.084742876942766640e-25
1.164635828721035222e-23 9.084742876942766640e-25
1.270035913526403326e-23 9.084742876942766640e-25
1.384974755085624617e-23 9.084742876942766640e-25
1.510315615326580449e-23 9.084742876942766640e-25
1.646999881783596037e-23 9.084742876942766640e-25
1.796054138001245301e-23 9.084742876942766640e-25
1.958597873812868057e-23 9.084742876942766640e-25
2.135851893403001786e-23 9.084742876942766640e-25
2.329147484303397593e-23 9.084742876942766640e-25
2.539936416187284179e-23 9.084742876942766640e-25
2.769801844559320318e-23 9.084742876942766640e-25
3.020470201234568276e-23 9.084742876942766640e-25
3.293824160911261674e-23 9.084742876942766640e-25
3.591916781224430180e-23 9.084742876942766640e-25
3.916986922481060574e-23 9.084742876942766640e-25
4.271476062888531808e-23 9.084742876942766640e-25
4.658046635568753771e-23 9.084742876942766640e-25
5.079602025080907413e-23 9.084742876942766640e-25
5.539308373638849854e-23 9.084742876942766640e-25
6.040618360800962012e-23 9.084742876942766640e-25
6.587297135233367626e-23 9.084742876942766640e-25
7.183450593309798628e-23 9.084742876942766640e-25
7.833556216937712177e-23 9.084742876942766640e-25
8.542496702221978241e-23 9.084742876942766640e-25
9.315596631538545115e-23 9.084742876942766640e-25
1.015866246444797260e-22 9.084742876942766640e-25
1.107802614780456893e-22 9.084742876942766640e-25
1.208059267260136526e-22 9.084742876942766640e-25
1.317389193473172984e-22 9.084742876942766640e-25
1.436613528917377000e-22 9.084742876942766640e-25
1.566627722235398447e-22 9.084742876942766640e-25
1.708408260589077488e-22 9.084742876942766640e-25
1.863020003683089063e-22 9.084742876942766640e-25
2.031624181521197569e-22 9.084742876942766640e-25
2.215487115963224200e-22 9.084742876942766640e-25
2.415989731587013265e-22 9.084742876942766640e-25
2.634637927287671308e-22 9.084742876942766640e-25
2.873073886511518347e-22 9.084742876942766640e-25
3.133088411071484712e-22 9.084742876942766640e-25
3.416634371178482966e-22 9.084742876942766640e-25
3.725841372706688454e-22 9.084742876942766640e-25
4.063031751853694885e-22 9.084742876942766640e-25
4.430738017324342391e-22 9.084742876942766640e-25
4.831721871040438823e-22 9.084742876942766640e-25
5.268994950233675660e-22 9.084742876942766640e-25
5.745841446707694300e-22 9.084742876942766640e-25
6.265842773153501067e-22 9.084742876942766640e-25
6.832904461778291338e-22 9.084742876942766640e-25
7.451285497272706583e-22 9.084742876942766640e-25
8.125630304425079120e-22 9.084742876942766640e-25
8.861003630629608505e-22 9.084742876942766640e-25
9.662928585278023711e-22 9.084742876942766640e-25
1.053742812173404489e-21 9.084742876942766640e-25
1.149107027344512786e-21 9.084742876942766640e-25
1.253101748394406783e-21 9.084742876942766640e-25
1.366508040123883449e-21 9.084742876942766640e-25
1.490177654061879848e-21 9.084742876942766640e-25
1.625039425647311928e-21 9.084742876942766640e-25
1.772106250358849970e-21 9.084742876942766640e-25
1.932482691187636822e-21 9.084742876942766640e-25
2.107373274589816525e-21 9.084742876942766640e-25
2.298091537226691479e-21 9.084742876942766640e-25
2.506069891439108957e-21 9.084742876942766640e-25
2.732870383551701495e-21 9.084742876942766640e-25
2.980196425808833135e-21 9.084742876942766640e-25
3.249905590056240139e-21 9.084742876942766640e-25
3.544023559256564299e-21 9.084742876942766640e-25
3.864759341623925885e-21 9.084742876942766640e-25
4.214521861644346344e-21 9.084742876942766640e-25
4.595938052591528718e-21 9.084742876942766640e-25
5.011872586423772736e-21 9.084742876942766640e-25
5.465449389245367212e-21 9.084742876942766640e-25
5.960075103927849072e-21 9.084742876942766640e-25
6.499464676108776967e-21 9.084742876942766640e-25
7.087669255735742986e-21 9.084742876942766640e-25
7.729106623713161810e-21 9.084742876942766640e-25
8.428594372174172040e-21 9.084742876942766640e-25
9.191386087583509830e-21 9.084742876942766640e-25
1.002321080842698377e-20 9.084742876942766640e-25
1.093031605384137688e-20 9.084742876942766640e-25
1.191951474635423073e-20 9.084742876942766640e-25
1.299823638115419917e-20 9.084742876942766640e-25
1.417458282620433445e-20 9.084742876942766640e-25
1.545738917229049023e-20 9.084742876942766640e-25
1.685629009002912728e-20 9.084742876942766640e-25
1.838179219221346262e-20 9.084742876942766640e-25
2.004535294498678708e-20 9.084742876942766640e-25
2.185946672051397292e-20 9.084742876942766640e-25
2.383775863745805389e-20 9.084742876942766640e-25
2.599508689406627768e-20 9.084742876942766640e-25
2.834765436244531408e-20 9.084742876942766640e-25
3.091313028217221784e-20 9.084742876942766640e-25
3.371078296723408941e-20 9.084742876942766640e-25
3.676162452300500743e-20 9.084742876942766640e-25
4.008856866018070748e-20 9.084742876942766640e-25
4.371660279094363233e-20 9.084742876942766640e-25
4.767297569991391331e-20 9.084742876942766640e-25
5.198740219940918625e-20 9.084742876942766640e-25
5.669228630609676304e-20 9.084742876942766640e-25
6.182296461524284836e-20 9.084742876942766640e-25
6.741797170043816591e-20 9.084742876942766640e-25
7.351932953212664114e-20 9.084742876942766640e-25
8.017286308864650055e-20 9.084742876942766640e-25
8.742854453021117092e-20 9.084742876942766640e-25
9.534086852080542809e-20 9.084742876942766640e-25
1.039692615168776342e-19 9.084742876942766640e-25
1.133785280968561256e-19 9.084742876942766640e-25
1.236393376836956924e-19 9.084742876942766640e-25
1.348287553160313945e-19 9.084742876942766640e-25
1.470308204543840105e-19 9.084742876942766640e-25
1.603371781695805435e-19 9.084742876942766640e-25
1.748477674540315802e-19 9.084742876942766640e-25
1.906715718255011510e-19 9.084742876942766640e-25
2.079274378608525692e-19 9.084742876942766640e-25
2.267449678075019987e-19 9.084742876942766640e-25
2.472654929766001609e-19 9.084742876942766640e-25
2.696431352287666911e-19 9.084742876942766640e-25
2.940459645247797471e-19 9.084742876942766640e-25
3.206572612351196364e-19 9.084742876942766640e-25
3.496768926891485885e-19 9.084742876942766640e-25
3.813228143025953936e-19 9.084742876942766640e-25
4.158327065578011063e-19 9.084742876942766640e-25
4.534657601314436408e-19 9.084742876942766640e-25
4.945046225771165770e-19 9.084742876942766640e-25
5.392575211836425549e-19 9.084742876942766640e-25
5.880605779529897895e-19 9.084742876942766640e-25
6.412803340848368265e-19 9.084742876942766640e-25
6.993165029280962027e-19 9.084742876942766640e-25
7.626049720758798709e-19 9.084742876942766640e-25
8.316210771514640875e-19 9.084742876942766640e-25
9.068831718733424205e-19 9.084742876942766640e-25
9.889565212129296035e-19 9.084742876942766640e-25
1.078457546884742680e-18 9.084742876942766640e-25
1.176058457055494774e-18 9.084742876942766640e-25
1.282492295044024559e-18 9.084742876942766640e-25
1.398558444930823003e-18 9.084742876942766640e-25
1.525128635427938213e-18 9.084742876942766640e-25
1.663153487101739699e-18 9.084742876942766640e-25
1.813669652122501460e-18 9.084742876942766640e-25
1.977807600164662976e-18 9.084742876942766640e-25
2.156800108934534982e-18 9.084742876942766640e-25
2.351991523094953588e-18 9.084742876942766640e-25
2.564847851126673872e-18 9.084742876942766640e-25
2.796967775960594809e-18 9.084742876942766640e-25
3.050094662077345945e-18 9.084742876942766640e-25
3.326129649254746822e-18 9.084742876942766640e-25
3.627145931305869520e-18 9.084742876942766640e-25
3.955404327049158190e-18 9.084742876942766640e-25
4.313370260458854992e-18 9.084742876942766640e-25
4.703732277526988427e-18 9.084742876942766640e-25
5.129422238909625007e-18 9.084742876942766640e-25
5.593637340017568041e-18 9.084742876942766640e-25
6.099864123934932408e-18 9.084742876942766640e-25
6.651904667518418224e-18 9.084742876942766640e-25
7.253905137350840413e-18 9.084742876942766640e-25
7.910386930021163770e-18 9.084742876942766640e-25
8.626280630615272650e-18 9.084742876942766640e-25
9.406963044465023587e-18 9.084742876942766640e-25
1.025829758028847029e-17 9.084742876942766640e-25
1.118667828802316283e-17 9.084742876942766640e-25
1.219907788210299976e-17 9.084742876942766640e-25
1.330310011086534038e-17 9.084742876942766640e-25
1.450703686541241666e-17 9.084742876942766640e-25
1.581993045685225267e-17 9.084742876942766640e-25
1.725164152965904275e-17 9.084742876942766640e-25
1.881292312122290465e-17 9.084742876942766640e-25
2.051550142382544011e-17 9.084742876942766640e-25
2.237216385560952006e-17 9.084742876942766640e-25
2.439685510201428314e-17 9.084742876942766640e-25
2.660478184900496758e-17 9.084742876942766640e-25
2.901252699470674891e-17 9.084742876942766640e-25
3.163817419724776266e-17 9.084742876942766640e-25
3.450144369423631492e-17 9.084742876942766640e-25
3.762384041396795550e-17 9.084742876942766640e-25
4.102881549076177877e-17 9.084742876942766640e-25
4.474194239751258017e-17 9.084742876942766640e-25
4.879110901832135863e-17 9.084742876942766640e-25
5.320672710378456800e-17 9.084742876942766640e-25
5.802196068209036525e-17 9.084742876942766640e-25
6.327297514141926451e-17 9.084742876942766640e-25
6.899920885442223935e-17 9.084742876942766640e-25
7.524366938484106040e-17 9.084742876942766640e-25
8.205325650096005112e-17 9.084742876942766640e-25
8.947911442193443891e-17 9.084742876942766640e-25
9.757701594256598569e-17 9.084742876942766640e-25
1.064077813215561356e-16 9.084742876942766640e-25
1.160377350793419996e-16 9.084742876942766640e-25
1.265392041363402665e-16 9.084742876942766640e-25
1.379910610329479109e-16 9.084742876942766640e-25
1.504793163111913553e-16 9.084742876942766640e-25
1.640977645072002957e-16 9.084742876942766640e-25
1.789486886063032356e-16 9.084742876942766640e-25
1.951436282516226910e-16 9.084742876942766640e-25
2.128042174759277435e-16 9.085018577225702319e-25
2.320630982485864524e-16 9.086571947427074850e-25
2.530649166989582603e-16 9.089427398202076384e-25
2.759674094984694507e-16 9.096816824250643777e-25
3.009425885607508809e-16 9.101158019426145911e-25
3.281780329577229810e-16 9.100278465239175539e-25
3.578782977546526032e-16 9.099404002638822781e-25
3.902664503454624319e-16 9.098510168527187655e-25
4.255857458271048879e-16 9.097647703751327515e-25
4.641014539960635864e-16 9.096739357874545160e-25
5.061028516889397197e-16 9.095889081123423938e-25
5.519053954307357737e-16 9.094988321366836359e-25
6.018530907088564501e-16 9.094128092439660899e-25
6.563210756675153498e-16 9.093238889796647731e-25
7.157184386276379186e-16 9.092364694698342828e-25
7.804912905937056432e-16 9.091487232216432552e-25
8.511261158238167094e-16 9.090598844200476417e-25
9.281534256279544609e-16 9.089733307899850074e-25
1.012151742836707894e-15 9.088830496538351793e-25
1.103751946866188407e-15 9.087977075460119071e-25
1.203642012013466095e-15 9.087073480425909762e-25
1.312572174569819506e-15 9.086218492839363082e-25
1.431360567560228887e-15 9.085326385959990439e-25
1.560899365429429349e-15 9.084457517297648926e-25
1.702161484824791195e-15 9.083577080505078922e-25
1.856207891803358736e-15 9.082694105401944400e-25
2.024195570344313375e-15 9.081825523582689286e-25
2.207386212015758969e-15 9.080928213014895987e-25
2.407155692060162554e-15 9.080071674057994661e-25
2.625004403070098193e-15 9.079472437350644198e-25
2.862568523866481583e-15 9.086739674613154730e-25
3.121632308215309271e-15 9.097608764891929231e-25
3.404141485679326248e-15 9.119910328312834672e-25
3.712217875252645907e-15 9.135512686416315748e-25
4.048175321536357392e-15 9.139689480738245302e-25
4.414537073145472298e-15 9.140946689376740584e-25
4.814054733869463060e-15 9.140048304545493869e-25
5.249728928922167124e-15 9.141733016557623184e-25
5.724831841496379251e-15 9.144306712092617965e-25
6.242931788887506080e-15 9.157875945803812746e-25
6.807920022767908198e-15 9.172287165200287521e-25
7.424039954898021430e-15 9.184687666089668465e-25
8.095919027778750111e-15 9.200896281276371198e-25
8.828603469611898668e-15 9.223692824219001707e-25
9.627596194601259592e-15 9.248363837406120960e-25
1.049889813324870336e-14 9.275100765820766414e-25
1.144905330306049744e-14 9.304818921418743485e-25
1.248519795817476420e-14 9.337444619165844388e-25
1.361511418705180484e-14 9.388333202653134165e-25
1.484728836078123441e-14 9.444790109730376121e-25
1.619097487098827350e-14 9.501857901160177103e-25
1.765626563604897522e-14 9.565918402876262855e-25
1.925416589765221840e-14 9.640441825223546681e-25
2.099667687698382583e-14 9.728675173168994260e-25
2.289688591133519712e-14 9.832864145730020953e-25
2.496906474811720619e-14 9.951862047280358726e-25
2.722877673452618614e-14 1.008447796777427479e-24
2.969299370792758337e-14 1.023228626122282006e-24
3.238022346487058262e-14 1.039468885590483028e-24
3.531064876611006200e-14 1.058974240044487834e-24
3.850627892164806849e-14 1.080572163936040640e-24
4.199111509428913056e-14 1.105334270046839478e-24
4.579133056324892051e-14 1.132506488918424888e-24
4.993546730169853600e-14 1.162397370654121485e-24
5.445465034467136587e-14 1.196639946402086323e-24
5.938282155736585947e-14 1.235181002638800949e-24
6.475699455958387736e-14 1.278917970557120896e-24
7.061753272095661279e-14 1.327138644584908239e-24
7.700845231486020440e-14 1.381582131538000230e-24
8.397775310790716596e-14 1.441121605223340814e-24
9.157777886794127841e-14 1.506559009820567988e-24
9.986561049816692666e-14 1.579185462713150640e-24
1.089034947501110200e-13 1.660361239167313247e-24
1.187593117352950485e-13 1.750505889903317222e-24
1.295070847469449670e-13 1.848068184602090652e-24
1.412275362207892774e-13 1.952912440337499572e-24
1.540086940105775392e-13 2.079885302807845177e-24
1.679465525318171765e-13 2.214063698442594156e-24
1.831457937393129440e-13 2.351770956460119414e-24
1.997205733535297921e-13 2.504206430410720219e-24
2.177953782407861750e-13 2.680378731330519136e-24
2.375059613867685848e-13 2.887697608537640036e-24
2.590003614855865351e-13 3.128688142833913407e-24
2.824400148020917723e-13 3.396378514606979779e-24
3.080009676582857796e-13 3.698694592078208471e-24
3.358751986502793218e-13 4.051677344221048299e-24
3.662720605265242101e-13 4.458413667684564552e-24
3.994198525567000545e-13 4.927530523190133841e-24
4.355675352006862160e-13 5.477318768585364248e-24
4.749865999559218704e-13 6.132854820055644921e-24
5.179731084267721685e-13 6.874571670706039550e-24
5.648499159306557704e-13 7.802508484155092320e-24
6.159690963415672913e-13 8.913601623976412332e-24
6.717145863830197043e-13 1.019999444097692618e-23
7.325050692308030292e-13 1.165706914017049934e-23
7.987971190830572680e-13 1.362266225436858916e-23
8.710886303154536205e-13 1.614561092690235051e-23
9.499225569765246034e-13 1.922463834885007558e-23
1.035890990708988931e-12 2.346690117142228314e-23
1.129639607724967233e-12 2.864914527126724567e-23
1.231872518234408106e-12 3.517949008725378515e-23
1.343357554749122224e-12 4.435375470083113063e-23
1.464932038980809467e-12 5.656542309402985099e-23
1.597509070645926230e-12 7.417578437216279116e-23
1.742084385410498246e-12 9.759359835698301653e-23
1.899743833481946683e-12 1.324199770193221644e-22
2.071671535017079537e-12 1.798494804591800911e-22
2.259158773598326234e-12 2.612786138972748379e-22
2.463613694573534386e-12 3.737353664907333983e-22
2.686571881100302935e-12 5.668709226545958468e-22
2.929707887326969847e-12 6.007212592813170651e-22
3.194847815332038430e-12 6.012441316165033167e-22
3.483983030282508267e-12 6.017614809445977414e-22
3.799285116820151553e-12 6.022718750274996055e-22
4.143122189008125821e-12 6.028073259688982751e-22
4.518076676334911756e-12 6.033055395907152337e-22
4.926964719360180137e-12 6.038488417772968920e-22
5.372857320675692679e-12 6.043450442919158365e-22
5.859103410037594283e-12 6.048753806715597256e-22
6.389354996904553723e-12 6.053903101696492905e-22
6.967594599291585671e-12 6.059079901689579604e-22
7.598165154948720048e-12 6.064412602664921332e-22
8.285802639514458232e-12 6.069465859276586074e-22
9.035671636627850878e-12 6.074976437964626276e-22
9.853404127152359454e-12 6.079910857384956342e-22
1.074514178884178613e-11 6.085289927124294313e-22
1.171758212414682162e-11 6.090414094743124602e-22
1.277802876260833554e-11 6.095664793970682544e-22
1.393444631564151701e-11 6.100974790405129518e-22
1.519552019570364851e-11 6.106100182659601820e-22
1.657072184912322627e-11 6.111592183267916755e-22
1.807037989253232807e-11 6.116595258977206949e-22
1.970575768717729103e-11 6.122051115367841696e-22
2.148913793374192004e-11 6.127149209826194700e-22
2.343391492304180568e-11 6.132474863205714111e-22
2.555469513544759503e-11 5.620145216566195205e-23
2.786740694460569406e-11 5.644025339086972190e-23
3.038942024939385525e-11 5.670066623815524886e-23
3.313967693262638699e-11 5.698464656937986363e-23
3.613883312633328751e-11 5.729432725281417108e-23
3.940941435211056010e-11 5.763203418230032817e-23
4.297598470174875867e-11 5.807439277064260790e-23
4.686533132878263974e-11 5.855814415636943319e-23
5.110666563661505879e-11 5.908567526776058976e-23
5.573184267426019930e-11 5.966094819037459627e-23
6.077560038749940332e-11 6.028828358035771020e-23
6.627582052238467434e-11 6.095527067615354092e-23
7.227381314062364804e-11 6.161694305250310603e-23
7.881462688374413271e-11 6.233849708701625837e-23
8.594738731631079830e-11 6.312535209764049670e-23
9.372566588935377645e-11 6.398341785312076229e-23
1.022078822951695857e-10 6.491913895902556384e-23
1.114577432354080977e-10 6.588885408397357846e-23
1.215447208978829565e-10 6.688116415482966122e-23
1.325445747357571790e-10 6.796327874916193129e-23
1.445399204679779533e-10 6.914332521816173194e-23
1.576208505745311485e-10 7.043016644208812964e-23
1.718856109467889899e-10 7.183346739599024920e-23
1.874413387750400690e-10 7.294716895243728942e-23
2.044048672151866015e-10 7.396270341456829286e-23
2.229036028781361781e-10 7.507014421839996473e-23
2.430764827324168118e-10 7.627780893065209217e-23
2.650750176068978561e-10 7.759476786170531597e-23
2.890644301310111591e-10 7.903091218925323084e-23
3.152248956590941127e-10 8.016621915673921613e-23
3.437528954989394734e-10 8.136665856770726251e-23
3.748626926081963472e-10 8.267573830434590490e-23
4.087879408419397032e-10 8.410329036671581447e-23
4.457834398379412619e-10 8.566003655546193526e-23
4.861270487198270006e-10 8.729261336412978502e-23
5.301217729912937009e-10 8.871677593584649252e-23
5.780980402952284689e-10 9.026982588345701480e-23
6.304161821300433507e-10 9.196342757449508951e-23
6.874691401625626003e-10 9.381030100718836995e-23
7.496854174634139364e-10 9.582431734552663955e-23
8.175322968306452591e-10 9.779653274266056856e-23
8.915193503731356303e-10 9.959566159963238424e-23
9.722022667128688176e-10 1.015576124559141934e-22
1.060187024550902262e-09 1.036971207782610896e-22
1.156134443942885375e-09 1.060302556000303916e-22
1.260765149467208920e-09 1.085745402095806803e-22
1.374864982562193810e-09 1.111265014205535721e-22
1.499290903682208328e-09 1.137790509306136647e-22
1.634977428601826952e-09 1.166716574064792270e-22
1.782943647208338196e-09 1.198260461153365356e-22
1.944300877498360763e-09 1.232659084711684991e-22
2.120261012264732865e-09 1.270170799719561299e-22
2.312145621162290145e-09 1.301454346196859094e-22
2.521395876515084614e-09 1.334279488456213150e-22
2.749583377413511786e-09 1.370075321374881879e-22
2.998421953397448607e-09 1.409110693840814551e-22
3.269780536378239919e-09 1.451678785691519406e-22
3.565697197475362195e-09 1.493364238730562466e-22
3.888394454193731903e-09 1.531217268974490442e-22
4.240295962907277764e-09 1.572496016081544746e-22
4.624044722020320429e-09 1.617510509022999438e-22
5.042522922523583143e-09 1.666598834536405892e-22
5.498873595034366505e-09 1.718299592167955873e-22
5.996524215904545314e-09 1.764926952110474289e-22
6.539212449691689684e-09 1.815774109839558425e-22
7.131014221336235366e-09 1.871222959019812397e-22
7.776374328883838210e-09 1.931689954870329370e-22
8.480139826672735374e-09 1.994420709682957759e-22
9.247596429716044834e-09 2.049142074515093757e-22
1.008450821269662456e-08 2.108815748345233925e-22
1.099716090174012246e-08 2.173889917443706148e-22
1.199240908411373875e-08 2.244853329147017111e-22
1.307772769042378193e-08 2.314770654170963271e-22
1.426126813597749502e-08 2.382929127474217077e-22
1.555191954296277341e-08 2.457255974349025358e-22
1.695937550326465236e-08 2.538309435475873730e-22
1.849420688334794253e-08 2.626698272576798672e-22
2.016794121801420715e-08 2.707772433655140318e-22
2.199314928933291713e-08 2.781718443517070440e-22
2.398353954100364605e-08 2.862356601704040430e-22
2.615406103726480098e-08 2.950292550755644010e-22
2.852101573962872211e-08 3.046186744143298511e-22
3.110218094471546744e-08 3.141210508607229858e-22
3.391694280276788549e-08 3.236921268428409072e-22
3.698644191965177785e-08 3.341293896580572421e-22
4.033373213590896722e-08 3.455112296181043807e-22
4.398395367538429490e-08 3.579231313944255969e-22
4.796452196388688879e-08 3.701441124806203381e-22
5.230533353602859566e-08 3.832355554037578440e-22
5.703899057672316311e-08 3.975117800073946827e-22
6.220104578380183852e-08 4.130800095853058065e-22
6.783026939080311056e-08 4.296917572993657076e-22
7.396894035545370980e-08 4.472653394564867976e-22
8.066316390084342317e-08 4.664293389818689143e-22
8.796321779421772780e-08 4.873276893879045455e-22
9.592392996417216406e-08 5.121862557330586112e-22
1.046050902923683489e-07 5.399777315980598817e-22
1.140718996725988416e-07 5.702843489697852869e-22
1.243954597099077038e-07 6.014241893627452771e-22
1.356533067376995511e-07 6.335537395147469517e-22
1.479299941636608538e-07 6.685910289164523946e-22
1.613177275182421315e-07 6.702775359055266119e-22
1.759170569753343157e-07 6.748344932549014623e-22
1.918376325463904500e-07 6.798038573663167257e-22
2.091990276199519752e-07 6.826838630527189767e-22
2.281316370319084998e-07 6.855576384163485270e-22
2.487776564115102073e-07 6.886239911526650655e-22
2.712921501586664828e-07 6.919213671773152514e-22
2.958442160736899884e-07 6.953285922983708495e-22
3.226182553865519915e-07 6.985752350164602195e-22
3.518153577244114571e-07 7.021157004123178975e-22
3.836548114193137138e-07 7.073610751208227180e-22
4.183757504994637837e-07 7.130973565937313605e-22
4.562389507339809592e-07 7.181679922679619334e-22
4.975287882205040965e-07 7.231099957327517101e-22
5.425553752259423467e-07 7.284115037518706478e-22
5.916568893217496833e-07 7.340357160117891139e-22
6.452021133070664062e-07 7.405314097037445349e-22
7.035932049960919439e-07 7.538183783291156643e-22
7.672687176724514817e-07 7.683078238020836063e-22
8.367068938961723840e-07 7.852728432263965226e-22
9.124292574016288013e-07 8.042174963906760381e-22
9.950045300640292561e-07 8.235870835934860072e-22
1.085052903353088371e-06 8.426906988890356387e-22
1.183250696355316181e-06 8.640233923824842590e-22
1.290335435349505550e-06 8.983936772690262159e-22
1.407111393086064241e-06 9.358744889421263345e-22
1.534455629373860825e-06 9.770273028147146508e-22
1.673324578342830803e-06 1.021927011863886088e-21
1.824761231857022809e-06 1.075287406359223834e-21
1.989902973029889975e-06 1.135271455180742838e-21
2.169990118676207494e-06 1.209454034418779549e-21
2.366375234860101038e-06 1.290058972000972441e-21
2.580533295504261876e-06 1.378385181447523863e-21
2.814072760358193033e-06 1.495247374218202199e-21
3.068747655527766870e-06 1.607201071308538095e-21
3.346470747298092425e-06 1.723111389389410971e-21
3.649327908193855729e-06 1.875805700403106791e-21
3.979593783174419311e-06 2.057171511076054660e-21
4.339748873627136286e-06 2.270280342690661900e-21
4.732498167470053126e-06 2.517955839583703994e-21
5.160791455287210895e-06 2.644276379472654725e-21
5.627845485084225005e-06 2.660215374143310326e-21
6.137168122058952289e-06 2.702747889150074500e-21
6.692584694843058509e-06 2.758322235676775747e-21
7.298266726090785699e-06 2.833758515106177072e-21
7.958763263198799661e-06 2.931455069173553169e-21
8.679035044471650710e-06 3.053509722732229056e-21
9.464491757340200867e-06 3.203056675529943209e-21
1.032103266846677304e-05 3.377162064876608990e-21
1.125509093089384164e-05 3.572455810529959331e-21
1.227368190100943785e-05 3.799477636956225628e-21
1.338445582822175216e-05 4.038811975393890476e-21
1.459575531307241547e-05 4.317539159568696100e-21
1.591667796533672780e-05 4.612581340285100368e-21
1.735714473271129620e-05 4.938921577944332310e-21
1.892797441327835717e-05 5.304095087197127965e-21
2.064096491138473307e-05 5.717132336488817392e-21
2.250898184721447878e-05 6.231591065656568766e-21
2.454605518556801763e-05 6.851500892347958859e-21
2.676748460959427781e-05 7.556042554023775480e-21
2.918995443089149214e-05 8.382921112496226170e-21
3.183165889902505669e-05 9.350983368186340920e-21
3.471243885161950921e-05 1.048351956677494374e-20
3.785393073134334649e-05 1.181333931208734922e-20
4.127972908899957104e-05 1.321488266922181611e-20
4.501556379322739704e-05 1.240638513753899336e-20
4.908949327775822993e-05 1.195707824143425409e-20
5.353211527764229887e-05 1.130675342805491978e-20
5.837679663719691508e-05 1.072087444017161366e-20
6.365992391568981237e-05 1.032045409310054876e-20
6.942117667294591093e-05 1.005953815517164670e-20
7.570382548742745428e-05 9.777104573568158583e-21
8.255505694509962132e-05 9.575615235339386310e-21
9.002632803992991807e-05 9.442785132813237254e-21
9.817375264779620251e-05 9.431666174152588106e-21
1.070585229764767714e-04 9.420568504484693951e-21
1.167473691570461848e-04 9.409428061727266404e-21
1.273130604285158617e-04 9.511281568643213932e-21
1.388349516799061104e-04 9.658054548820843698e-21
1.513995794546509608e-04 9.929992279931126068e-21
1.651013118936610618e-04 1.016330409841055544e-20
1.800430574985334247e-04 1.039129174321583873e-20
1.963370380381864117e-04 1.088488524627489417e-20
2.141056314038817859e-04 1.137686428760024922e-20
2.334822907430145146e-04 1.189745177453371741e-20
2.546125467749710378e-04 1.248034034119774521e-20
2.776551008170043459e-04 1.259912269711947845e-20
3.027830167294821568e-04 1.244981566162408585e-20
3.301850207327067677e-04 1.244867717504130636e-20
3.600669188578120268e-04 1.257556930844233840e-20
3.926531426775833129e-04 1.282224515937089502e-20
4.281884349266290276e-04 1.322068219935595375e-20
4.669396876710221593e-04 1.382009427599888358e-20
5.091979468330854299e-04 1.463392820335517645e-20
5.552805981266449023e-04 1.541174256207386802e-20
6.055337508203893727e-04 1.560192673140556302e-20
6.603348372330153891e-04 1.577598670974851506e-20
7.200954474838130483e-04 1.606162827751647904e-20
7.852644207894875997e-04 1.636003824471557440e-20
8.563312165248912217e-04 1.683396058142602175e-20
9.338295903662172364e-04 1.757864232668077730e-20
1.018341603126849326e-03 1.863188745078948461e-20
1.110501992394861449e-03 1.991355377416675275e-20
1.211002939805594760e-03 2.149420255702694799e-20
1.320599269754721373e-03 2.314680799444255385e-20
1.440114118597135952e-03 2.543757558065676397e-20
1.570445116911205283e-03 2.848227565645907852e-20
1.712571131260621484e-03 3.159570640624334769e-20
1.867559616088809715e-03 3.635286494106834944e-20
2.036574630963463965e-03 4.171432725522785157e-20
2.220885583385200958e-03 4.807872289037031247e-20
2.421876762824425478e-03 5.591610332058763098e-20
2.641057737593310688e-03 6.840922718853163466e-20
2.880074692639166337e-03 7.929169890702712663e-20
3.140722793413622434e-03 9.778364838420364316e-20
3.424959668677435461e-03 1.192085099115322472e-19
3.734920113505923490e-03 1.463868845480826656e-19
4.072932122922792199e-03 1.781411498070923069e-19
4.441534376585208783e-03 2.047879571366190206e-19
4.843495305841638218e-03 2.378847088118617515e-19
5.281833886366703659e-03 2.785856393631825650e-19
5.759842312539092089e-03 3.297707677924353632e-19
6.281110723862013204e-03 3.939852219316673974e-19
6.849554169135359249e-03 4.760097206555614371e-19
7.469442010898553509e-03 5.811745065184904181e-19
8.145429990988477947e-03 7.184683198292833033e-19
8.882595198046534107e-03 9.006147138084205756e-19
9.686474199600331528e-03 1.144510129559228750e-18
1.056310462511631833e-02 1.470861650307732762e-18
1.151907051233952255e-02 1.918002448177265465e-18
1.256155175749676389e-02 2.543769467566049516e-18
1.369837804076605089e-02 3.421791594090822169e-18
1.493808763202796389e-02 4.694057630122857719e-18
1.628999151856286992e-02 6.523821985864573955e-18
1.776424333633590605e-02 9.168261800190178626e-18
1.937191563009416431e-02 1.332954214953658965e-17
2.112508301504109967e-02 1.942355209425159483e-17
2.303691286467862351e-02 2.938973495155766646e-17
2.512176420594077267e-02 4.585449439698660725e-17
2.739529556438643002e-02 6.585953536701654682e-17
2.987458256942849069e-02 7.208100377042406147e-17
3.257824620289342249e-02 7.897229665069299508e-17
3.552659265413214001e-02 8.655006527463256567e-17
3.874176583208888136e-02 9.492275308943120545e-17
4.224791367977868278e-02 1.042564685534903845e-16
4.607136954030172094e-02 1.145099234292162702e-16
5.024084993657277481e-02 1.260496392858761348e-16
5.478767025020232773e-02 1.385234389009805844e-16
5.974597991941572872e-02 1.523547220440360926e-16
6.515301892250191518e-02 1.678647670087432410e-16
7.104939747312465081e-02 1.851392662141194218e-16
7.747940102819549091e-02 2.040248843280390543e-16
8.449132289909390414e-02 2.253561507830289853e-16
9.213782696437054776e-02 2.493937032350423684e-16
1.004763432081079433e-01 2.762784602229344643e-16
1.095694990546850350e-01 3.066608209294725391e-16
1.194855897395541711e-01 3.410434133177091964e-16
1.302990912487778929e-01 3.796388854842816068e-16
1.420912196798302662e-01 4.234696540386961907e-16
1.549505412248310954e-01 4.744541801905658045e-16
1.689736373575251582e-01 5.325851093287467534e-16
1.842658302200067821e-01 5.984757888612162562e-16
2.009419736572634618e-01 6.736418210887312958e-16
2.191273158407441302e-01 7.601715968867934638e-16
2.389584399597358688e-01 8.599483500297728946e-16
2.605842900457437383e-01 9.779036982948283417e-16
2.841672896344905608e-01 1.116132917251811463e-15
3.098845616673150394e-01 1.279319206679987169e-15
3.379292587942079318e-01 1.471101820942315108e-15
3.685120140699398861e-01 1.696882082247702457e-15
4.018625229388133602e-01 1.964856816556737641e-15
4.382312683898036410e-01 2.283267060231897753e-15
4.778914022390028937e-01 2.674737061772884706e-15
5.211407966690726479e-01 3.139445018160243716e-15
5.683042814339098747e-01 3.704762523475865721e-15
6.197360835313666660e-01 4.393728750607183018e-15
6.758224876675723580e-01 5.232539929354016433e-15
7.369847374944348273e-01 6.275879679467154228e-15
8.036821994104734745e-01 7.555547088326079765e-15
8.764158126872111376e-01 9.244110505654269553e-15
9.557318518334909641e-01 1.140697829902561177e-14
1.042226029455593173e+00 1.422303330267344458e-14
1.136547970428005039e+00 1.793633825376733325e-14
1.239406090978900865e+00 2.266369438063592807e-14
1.351572919334979472e+00 2.893406560995367298e-14
1.473890897887113027e+00 3.677720864162940142e-14
1.607278710454892456e+00 4.720781630460854461e-14
1.752738182171339476e+00 5.907213087842716512e-14
1.911361803810540216e+00 7.508358854844102115e-14
2.084340937070253030e+00 1.002045578285619379e-13
2.272974762436729357e+00 1.327358092123881783e-13
2.478680036835190670e+00 1.830104954694585086e-13
2.703001734352174612e+00 2.587286087979049594e-13
2.947624649948580977e+00 3.688165525075068627e-13
3.214386053313797564e+00 5.391685317361665941e-13
3.505289487899458489e+00 8.176421567315614602e-13
3.822519818772667666e+00 1.333551430697736909e-12
4.168459642306419077e+00 2.032223352638589744e-12
4.545707180954980053e+00 3.267635466319590292e-12
4.957095797514353031e+00 5.561118440399627054e-12
5.405715275433141898e+00 9.970293352140334918e-12
5.894935025000811457e+00 1.789558321842002038e-11
6.428429389706678876e+00 3.212906955840846287e-11
7.010205242837073136e+00 6.291501514301937178e-11
7.644632081576500759e+00 1.000000000000000000e+00
