# Union of equivalence principle tests 
#  m [eV] 	 g_s_nucleon [dimensionless]
1.972999999999994990e-37 1.000000000000000000e+00
2.124357616931544119e-37 9.084742876942766640e-25
2.287326550742527149e-37 9.084742876942766640e-25
2.462797557262876781e-37 9.084742876942766640e-25
2.651729726169143523e-37 9.084742876942766640e-25
2.855155723178526125e-37 9.084742876942766640e-25
3.074187434394277136e-37 9.084742876942766640e-25
3.310022043654708601e-37 9.084742876942766640e-25
3.563948576101925462e-37 9.084742876942766640e-25
3.837354943737696325e-37 9.084742876942766640e-25
4.131735531474393510e-37 9.084742876942766640e-25
4.448699365146655360e-37 9.084742876942766640e-25
4.789978906126553865e-37 9.084742876942766640e-25
5.157439520613986793e-37 9.084742876942766640e-25
5.553089675357294678e-37 9.084742876942766640e-25
5.979091915534319276e-37 9.084742876942766640e-25
6.437774684794207954e-37 9.084742876942766640e-25
6.931645052068768004e-37 9.084742876942766640e-25
7.463402414712586115e-37 9.084742876942766640e-25
8.035953252873796169e-37 9.084742876942766640e-25
8.652427015736457471e-37 9.084742876942766640e-25
9.316193226469365492e-37 9.084742876942766640e-25
1.003087989936947798e-36 9.084742876942766640e-25
1.080039336986879147e-36 9.084742876942766640e-25
1.162893964578681990e-36 9.084742876942766640e-25
1.252104739653548006e-36 9.084742876942766640e-25
1.348159270592532149e-36 9.084742876942766640e-25
1.451582572387292058e-36 9.084742876942766640e-25
1.562939936267605437e-36 9.084742876942766640e-25
1.682840019471159639e-36 9.084742876942766640e-25
1.811938172042948049e-36 9.084742876942766640e-25
1.950940018848689754e-36 9.084742876942766640e-25
2.100605316379993179e-36 9.084742876942766640e-25
2.261752105432714561e-36 9.084742876942766640e-25
2.435261182355234268e-36 9.084742876942766640e-25
2.622080913306676418e-36 9.084742876942766640e-25
2.823232417837699015e-36 9.084742876942766640e-25
3.039815150127516885e-36 9.084742876942766640e-25
3.273012908381810294e-36 9.084742876942766640e-25
3.524100305238757146e-36 9.084742876942766640e-25
3.794449734548784435e-36 9.084742876942766640e-25
4.085538872606423983e-36 9.084742876942766640e-25
4.398958754835981203e-36 9.084742876942766640e-25
4.736422472074702527e-36 9.084742876942766640e-25
5.099774533987659811e-36 9.084742876942766640e-25
5.491000950790699734e-36 9.084742876942766640e-25
5.912240088388546360e-36 9.084742876942766640e-25
6.365794356257505914e-36 9.084742876942766640e-25
6.854142791959200442e-36 9.084742876942766640e-25
7.379954611066783941e-36 9.084742876942766640e-25
7.946103796568085276e-36 9.084742876942766640e-25
8.555684807484966975e-36 9.084742876942766640e-25
9.212029492572846026e-36 9.084742876942766640e-25
9.918725301543274338e-36 9.084742876942766640e-25
1.067963489335283033e-35 9.084742876942766640e-25
1.149891724872867070e-35 9.084742876942766640e-25
1.238105040233265484e-35 9.084742876942766640e-25
1.333085591880809340e-35 9.084742876942766640e-25
1.435352524649620016e-35 9.084742876942766640e-25
1.545464809286010857e-35 9.084742876942766640e-25
1.664024297671769744e-35 9.084742876942766640e-25
1.791679012426831166e-35 9.084742876942766640e-25
1.929126688872445385e-35 9.084742876942766640e-25
2.077118588713660228e-35 9.084742876942766640e-25
2.236463606286859842e-35 9.084742876942766640e-25
2.408032689815313896e-35 9.084742876942766640e-25
2.592763601839497817e-35 9.084742876942766640e-25
2.791666044840611165e-35 9.084742876942766640e-25
3.005827180074163220e-35 9.084742876942766640e-25
3.236417569777153592e-35 9.084742876942766640e-25
3.484697575229189362e-35 9.084742876942766640e-25
3.752024245636547572e-35 9.084742876942766640e-25
4.039858735494095139e-35 9.084742876942766640e-25
4.349774290965199407e-35 9.084742876942766640e-25
4.683464848932995714e-35 9.084742876942766640e-25
5.042754295723169373e-35 9.084742876942766640e-25
5.429606436104311227e-35 9.084742876942766640e-25
5.846135727054616748e-35 9.084742876942766640e-25
6.294618834963979677e-35 9.084742876942766640e-25
6.777507079440712682e-35 9.084742876942766640e-25
7.297439831737020868e-35 9.084742876942766640e-25
7.857258941029002864e-35 9.084742876942766640e-25
8.460024267398990369e-35 9.084742876942766640e-25
9.109030406424124147e-35 9.084742876942766640e-25
9.807824696780464716e-35 9.084742876942766640e-25
1.056022660929292647e-34 9.084742876942766640e-25
1.137034862340308763e-34 9.084742876942766640e-25
1.224261870516649984e-34 9.084742876942766640e-25
1.318180450963441124e-34 9.084742876942766640e-25
1.419303943991105239e-34 9.084742876942766640e-25
1.528185070531395965e-34 9.084742876942766640e-25
1.645418953200429774e-34 9.084742876942766640e-25
1.771646369120533388e-34 9.084742876942766640e-25
1.907557252280956982e-34 9.084742876942766640e-25
2.053894464579828471e-34 9.084742876942766640e-25
2.211457856160012647e-34 9.084742876942766640e-25
2.381108637230897661e-34 9.084742876942766640e-25
2.563774085272660080e-34 9.084742876942766640e-25
2.760452613350533353e-34 9.084742876942766640e-25
2.972219227242679345e-34 9.084742876942766640e-25
3.200231401207950522e-34 9.084742876942766640e-25
3.445735404510712138e-34 9.084742876942766640e-25
3.710073113280752336e-34 9.084742876942766640e-25
3.994689344942176167e-34 9.084742876942766640e-25
4.301139755298060815e-34 9.084742876942766640e-25
4.631099341436662697e-34 9.084742876942766640e-25
4.986371596932334697e-34 9.084742876942766640e-25
5.368898369383851475e-34 9.084742876942766640e-25
5.780770474167237406e-34 9.084742876942766640e-25
6.224239122417625018e-34 9.084742876942766640e-25
6.701728225702487580e-34 9.084742876942766640e-25
7.215847644640768512e-34 9.084742876942766640e-25
7.769407453882511731e-34 9.084742876942766640e-25
8.365433301419056986e-34 9.084742876942766640e-25
9.007182946174563114e-34 9.084742876942766640e-25
9.698164064268409855e-34 9.084742876942766640e-25
1.044215342127746003e-33 9.084742876942766640e-25
1.124321751528547656e-33 9.084742876942766640e-25
1.210573480355545406e-33 9.084742876942766640e-25
1.303441963430611266e-33 9.084742876942766640e-25
1.403434801440462792e-33 9.084742876942766640e-25
1.511098535381051773e-33 9.084742876942766640e-25
1.627021633842293666e-33 9.084742876942766640e-25
1.751837709460331785e-33 9.084742876942766640e-25
1.886228982118588161e-33 9.084742876942766640e-25
2.030930007825950409e-33 9.084742876942766640e-25
2.186731693654287437e-33 9.084742876942766640e-25
2.354485620679187332e-33 9.084742876942766640e-25
2.535108698553288472e-33 9.084742876942766640e-25
2.729588177152061450e-33 9.084742876942766640e-25
2.938987042685902316e-33 9.084742876942766640e-25
3.164449827771324157e-33 9.084742876942766640e-25
3.407208867219332196e-33 9.084742876942766640e-25
3.668591033732379953e-33 9.084742876942766640e-25
3.950024990327505328e-33 9.084742876942766640e-25
4.253048999124210817e-33 9.084742876942766640e-25
4.579319329180242903e-33 9.084742876942766640e-25
4.930619309328820603e-33 9.084742876942766640e-25
5.308869075500484527e-33 9.084742876942766640e-25
5.716136065804167071e-33 9.084742876942766640e-25
6.154646320734020890e-33 9.084742876942766640e-25
6.626796650263983009e-33 9.084742876942766640e-25
7.135167734335918623e-33 9.084742876942766640e-25
7.682538228342998210e-33 9.084742876942766640e-25
8.271899950708561654e-33 9.084742876942766640e-25
8.906474235571796137e-33 9.084742876942766640e-25
9.589729539960233729e-33 9.084742876942766640e-25
1.032540040168668992e-32 9.084742876942766640e-25
1.111750785159200216e-32 9.084742876942766640e-25
1.197038139170075104e-32 9.084742876942766640e-25
1.288868265941964545e-32 9.084742876942766640e-25
1.387743090712188482e-32 9.084742876942766640e-25
1.494203043638390022e-32 9.084742876942766640e-25
1.608830013682459292e-32 9.084742876942766640e-25
1.732250529100047286e-32 9.084742876942766640e-25
1.865139181919595484e-32 9.084742876942766640e-25
2.008222315128402812e-32 9.084742876942766640e-25
2.162281992719157644e-32 9.084742876942766640e-25
2.328160274296418439e-32 9.084742876942766640e-25
2.506763817607198026e-32 9.084742876942766640e-25
2.699068834152162531e-32 9.084742876942766640e-25
2.906126424963863852e-32 9.084742876942766640e-25
3.129068325716135588e-32 9.084742876942766640e-25
3.369113092566813078e-32 9.084742876942766640e-25
3.627572762543335274e-32 9.084742876942766640e-25
3.905860024877018677e-32 9.084742876942766640e-25
4.205495942481403543e-32 9.084742876942766640e-25
4.528118265780584994e-32 9.084742876942766640e-25
4.875490384327271201e-32 9.084742876942766640e-25
5.249510965140479485e-32 9.084742876942766640e-25
5.652224330441852851e-32 9.084742876942766640e-25
6.085831631515397443e-32 9.084742876942766640e-25
6.552702879763094165e-32 9.084742876942766640e-25
7.055389900716631556e-32 9.084742876942766640e-25
7.596640281809012276e-32 9.084742876942766640e-25
8.179412390141852828e-32 9.084742876942766640e-25
8.806891542332485180e-32 9.084742876942766640e-25
9.482507414822048417e-32 9.084742876942766640e-25
1.020995278980585256e-31 9.084742876942766640e-25
1.099320373924754598e-31 9.084742876942766640e-25
1.183654135729889731e-31 9.084742876942766640e-25
1.274457515991029142e-31 9.084742876942766640e-25
1.372226827952956264e-31 9.084742876942766640e-25
1.477496459259836484e-31 9.084742876942766640e-25
1.590841792811962788e-31 9.084742876942766640e-25
1.712882351694428264e-31 9.084742876942766640e-25
1.844285185367285367e-31 9.084742876942766640e-25
1.985768515625430834e-31 9.084742876942766640e-25
2.138105662256313133e-31 9.084742876942766640e-25
2.302129269852324515e-31 9.084742876942766640e-25
2.478735858880796882e-31 9.084742876942766640e-25
2.668890725886843978e-31 9.084742876942766640e-25
2.873633219612591417e-31 9.084742876942766640e-25
3.094082421871003500e-31 9.084742876942766640e-25
3.331443264224849652e-31 9.084742876942766640e-25
3.587013113903347898e-31 9.084742876942766640e-25
3.862188864953811471e-31 9.084742876942766640e-25
4.158474573387114494e-31 9.084742876942766640e-25
4.477489678049210970e-31 9.084742876942766640e-25
4.820977852152091130e-31 9.084742876942766640e-25
5.190816533845715112e-31 9.084742876942766640e-25
5.589027187921534072e-31 9.084742876942766640e-25
6.017786354738281483e-31 9.084742876942766640e-25
6.479437546758642466e-31 9.084742876942766640e-25
6.976504057723768262e-31 9.084742876942766640e-25
7.511702754474965174e-31 9.084742876942766640e-25
8.087958926809219516e-31 9.084742876942766640e-25
8.708422276531446824e-31 9.084742876942766640e-25
9.376484133099753071e-31 9.084742876942766640e-25
1.009579598995849563e-30 9.084742876942766640e-25
1.087028946287640537e-30 9.084742876942766640e-25
1.170419777937762882e-30 9.084742876942766640e-25
1.260207891672275191e-30 9.084742876942766640e-25
1.356884051490737178e-30 9.084742876942766640e-25
1.460976670084776766e-30 9.084742876942766640e-25
1.573054697036929238e-30 9.084742876942766640e-25
1.693730728586074012e-30 9.084742876942766640e-25
1.823664355956826888e-30 9.084742876942766640e-25
1.963565770554192525e-30 9.084742876942766640e-25
2.114199645728754046e-30 9.084742876942766640e-25
2.276389316329358947e-30 9.084742876942766640e-25
2.451021278887905050e-30 9.084742876942766640e-25
2.639050037033342808e-30 9.084742876942766640e-25
2.841503318618967965e-30 9.084742876942766640e-25
3.059487693078778461e-30 9.084742876942766640e-25
3.294194619716261386e-30 9.084742876942766640e-25
3.546906959984344458e-30 9.084742876942766640e-25
3.819005989351346582e-30 9.084742876942766640e-25
4.111978947078395298e-30 9.084742876942766640e-25
4.427427165173892637e-30 9.084742876942766640e-25
4.767074820956278994e-30 9.084742876942766640e-25
5.132778361064871422e-30 9.084742876942766640e-25
5.526536648428536989e-30 9.084742876942766640e-25
5.950501887653534489e-30 9.084742876942766640e-25
6.406991388546499833e-30 9.084742876942766640e-25
6.898500232069741961e-30 9.084742876942766640e-25
7.427714907958021954e-30 9.084742876942766640e-25
7.997527998538594298e-30 9.084742876942766640e-25
8.611053989010903477e-30 9.084742876942766640e-25
9.271646290605228519e-30 9.084742876942766640e-25
9.982915569661450265e-30 9.084742876942766640e-25
1.074874948281543698e-29 9.084742876942766640e-25
1.157333392615694526e-29 9.084742876942766640e-25
1.246117591450776417e-29 9.084742876942766640e-25
1.341712821586838184e-29 9.084742876942766640e-25
1.444641587568523738e-29 9.084742876942766640e-25
1.555466477591107200e-29 9.084742876942766640e-25
1.674793238495858198e-29 9.084742876942766640e-25
1.803274086661988899e-29 9.084742876942766640e-25
1.941611272891864054e-29 9.084742876942766640e-25
2.090560920774434338e-29 9.084742876942766640e-25
2.250937159506622674e-29 9.084742876942766640e-25
2.423616573761845069e-29 9.084742876942766640e-25
2.609542994927763763e-29 9.084742876942766640e-25
2.809732659901225236e-29 9.084742876942766640e-25
3.025279765637334558e-29 9.084742876942766640e-25
3.257362449812727805e-29 9.084742876942766640e-25
3.507249230292155589e-29 9.084742876942766640e-25
3.776305938595232080e-29 9.084742876942766640e-25
4.066003185260293611e-29 9.084742876942766640e-25
4.377924397909567201e-29 9.084742876942766640e-25
4.713774475950116395e-29 9.084742876942766640e-25
5.075389109215443810e-29 9.084742876942766640e-25
5.464744811481587600e-29 9.084742876942766640e-25
5.883969723698924597e-29 9.084742876942766640e-25
6.335355245988003997e-29 9.084742876942766640e-25
6.821368561977631183e-29 9.084742876942766640e-25
7.344666123940370945e-29 9.084742876942766640e-25
7.908108172433779977e-29 9.084742876942766640e-25
8.514774369806416263e-29 9.084742876942766640e-25
9.167980633021689050e-29 9.084742876942766640e-25
9.871297257800423447e-29 9.084742876942766640e-25
1.062856843314943899e-28 9.084742876942766640e-25
1.144393325293404324e-28 9.084742876942766640e-25
1.232184833934448921e-28 9.084742876942766640e-25
1.326711220190643619e-28 9.084742876942766640e-25
1.428489146518268542e-28 9.084742876942766640e-25
1.538074910851536776e-28 9.084742876942766640e-25
1.656067487216814945e-28 9.084742876942766640e-25
1.783111799605511533e-28 9.084742876942766640e-25
1.919902247000755604e-28 9.084742876942766640e-25
2.067186498824118487e-28 9.084742876942766640e-25
2.225769581548442351e-28 9.084742876942766640e-25
2.396518278812419618e-28 9.084742876942766640e-25
2.580365869088114593e-28 9.084742876942766640e-25
2.778317226795483276e-28 9.084742876942766640e-25
2.991454314746616797e-28 9.084742876942766640e-25
3.220942097939519877e-28 9.084742876942766640e-25
3.468034911025467447e-28 9.084742876942766640e-25
3.734083314253126645e-28 9.084742876942766640e-25
4.020541475362680732e-28 9.084742876942766640e-25
4.328975117777926805e-28 9.084742876942766640e-25
4.661070078539591964e-28 9.084742876942766640e-25
5.018641522755822335e-28 9.084742876942766640e-25
5.403643864934208084e-28 9.084742876942766640e-25
5.818181451423379394e-28 9.084742876942766640e-25
6.264520062352261700e-28 9.084742876942766640e-25
6.745099295934324778e-28 9.084742876942766640e-25
7.262545902826961894e-28 9.084742876942766640e-25
7.819688143428964374e-28 9.084742876942766640e-25
8.419571246590222606e-28 9.084742876942766640e-25
9.065474054227904357e-28 9.084742876942766640e-25
9.760926942825252322e-28 9.084742876942766640e-25
1.050973111976847822e-27 9.084742876942766640e-25
1.131597939999104955e-27 9.084742876942766640e-25
1.218407857648833740e-27 9.084742876942766640e-25
1.311877350697166040e-27 9.084742876942766640e-25
1.412517304831984908e-27 9.084742876942766640e-25
1.520877798057476512e-27 9.084742876942766640e-25
1.637551107311445884e-27 9.084742876942766640e-25
1.763174945733252020e-27 9.084742876942766640e-25
1.898435948277397558e-27 9.084742876942766640e-25
2.044073424723614805e-27 9.084742876942766640e-25
2.200883400597551652e-27 9.084742876942766640e-25
2.369722968087958607e-27 9.084742876942766640e-25
2.551514970742673166e-27 9.084742876942766640e-25
2.747253047547890465e-27 9.084742876942766640e-25
2.958007063961872051e-27 9.084742876942766640e-25
3.184928959586735106e-27 9.084742876942766640e-25
3.429259044441944204e-27 9.084742876942766640e-25
3.692332778252200305e-27 9.084742876942766640e-25
3.975588069805386284e-27 9.084742876942766640e-25
4.280573136276329955e-27 9.084742876942766640e-25
4.608954965474464045e-27 9.084742876942766640e-25
4.962528427268162161e-27 9.084742876942766640e-25
5.343226083987012809e-27 9.084742876942766640e-25
5.753128753423746676e-27 9.084742876942766640e-25
6.194476882171082470e-27 9.084742876942766640e-25
6.669682791457895028e-27 9.084742876942766640e-25
7.181343862418014824e-27 9.084742876942766640e-25
7.732256732859714442e-27 9.084742876942766640e-25
8.325432583132617379e-27 9.084742876942766640e-25
8.964113594641528529e-27 9.084742876942766640e-25
9.651790670966157573e-27 9.084742876942766640e-25
1.039222251844686066e-26 9.084742876942766640e-25
1.118945619052710436e-26 9.084742876942766640e-25
1.204784920814391220e-26 9.084742876942766640e-25
1.297209337707199479e-26 9.084742876942766640e-25
1.396724043240241729e-26 9.084742876942766640e-25
1.503872965032343661e-26 9.084742876942766640e-25
1.619241757812414177e-26 9.084742876942766640e-25
1.743461004491827926e-26 9.084742876942766640e-25
1.877209662805547307e-26 9.084742876942766640e-25
2.021218776360063272e-26 9.084742876942766640e-25
2.176275470372816027e-26 9.084742876942766640e-25
2.343227253942071097e-26 9.084742876942766640e-25
2.522986652363627409e-26 9.084742876942766640e-25
2.716536194812577412e-26 9.084742876942766640e-25
2.924933784652988099e-26 9.084742876942766640e-25
3.149318481727267109e-26 9.084742876942766640e-25
3.390916728231435359e-26 9.084742876942766640e-25
3.651049052204227390e-26 9.084742876942766640e-25
3.931137285271548134e-26 9.084742876942766640e-25
4.232712334095331808e-26 9.084742876942766640e-25
4.557422548005846622e-26 9.084742876942766640e-25
4.907042728551267562e-26 9.084742876942766640e-25
5.283483830211078761e-26 9.084742876942766640e-25
5.688803405293203318e-26 9.084742876942766640e-25
6.125216850106767800e-26 9.084742876942766640e-25
6.595109513878194478e-26 9.084742876942766640e-25
7.101049736596430067e-26 9.084742876942766640e-25
7.645802887049303277e-26 9.084742876942766640e-25
8.232346477780174351e-26 9.084742876942766640e-25
8.863886439580224360e-26 9.084742876942766640e-25
9.543874644469522379e-26 9.084742876942766640e-25
1.027602777294401734e-25 9.084742876942766640e-25
1.106434762861307248e-25 9.084742876942766640e-25
1.191314301126331067e-25 9.084742876942766640e-25
1.282705326790261653e-25 9.084742876942766640e-25
1.381107365050959011e-25 9.084742876942766640e-25
1.487058261908891348e-25 9.084742876942766640e-25
1.601137123926567860e-25 9.084742876942766640e-25
1.723967483510010469e-25 9.084742876942766640e-25
1.856220707013064302e-25 9.084742876942766640e-25
1.998619664292568019e-25 9.084742876942766640e-25
2.151942679771461372e-25 9.084742876942766640e-25
2.317027786605432954e-25 9.084742876942766640e-25
2.494777307205929920e-25 9.084742876942766640e-25
2.686162785154997837e-25 9.084742876942766640e-25
2.892230295469885407e-25 9.084742876942766640e-25
3.114106162241022081e-25 9.084742876942766640e-25
3.353003114896193926e-25 9.084742876942766640e-25
3.610226916738380099e-25 9.084742876942766640e-25
3.887183501989092600e-25 9.084742876942766640e-25
4.185386660345184299e-25 9.084742876942766640e-25
4.506466311053214119e-25 9.084742876942766640e-25
4.852177411723852016e-25 9.084742876942766640e-25
5.224409550582248056e-25 9.084742876942766640e-25
5.625197274581423734e-25 9.084742876942766640e-25
6.056731209832559369e-25 9.084742876942766640e-25
6.521370035131588703e-25 9.084742876942766640e-25
7.021653374029882012e-25 9.084742876942766640e-25
7.560315675911428578e-25 9.084742876942766640e-25
8.140301161951057782e-25 9.084742876942766640e-25
8.764779917641829991e-25 9.084742876942766640e-25
9.437165219853496061e-25 9.084742876942766640e-25
1.016113219312575260e-24 9.084742876942766640e-25
1.094063789716923135e-24 9.084742876942766640e-25
1.177994295536808668e-24 9.084742876942766640e-25
1.268363484250133665e-24 9.084742876942766640e-25
1.365665295896902613e-24 9.084742876942766640e-25
1.470431562857394411e-24 9.084742876942766640e-25
1.583234916742343052e-24 9.084742876942766640e-25
1.704691918283606839e-24 9.084742876942766640e-25
1.835466427332693810e-24 9.084742876942766640e-25
1.976273231386879939e-24 9.084742876942766640e-25
2.127881952475727656e-24 9.084742876942766640e-25
2.291121253762266476e-24 9.084742876942766640e-25
2.466883368851288699e-24 9.084742876942766640e-25
2.656128978561050486e-24 9.084742876942766640e-25
2.859892461813855880e-24 9.084742876942766640e-25
3.079287549345836233e-24 9.084742876942766640e-25
3.315513411138019193e-24 9.084742876942766640e-25
3.569861210841175360e-24 9.084742876942766640e-25
3.843721163020240338e-24 9.084742876942766640e-25
4.138590131790627120e-24 9.084742876942766640e-25
4.456079812380721352e-24 9.084742876942766640e-25
4.797925540337425464e-24 9.084742876942766640e-25
5.165995776526218926e-24 9.084742876942766640e-25
5.562302319766602594e-24 9.084742876942766640e-25
5.989011302925599980e-24 9.084742876942766640e-25
6.448455032569150176e-24 9.084742876942766640e-25
6.943144736887408836e-24 9.084742876942766640e-25
7.475784291568535765e-24 9.084742876942766640e-25
8.049284998647159816e-24 9.084742876942766640e-25
8.666781499102214903e-24 9.084742876942766640e-25
9.331648906183083242e-24 9.084742876942766640e-25
1.004752125310728331e-23 9.084742876942766640e-25
1.081831135596557614e-23 9.084742876942766640e-25
1.164823220039643910e-23 9.084742876942766640e-25
1.254181996893031797e-23 9.084742876942766640e-25
1.350395883486118085e-23 9.084742876942766640e-25
1.453990765816888314e-23 9.084742876942766640e-25
1.565532872940302941e-23 9.084742876942766640e-25
1.685631871863880757e-23 9.084742876942766640e-25
1.814944199866493456e-23 9.084742876942766640e-25
1.954176652454176413e-23 9.084742876942766640e-25
2.104090246564010494e-23 9.084742876942766640e-25
2.265504380131576601e-23 9.084742876942766640e-25
2.439301310757356139e-23 9.084742876942766640e-25
2.626430977951575930e-23 9.084742876942766640e-25
2.827916195314933258e-23 9.084742876942766640e-25
3.044858241034625726e-23 9.084742876942766640e-25
3.278442877252231913e-23 9.084742876942766640e-25
3.529946831204108264e-23 9.084742876942766640e-25
3.800744773558931785e-23 9.084742876942766640e-25
4.092316832094590598e-23 9.084742876942766640e-25
4.406256681782696732e-23 9.084742876942766640e-25
4.744280255499508403e-23 9.084742876942766640e-25
5.108235122974321846e-23 9.084742876942766640e-25
5.500110589238516712e-23 9.084742876942766640e-25
5.922048567772282656e-23 9.084742876942766640e-25
6.376355287777707408e-23 9.084742876942766640e-25
6.865513899570367330e-23 9.084742876942766640e-25
7.392198046985045616e-23 9.084742876942766640e-25
7.959286480982870966e-23 9.084742876942766640e-25
8.569878794331470562e-23 9.084742876942766640e-25
9.227312363364532179e-23 9.084742876942766640e-25
9.935180589417019787e-23 9.084742876942766640e-25
1.069735253964446394e-22 9.084742876942766640e-25
1.151799409457445296e-22 9.084742876942766640e-25
1.240159071798370327e-22 9.084742876942766640e-25
1.335297197355086249e-22 9.084742876942766640e-25
1.437733792229410943e-22 9.084742876942766640e-25
1.548028754507035188e-22 9.084742876942766640e-25
1.666784934549457680e-22 9.084742876942766640e-25
1.794651430054149058e-22 9.084742876942766640e-25
1.932327133893882054e-22 9.084742876942766640e-25
2.080564554126175778e-22 9.084742876942766640e-25
2.240173927053065529e-22 9.084742876942766640e-25
2.412027645811759302e-22 9.084742876942766640e-25
2.597065028702302261e-22 9.084742876942766640e-25
2.796297453314872625e-22 9.084742876942766640e-25
3.010813884518851874e-22 9.084742876942766640e-25
3.241786826528553940e-22 9.084742876942766640e-25
3.490478731578424843e-22 9.084742876942766640e-25
3.758248900236259062e-22 9.084742876942766640e-25
4.046560911070172623e-22 9.084742876942766640e-25
4.356990620278418755e-22 9.084742876942766640e-25
4.691234775006436433e-22 9.084742876942766640e-25
5.051120287429804704e-22 9.084742876942766640e-25
5.438614220293408259e-22 9.084742876942766640e-25
5.855834538485781946e-22 9.084742876942766640e-25
6.305061685414603763e-22 9.084742876942766640e-25
6.788751047457514274e-22 9.084742876942766640e-25
7.309546374616465648e-22 9.084742876942766640e-25
7.870294230730299683e-22 9.084742876942766640e-25
8.474059552227100174e-22 9.084742876942766640e-25
9.124142400458790972e-22 9.084742876942766640e-25
9.824095999180143368e-22 9.084742876942766640e-25
1.057774615576538218e-21 9.084742876942766640e-25
1.138921217231030715e-21 9.084742876942766640e-25
1.226292936092089085e-21 9.084742876942766640e-25
1.320367328624703865e-21 9.084742876942766640e-25
1.421658586777218275e-21 9.084742876942766640e-25
1.530720348452243553e-21 9.084742876942766640e-25
1.648148723581671861e-21 9.084742876942766640e-25
1.774585552344996414e-21 9.084742876942766640e-25
1.910721913340483430e-21 9.084742876942766640e-25
2.057301900883348520e-21 9.084742876942766640e-25
2.215126692077679194e-21 9.084742876942766640e-25
2.385058925891315877e-21 9.084742876942766640e-25
2.568027418169161429e-21 9.084742876942766640e-25
2.765032238356145070e-21 9.084742876942766640e-25
2.977150175678215814e-21 9.084742876942766640e-25
3.205540624658421961e-21 9.084742876942766640e-25
3.451451922137141418e-21 9.084742876942766640e-25
3.716228170433356335e-21 9.084742876942766640e-25
4.001316583941019916e-21 9.084742876942766640e-25
4.308275399315541992e-21 9.084742876942766640e-25
4.638782392485913652e-21 9.084742876942766640e-25
4.994644049044767979e-21 9.084742876942766640e-25
5.377805438139888974e-21 9.084742876942766640e-25
5.790360843835928887e-21 9.084742876942766640e-25
6.234565212055219168e-21 9.084742876942766640e-25
6.712846475664398152e-21 9.084742876942766640e-25
7.227818825073316544e-21 9.084742876942766640e-25
7.782296996880698077e-21 9.084742876942766640e-25
8.379311658665431038e-21 9.084742876942766640e-25
9.022125974013734277e-21 9.084742876942766640e-25
9.714253438323312084e-21 9.084742876942766640e-25
1.045947708287149069e-20 9.084742876942766640e-25
1.126187015211295137e-20 9.084742876942766640e-25
1.212581836722504681e-20 9.084742876942766640e-25
1.305604389758884961e-20 9.084742876942766640e-25
1.405763117122925338e-20 9.084742876942766640e-25
1.513605466528890135e-20 9.084742876942766640e-25
1.629720882843311023e-20 9.084742876942766640e-25
1.754744029873577526e-20 9.084742876942766640e-25
1.889358259314275662e-20 9.084742876942766640e-25
2.034299345811851151e-20 9.084742876942766640e-25
2.190359508562733855e-20 9.084742876942766640e-25
2.358391741426077388e-20 9.084742876942766640e-25
2.539314475218909125e-20 9.084742876942766640e-25
2.734116597676525827e-20 9.084742876942766640e-25
2.943862858516498906e-20 9.084742876942766640e-25
3.169699689149193101e-20 9.084742876942766640e-25
3.412861468844195131e-20 9.084742876942766640e-25
3.674677271602281805e-20 9.084742876942766640e-25
3.956578130609978180e-20 9.084742876942766640e-25
4.260104859982782469e-20 9.084742876942766640e-25
4.586916476549143738e-20 9.084742876942766640e-25
4.938799267707004066e-20 9.084742876942766640e-25
5.317676554915988859e-20 9.084742876942766640e-25
5.725619206190576962e-20 9.084742876942766640e-25
6.164856955053433344e-20 9.084742876942766640e-25
6.637790587816063569e-20 9.084742876942766640e-25
7.147005065800043039e-20 9.084742876942766640e-25
7.695283654222284201e-20 9.084742876942766640e-25
8.285623134970006770e-20 9.084742876942766640e-25
8.921250186415434564e-20 9.084742876942766640e-25
9.605639019799024820e-20 9.084742876942766640e-25
1.034253036857820298e-19 9.084742876942766640e-25
1.113595193453359803e-19 9.084742876942766640e-25
1.199024040238716608e-19 9.084742876942766640e-25
1.291006514325969139e-19 9.084742876942766640e-25
1.390045373652609989e-19 9.084742876942766640e-25
1.496681944956593744e-19 9.084742876942766640e-25
1.611499082560790627e-19 9.084742876942766640e-25
1.735124354138971797e-19 9.084742876942766640e-25
1.868233470876092024e-19 9.084742876942766640e-25
2.011553980771444338e-19 9.084742876942766640e-25
2.165869245271546941e-19 9.084742876942766640e-25
2.332022720968250891e-19 9.084742876942766640e-25
2.510922569764977647e-19 9.084742876942766640e-25
2.703546622709339238e-19 9.084742876942766640e-25
2.910947724623468501e-19 9.084742876942766640e-25
3.134259488744768227e-19 9.084742876942766640e-25
3.374702492830652282e-19 9.084742876942766640e-25
3.633590950594336216e-19 9.084742876942766640e-25
3.912339894935916631e-19 9.084742876942766640e-25
4.212472912231233910e-19 9.084742876942766640e-25
4.535630469952445179e-19 9.084742876942766640e-25
4.883578883137465652e-19 9.084742876942766640e-25
5.258219968717212101e-19 9.084742876942766640e-25
5.661601440469281452e-19 9.084742876942766640e-25
6.095928101414825583e-19 9.084742876942766640e-25
6.563573894834038270e-19 9.084742876942766640e-25
7.067094879768702625e-19 9.084742876942766640e-25
7.609243201933336282e-19 9.084742876942766640e-25
8.192982136397142760e-19 9.084742876942766640e-25
8.821502284257093001e-19 9.084742876942766640e-25
9.498239011829937508e-19 9.084742876942766640e-25
1.022689122768228789e-18 9.084742876942766640e-25
1.101144160013032652e-18 9.084742876942766640e-25
1.185617832571393557e-18 9.084742876942766640e-25
1.276571856762743880e-18 9.084742876942766640e-25
1.374503369221674348e-18 9.084742876942766640e-25
1.479947644148057706e-18 9.084742876942766640e-25
1.593481019009530084e-18 9.084742876942766640e-25
1.715724044687640311e-18 9.084742876942766640e-25
1.847344877285739913e-18 9.084742876942766640e-25
1.989062930137561135e-18 9.084742876942766640e-25
2.141652805977637904e-18 9.084742876942766640e-25
2.305948530766033296e-18 9.084742876942766640e-25
2.482848112308615278e-18 9.084742876942766640e-25
2.673318448589397936e-18 9.084742876942766640e-25
2.878400612642916386e-18 9.084742876942766640e-25
3.099215542852694864e-18 9.084742876942766640e-25
3.336970169777858675e-18 9.084742876942766640e-25
3.592964012995895540e-18 9.084742876942766640e-25
3.868596284018608364e-18 9.084742876942766640e-25
4.165373534104384436e-18 9.084742876942766640e-25
4.484917888768202244e-18 9.084742876942766640e-25
4.828975913997614938e-18 9.084742876942766640e-25
5.199428162635448099e-18 9.084742876942766640e-25
5.598299453108431417e-18 9.084742876942766640e-25
6.027769936682476582e-18 9.084742876942766640e-25
6.490187013736602629e-18 9.084742876942766640e-25
6.988078164187260097e-18 9.084742876942766640e-25
7.524164762191649868e-18 9.084742876942766640e-25
8.101376950638448989e-18 9.084742876942766640e-25
8.722869656726982213e-18 9.084742876942766640e-25
9.392039836172784096e-18 9.084742876942766640e-25
1.011254504029297077e-17 9.084742876942766640e-25
1.088832340745542631e-17 9.084742876942766640e-25
1.172361518816108928e-17 9.084742876942766640e-25
1.262298592141115333e-17 9.084742876942766640e-25
1.359135138903663234e-17 9.084742876942766640e-25
1.463400448438566878e-17 9.084742876942766640e-25
1.575664414222751811e-17 9.084742876942766640e-25
1.696540648799829308e-17 9.084742876942766640e-25
1.826689837664409866e-17 9.084742876942766640e-25
1.966823350437816846e-17 9.084742876942766640e-25
2.117707129073173905e-17 9.084742876942766640e-25
2.280165874342019351e-17 9.084742876942766640e-25
2.455087553484954489e-17 9.084742876942766640e-25
2.643428253664248859e-17 9.084742876942766640e-25
2.846217407746408842e-17 9.084742876942766640e-25
3.064563420977801962e-17 9.084742876942766640e-25
3.299659729307626504e-17 9.084742876942766640e-25
3.552791322471815775e-17 9.084742876942766640e-25
3.825341767491765382e-17 9.084742876942766640e-25
4.118800770976918815e-17 9.084742876942766640e-25
4.434772321565273269e-17 9.084742876942766640e-25
4.774983457006752005e-17 9.084742876942766640e-25
5.141293703808591847e-17 9.084742876942766640e-25
5.535705241037967150e-17 9.084742876942766640e-25
5.960373843835178692e-17 9.084742876942766640e-25
6.417620666452476851e-17 9.084742876942766640e-25
6.909944929222323933e-17 9.084742876942766640e-25
7.440037578799218946e-17 9.084742876942766640e-25
8.010795996340068154e-17 9.084742876942766640e-25
8.625339834014010674e-17 9.084742876942766640e-25
9.287028066401733613e-17 9.084742876942766640e-25
9.999477349983496503e-17 9.084742876942766640e-25
1.076658179106526705e-16 9.084742876942766640e-25
1.159253423019048908e-16 9.084742876942766640e-25
1.248184915937388675e-16 9.084742876942766640e-25
1.343938739741832679e-16 9.084742876942766640e-25
1.447038265818512913e-16 9.084742876942766640e-25
1.558047015703473210e-16 9.084742876942766640e-25
1.677571741179480760e-16 9.084742876942766640e-25
1.806265740660781883e-16 9.084742876942766640e-25
1.944832429992502367e-16 9.084742876942766640e-25
2.094029187181972972e-16 9.084744237496484320e-25
2.254671492076517516e-16 9.086039935686055629e-25
2.427637383614360020e-16 9.087435032654255052e-25
2.613872259011100436e-16 9.092112568281201565e-25
2.814394041113158001e-16 9.098582348199663769e-25
3.030298742161911951e-16 9.101090611646382217e-25
3.262766454378965517e-16 9.100339869537550055e-25
3.513067800115885847e-16 9.099585360519842409e-25
3.782570876823660923e-16 9.098841597681017651e-25
4.072748734801686674e-16 9.098079543283490276e-25
4.385187428598186912e-16 9.097342694831912248e-25
4.721594686069415161e-16 9.096573167751003909e-25
5.083809242480997137e-16 9.095843169407122371e-25
5.473810890669755859e-16 9.095066241663013608e-25
5.893731302198210992e-16 9.094343029744833527e-25
6.345865678648031543e-16 9.093564337019520157e-25
6.832685296736103051e-16 9.092842284105251867e-25
7.356851015822313574e-16 9.092070830492685624e-25
7.921227821638423407e-16 9.091340940671364582e-25
8.528900485731146380e-16 9.090576658873191653e-25
9.183190426210848987e-16 9.089839007549641527e-25
9.887673861963373119e-16 9.089081830893108032e-25
1.064620135955239861e-15 9.088336492770723990e-25
1.146291887965127763e-15 9.087586355202939933e-25
1.234229043804128396e-15 9.086833404290185087e-25
1.328912250503508145e-15 9.086090240372289128e-25
1.430859027668906085e-15 9.085329749989159753e-25
1.540626596139729444e-15 9.084593494890651124e-25
1.658814923647609336e-15 9.083825537675075754e-25
1.786070004120880242e-15 9.083096127168142498e-25
1.923087388559110386e-15 9.082320775082320415e-25
2.070615986776743176e-15 9.081598145536266807e-25
2.229462160795425558e-15 9.080820079859439833e-25
2.400494132258689548e-15 9.080099558248636413e-25
2.584646727959044964e-15 9.079328725855223141e-25
2.782926489415589637e-15 9.084303374221987260e-25
2.996417174430074030e-15 9.090834189801945995e-25
3.226285680691833183e-15 9.105870209155253452e-25
3.473788423808833323e-15 9.125408328844036691e-25
3.740278204625887089e-15 9.135861546742806619e-25
4.027211603365432798e-15 9.139428849101734863e-25
4.336156941005780691e-15 9.141122940713561057e-25
4.668802851412144576e-15 9.140374928624323447e-25
5.026967511074021669e-15 9.140526288391343323e-25
5.412608576896828341e-15 9.142615357228747010e-25
5.827833886365797452e-15 9.146823215064369682e-25
6.274912978567092041e-15 9.158727502692219853e-25
6.756289499037774361e-15 9.171248009798803605e-25
7.274594556247046022e-15 9.181679813718330912e-25
7.832661102712654768e-15 9.192911887775497016e-25
8.433539419356797800e-15 9.211400909620410215e-25
9.080513787735905914e-15 9.231530692825078859e-25
9.777120441271449446e-15 9.252952165403739876e-25
1.052716689359958572e-14 9.275968226098710621e-25
1.133475274968461038e-14 9.301219872494094690e-25
1.220429211344557855e-14 9.328599571188911446e-25
1.314053771437178899e-14 9.366397345118592395e-25
1.414860688499836463e-14 9.412992283942577190e-25
1.523400953122969620e-14 9.461214568061241655e-25
1.640267824839109338e-14 9.510849168166903133e-25
1.766100074761620936e-14 9.566139240639210207e-25
1.901585476980839898e-14 9.629327388824027485e-25
2.047464567800622338e-14 9.700052062088563262e-25
2.204534693362736362e-14 9.786174034495322765e-25
2.373654367782538409e-14 9.879528972424813422e-25
2.555747965616642292e-14 9.986394405887393325e-25
2.751810774310684880e-14 1.010145796268563128e-24
2.962914434242858886e-14 1.022844243987205926e-24
3.190212796097413943e-14 1.036527924153187507e-24
3.434948227583366443e-14 1.052576570370320411e-24
3.698458403969685536e-14 1.070116206649322117e-24
3.982183619552680380e-14 1.089920083665056083e-24
4.287674660018608423e-14 1.111627277877812129e-24
4.616601278730282819e-14 1.135209001589822109e-24
4.970761323267372664e-14 1.160753901951212255e-24
5.352090562104259623e-14 1.189337540225244880e-24
5.762673265136112214e-14 1.221447404847259382e-24
6.204753595884237502e-14 1.256624468428036888e-24
6.680747877648247325e-14 1.295789412786417727e-24
7.193257800649376948e-14 1.338274774973461959e-24
7.745084642352591453e-14 1.385356637808665235e-24
8.339244578692933842e-14 1.436082018097471242e-24
8.978985169894232045e-14 1.491164678637717645e-24
9.667803110988381090e-14 1.550555506338404359e-24
1.040946334405602049e-13 1.617169377025551682e-24
1.120801963665229803e-13 1.689200384144190839e-24
1.206783673889533287e-13 1.768120300035756577e-24
1.299361424032360841e-13 1.851906281687498316e-24
1.399041225691914837e-13 1.941073961278779441e-24
1.506367908869663355e-13 2.045830803887681027e-24
1.621928099902936030e-13 2.161933983681488623e-24
1.746353427847992375e-13 2.274665076670492424e-24
1.880323976839013324e-13 2.396599996132103807e-24
2.024572003292928338e-13 2.529401009884549661e-24
2.179885938277578646e-13 2.682354551358650248e-24
2.347114696919387517e-13 2.856515957128560722e-24
2.527172318404786945e-13 3.057548941953286746e-24
2.721042961937013806e-13 3.277054243198088468e-24
2.929786285954805772e-13 3.519096661125742931e-24
3.154543240015020294e-13 3.791056048728087537e-24
3.396542300996341976e-13 4.101583227135305757e-24
3.657106187709949763e-13 4.450804783281736179e-24
3.937659090617875448e-13 4.845870181568472787e-24
4.239734456175252536e-13 5.299195664868537845e-24
4.564983368344128089e-13 5.826297831466352645e-24
4.915183573090526770e-13 6.403875325050605614e-24
5.292249195190878885e-13 7.093063313530974070e-24
5.698241200457939231e-13 7.903721735644938325e-24
6.135378660570653617e-13 8.856284127221154046e-24
6.606050882079294216e-13 9.947553157725185147e-24
7.112830465880595236e-13 1.110384648548208983e-23
7.658487368543385702e-13 1.262041785022142545e-23
8.246004042341138664e-13 1.445670353963639319e-23
8.878591736743841435e-13 1.675863137280888888e-23
9.559708050469912855e-13 1.948726644495780244e-23
1.029307583003418527e-12 2.310630639269172618e-23
1.108270351808767010e-12 2.734562576093517414e-23
1.193290706276909685e-12 3.277963113243425277e-23
1.284833350782037679e-12 3.931725606899597203e-23
1.383398639240488946e-12 4.771946094547495582e-23
1.489525309945894203e-12 5.949535608958886274e-23
1.603793430205707637e-12 7.515446772621711455e-23
1.726827566873920074e-12 9.538639439098216601e-23
1.859300200109456107e-12 1.208121568152772687e-22
2.001935399019181110e-12 1.630539737494458233e-22
2.155512779275855679e-12 2.171650122342201515e-22
2.320871764342584995e-12 2.894943574068639904e-22
2.498916173594776278e-12 4.012250952486648023e-22
2.690619162417365163e-12 5.717915222309509688e-22
2.897028541278899291e-12 6.006568135899077328e-22
3.119272502855486570e-12 6.010950924264637127e-22
3.358565788507925522e-12 6.015584622497374610e-22
3.616216327816789913e-12 6.019755331044334678e-22
3.893632387465672010e-12 6.024245993218555179e-22
4.192330268547393381e-12 6.028727102658157154e-22
4.513942594364556151e-12 6.033000465081653222e-22
4.860227234024341962e-12 6.037601656168456545e-22
5.233076910601967429e-12 6.041925893143942145e-22
5.634529546389162722e-12 6.046304436069423836e-22
6.066779401772725784e-12 6.051015182343070976e-22
6.532189068626058138e-12 6.055181850883590630e-22
7.033302383767185215e-12 6.059668163124484543e-22
7.572858333065646653e-12 6.064226629869849575e-22
8.153806022195353353e-12 6.068495852850007143e-22
8.779320795860565116e-12 6.073092586938338393e-22
9.452821593599487071e-12 6.077494494953589097e-22
1.017798963702885655e-11 6.081868796551388195e-22
1.095878855067027355e-11 6.086578670306096766e-22
1.179948602633474838e-11 6.090819634013423326e-22
1.270467714947866206e-11 6.095301600534604693e-22
1.367930951502837278e-11 6.099937835947212328e-22
1.472871026995159708e-11 6.104202923493752653e-22
1.585861523038487329e-11 6.108795204900936449e-22
1.707520023246553920e-11 6.113275195976483525e-22
1.838511488822566378e-11 6.117645260355012972e-22
1.979551893105093870e-11 6.122350571834490746e-22
2.131412134936157937e-11 6.126669937565567537e-22
2.294922252241219299e-11 6.131147562576570966e-22
2.470975958851647581e-11 5.611420755393395824e-23
2.660535529367051710e-11 5.630993906492328562e-23
2.864637058757152525e-11 5.652068601182834808e-23
3.084396125451138903e-11 5.674760029561082862e-23
3.321013888867832106e-11 5.699192218468527621e-23
3.575783654714540078e-11 5.725498709397995710e-23
3.850097943939231770e-11 5.753823288404967837e-23
4.145456103973510625e-11 5.788516026571208644e-23
4.463472503867937169e-11 5.828070452773150614e-23
4.805885358112676017e-11 5.870659275168210355e-23
5.174566227372767339e-11 5.916515275802319750e-23
5.571530248066902993e-11 5.965889094468856679e-23
5.998947146703169534e-11 6.019050598656010256e-23
6.459153099173115858e-11 6.076290358588863502e-23
6.954663499825301812e-11 6.131609265853899653e-23
7.488186710111295801e-11 6.190465218646191244e-23
8.062638861951545220e-11 6.253836273697416431e-23
8.681159796733373312e-11 6.322068804610267901e-23
9.347130227060481244e-11 6.395535756849107858e-23
1.006419021505671248e-10 6.474638686185817213e-23
1.083625906822276762e-10 6.558436733361793282e-23
1.166755676159271220e-10 6.640215944203036755e-23
1.256262700327951155e-10 6.728268802518922380e-23
1.352636206948128727e-10 6.823076587747481253e-23
1.456402954469150056e-10 6.925157500415851970e-23
1.568130111326977217e-10 7.035069494521466650e-23
1.688428355974229743e-10 7.153413327197794675e-23
1.817955214727338503e-10 7.260917782885604873e-23
1.957418655674820359e-10 7.344408626780058313e-23
2.107580958290260492e-10 7.434304425143578277e-23
2.269262879900543564e-10 7.531096530558523074e-23
2.443348141782414710e-10 7.635313989452124788e-23
2.630788259407489674e-10 7.747526433759206054e-23
2.832607743236871542e-10 7.868347194417215333e-23
3.049909698491883040e-10 7.973558231082984577e-23
3.283881854508152130e-10 8.072012170625847578e-23
3.535803056628301100e-10 8.178018950344447157e-23
3.807050256116636544e-10 8.292157982245912705e-23
4.099106036301325958e-10 8.415053127612902229e-23
4.413566716080457979e-10 8.547376106905487372e-23
4.752151075084139887e-10 8.689850171251800734e-23
5.116709748182646482e-10 8.811950122594749426e-23
5.509235340689115706e-10 8.939015416569372500e-23
5.931873319544504531e-10 9.075828455141411847e-23
6.386933740013836562e-10 9.223137031211387410e-23
6.876903871989554223e-10 9.381746304203577137e-23
7.404461794914827613e-10 9.552523200907546179e-23
7.972491035634042625e-10 9.730331025884219625e-23
8.584096329177666407e-10 9.879053901036846793e-23
9.242620588627764253e-10 1.003918597029302511e-22
9.951663176816821277e-10 1.021160248374430340e-22
1.071509957973029046e-09 1.039724583581475390e-22
1.153710258914338536e-09 1.059713071620176145e-22
1.242216511027230151e-09 1.081234965596840396e-22
1.337512471910191963e-09 1.103302092738881291e-22
1.440119010361549811e-09 1.125176065689870285e-22
1.550596953344884989e-09 1.148728088523620173e-22
1.669550151357847928e-09 1.174086891919981953e-22
1.797628778959065442e-09 1.201391082062571831e-22
1.935532888493167767e-09 1.230789898232646949e-22
2.084016236437886699e-09 1.262444028521379260e-22
2.243890403287283083e-09 1.290747132325540840e-22
2.416029229489562212e-09 1.317750594992390972e-22
2.601373591685439383e-09 1.346825613542745641e-22
2.800936545353015728e-09 1.378131106254287113e-22
3.015808861967851138e-09 1.411838182733535811e-22
3.247164990943243856e-09 1.448131079166980252e-22
3.496269478937500693e-09 1.485220229214317277e-22
3.764483881614859761e-09 1.516682312281431245e-22
4.053274205638371282e-09 1.550557991859817695e-22
4.364218921571200827e-09 1.587032425687023454e-22
4.699017591483272553e-09 1.626304975775259522e-22
5.059500158420046609e-09 1.668590298084569844e-22
5.447636948507814439e-09 1.713498976113938522e-22
5.865549440365039626e-09 1.752655274458806674e-22
6.315521860683201283e-09 1.794815426835777904e-22
6.800013669356290099e-09 1.840209872265586715e-22
7.321673002400187935e-09 1.889086727772528805e-22
7.883351146138266397e-09 1.941713144542845456e-22
8.488118121766218117e-09 1.994989579889843371e-22
9.139279465478273655e-09 2.041418833755863552e-22
9.840394295871621694e-09 2.091409882462770570e-22
1.059529476738189568e-08 2.145235967155580212e-22
1.140810701607832449e-08 2.203191290524446154e-22
1.228327371230422503e-08 2.265592624858147746e-22
1.322557834343047950e-08 2.323285170783964411e-22
1.424017135944817738e-08 2.381714193007667846e-22
1.533259832430510920e-08 2.444625565745015091e-22
1.650883022685717270e-08 2.512363150066455988e-22
1.777529611710772836e-08 2.585297186156569929e-22
1.913891824611824133e-08 2.663826316973393222e-22
2.060714990165796142e-08 2.725566421180464720e-22
2.218801614639481031e-08 2.789613229191369497e-22
2.389015768129428965e-08 2.858573353082964542e-22
2.572287807397510192e-08 2.932823715198348169e-22
2.769619461016223921e-08 3.012770153272214888e-22
2.982089304618154831e-08 3.097642688485062967e-22
3.210858656176195203e-08 3.175431466241802212e-22
3.457177923536970291e-08 3.259187767579522664e-22
3.722393438901825285e-08 3.349369387809021001e-22
4.007954817611278131e-08 3.446469241758215329e-22
4.315422881454610736e-08 3.551018057946715482e-22
4.646478189811820493e-08 3.656210501121549387e-22
5.002930225257464474e-08 3.763712782649297475e-22
5.386727283833086416e-08 3.879462042964041067e-22
5.799967124046487250e-08 4.004090944537186855e-22
6.244908432803156704e-08 4.138280684195941159e-22
6.723983170940365343e-08 4.280014720303743685e-22
7.239809865842169458e-08 4.427683863248418422e-22
7.795207923790098644e-08 4.586681363806081660e-22
8.393213040278018908e-08 4.757876270741077714e-22
9.037093792520866742e-08 4.944091570048906696e-22
9.730369504848640363e-08 5.166033735595252883e-22
1.047682948463431811e-07 5.405002073099895913e-22
1.128055373389547384e-07 5.662302736041331800e-22
1.214593524977510588e-07 5.930446294263064758e-22
1.307770403579165444e-07 6.196370248163693045e-22
1.408095295509895459e-07 6.482694412884093113e-22
1.516116556706489112e-07 6.690251580170636258e-22
1.632424609931797750e-07 6.708783120151406675e-22
1.757655171908326405e-07 6.747871924294260721e-22
1.892492728019541021e-07 6.789959404688385936e-22
2.037674273571133137e-07 6.818594020034897078e-22
2.193993342060954364e-07 6.842321646698333631e-22
2.362304342475548329e-07 6.867863789014630029e-22
2.543527229320002767e-07 6.894404914429642974e-22
2.738652530906590370e-07 6.922982127778511910e-22
2.948746763385825355e-07 6.952110250876820657e-22
3.174958260111951058e-07 6.979540848853165594e-22
3.418523448205021680e-07 7.009075770164891030e-22
3.680773606616007624e-07 7.047875087212981076e-22
3.963142142633178931e-07 7.094525478723090008e-22
4.267172426601695909e-07 7.144754629527620040e-22
4.594526227679432940e-07 7.185526384495247022e-22
4.946992796737202996e-07 7.227713302912511712e-22
5.326498646048707057e-07 7.272769013816243888e-22
5.735118079224055871e-07 7.319573322563659003e-22
6.175084528941389622e-07 7.369968198282253661e-22
6.648802764446376676e-07 7.450092012409591949e-22
7.158862035543378841e-07 7.566156660904925148e-22
7.708050224920703436e-07 7.691125145490603019e-22
8.299369086163763856e-07 7.835790896625135290e-22
8.936050650744084144e-07 7.995079524960089842e-22
9.621574893661515160e-07 8.166186375664241816e-22
1.035968875429651931e-06 8.322776025458585636e-22
1.115442661643676859e-06 8.491378364674630058e-22
1.201013235941777250e-06 8.697245179735758355e-22
1.293148310090472297e-06 8.992965071876985611e-22
1.392351476108886672e-06 9.311370953959290212e-22
1.499164958802724572e-06 9.656169706090014397e-22
1.614172579457381796e-06 1.002801731811345128e-21
1.738002946889157396e-06 1.044189763315723072e-21
1.871332893296213961e-06 1.091980554499659691e-21
2.014891173688968161e-06 1.145564744958618290e-21
2.169462449120260244e-06 1.209236673604352345e-21
2.335891575486852922e-06 1.277584346130673217e-21
2.515088221343990465e-06 1.350915801744628651e-21
2.708031839973101239e-06 1.442184931485563848e-21
2.915777022878848747e-06 1.544673042128477448e-21
3.139459263977003697e-06 1.636105034375949695e-21
3.380301165978615649e-06 1.740167986157500035e-21
3.639619122893670125e-06 1.870910731838364922e-21
3.918830515179335842e-06 2.023482428607921415e-21
4.219461456860082284e-06 2.197189231347006648e-21
4.543155136963879306e-06 2.396611080030787286e-21
4.891680800867123638e-06 2.624910791874916353e-21
5.266943420638524654e-06 2.905185490436465187e-21
5.670994107238149569e-06 3.229900270310126526e-21
6.106041321482613045e-06 3.588477865083443991e-21
6.574462945053352970e-06 3.963636308624271750e-21
7.078819277525698544e-06 4.497267589266648183e-21
7.621867030457922816e-06 5.071876184749525891e-21
8.206574395029196266e-06 5.690654811324183487e-21
8.836137265583148258e-06 6.441879930054050804e-21
9.513996707751709453e-06 7.664210471204455446e-21
1.024385776663652301e-05 8.901433648043701817e-21
1.102970971784973671e-05 9.986699873867939978e-21
1.187584787210229436e-05 1.142070590931650717e-20
1.278689705251932884e-05 1.355028028144839812e-20
1.376783687300496187e-05 1.538486989338640842e-20
1.482402895582305934e-05 1.833257948871147223e-20
1.596124623715980767e-05 2.142096206337776603e-20
1.718570452084652381e-05 2.463046916544092934e-20
1.850409645270906128e-05 2.933195673651864184e-20
1.992362810124086769e-05 3.864432781068264343e-20
2.145205834454257676e-05 4.902193666161872237e-20
2.309774127880818883e-05 1.000000000000000000e+00
