# Union of inverse square law tests 
#  m [eV] 	 g_s_nucleon [dimensionless]
3.943270469646184739e-08 1.000000000000000000e+00
4.019317946622209024e-08 6.732087534709933969e-20
4.096832028234900583e-08 6.665454340264006167e-20
4.175840998514796625e-08 6.598422465843100657e-20
4.256373686960735970e-08 6.530097856123947902e-20
4.338459479059482169e-08 6.461230132340333316e-20
4.422128327008122337e-08 6.392181434068208088e-20
4.507410760643304156e-08 6.321801105279612146e-20
4.594337898581235189e-08 6.253159949526465623e-20
4.682941459572530112e-08 6.186112256072139000e-20
4.773253774075994792e-08 6.117771522243462850e-20
4.865307796055708100e-08 6.054910304942049007e-20
4.959137115005522144e-08 5.994880682973112221e-20
5.054775968205507255e-08 5.933693366818674844e-20
5.152259253214765485e-08 5.872495576302034331e-20
5.251622540605121092e-08 5.810529926553472891e-20
5.352902086940493582e-08 5.747369245584295305e-20
5.456134848006473043e-08 5.686661186007820555e-20
5.561358492295089298e-08 5.625420502774737720e-20
5.668611414749625464e-08 5.562998769577162543e-20
5.777932750774523049e-08 5.509512978977234835e-20
5.889362390515407178e-08 5.455366624576260255e-20
6.002940993414631780e-08 5.400350179429630975e-20
6.118710003047412391e-08 5.346381162060767885e-20
6.236711662244140935e-08 5.291371331580714904e-20
6.356989028504341241e-08 5.235649580467093562e-20
6.479585989707815324e-08 5.180365951653015356e-20
6.604547280128932837e-08 5.124016156943963842e-20
6.731918496759612419e-08 5.068914661735410428e-20
6.861746115947178267e-08 5.018229275693729117e-20
6.994077510353074122e-08 4.966566402625044319e-20
7.128960966238570346e-08 4.913897860657539019e-20
7.266445701083970377e-08 4.860200184346158711e-20
7.406581881547465478e-08 4.805466927839509377e-20
7.549420641770412732e-08 4.754339857273852843e-20
7.695014102035608715e-08 4.706489931384828340e-20
7.843415387785430425e-08 4.657717201400729630e-20
7.994678649006648819e-08 4.610411502452152635e-20
8.148859079989257694e-08 4.563580773571395789e-20
8.306012939466198730e-08 4.515846896199115406e-20
8.466197571141562305e-08 4.470165192263581528e-20
8.629471424614672987e-08 4.424610481949909429e-20
8.795894076707720048e-08 4.378177231650098068e-20
8.965526253204605268e-08 4.332402398711124189e-20
9.138429851009218956e-08 4.285999062975897152e-20
9.314667960730865422e-08 4.238700821189183309e-20
9.494304889705343965e-08 4.193886275532004044e-20
9.677406185460002176e-08 4.148304569847958023e-20
9.864038659631229250e-08 4.102455046528027659e-20
1.005427041234339431e-07 4.062416662278721176e-20
1.024817085705775567e-07 4.021606122498163545e-20
1.044581074590067959e-07 3.979942442952273815e-20
1.064726219548033495e-07 3.937202112385097913e-20
1.085259871320115218e-07 3.893637518220038774e-20
1.106189522408599768e-07 3.850451189663085409e-20
1.127522809811539434e-07 3.809192361816122337e-20
1.149267517809410748e-07 3.767137841717029525e-20
1.171431580805511884e-07 3.727987831003162085e-20
1.194023086221141527e-07 3.693258789378496767e-20
1.217050277446599188e-07 3.657859984922784324e-20
1.240521556849122286e-07 3.620584099688674155e-20
1.264445488838806472e-07 3.581529118341081092e-20
1.288830802993666981e-07 3.541720946762766768e-20
1.313686397244967711e-07 3.502397482302315656e-20
1.339021341123967324e-07 3.463014404230562889e-20
1.364844879071306358e-07 3.422871808457461195e-20
1.391166433810190998e-07 3.383307997370688427e-20
1.417995609784643013e-07 3.343422017313557249e-20
1.445342196664055430e-07 3.302766820898225438e-20
1.473216172915336933e-07 3.274681910039300211e-20
1.501627709443932755e-07 3.246065899849124492e-20
1.530587173305092385e-07 3.216898018973731353e-20
1.560105131486682981e-07 3.187167624376191642e-20
1.590192354764967250e-07 3.140528040932775638e-20
1.620859821634746065e-07 3.090365892156417574e-20
1.652118722315274527e-07 3.039236347183557437e-20
1.683980462833469783e-07 2.987615873530706430e-20
1.716456669185831239e-07 2.945214695889997288e-20
1.749559191580640431e-07 2.901995795345113114e-20
1.783300108761975019e-07 2.857943401797546146e-20
1.817691732417094378e-07 2.812872257739486382e-20
1.852746611668859360e-07 2.766529554128379789e-20
1.888477537654754555e-07 2.719293113779455474e-20
1.924897548194235703e-07 2.671145700638399916e-20
1.962019932546085748e-07 2.623330552261700905e-20
1.999858236257523079e-07 2.575069142848963361e-20
2.038426266106805008e-07 2.525876993724258911e-20
2.077738095141192604e-07 2.481605976514229584e-20
2.117808067812033664e-07 2.442067433859350900e-20
2.158650805208899056e-07 2.401766375309263517e-20
2.200281210394655733e-07 2.361660169109625657e-20
2.242714473843433874e-07 2.327769262774068911e-20
2.285966078983445315e-07 2.293224757366606237e-20
2.330051807846741753e-07 2.258014047979516812e-20
2.374987746827885757e-07 2.219692371772808941e-20
2.420790292553702487e-07 2.178647047704883879e-20
2.467476157866232854e-07 2.136810148886741884e-20
2.515062377921043579e-07 2.095689118571952396e-20
2.563566316403198061e-07 2.056760833938004875e-20
2.613005671863051971e-07 2.017081802467845011e-20
2.663398484174264317e-07 1.979678706557806405e-20
2.714763141116351996e-07 1.948541765558737152e-20
2.767118385084166418e-07 1.916804336761038689e-20
2.820483319926817929e-07 1.884454839528179426e-20
2.874877417918437744e-07 1.855310565654660386e-20
2.930320526863399476e-07 1.826997046783014691e-20
2.986832877338570477e-07 1.798137490886750201e-20
3.044435090075202384e-07 1.768937010139603976e-20
3.103148183483240201e-07 1.740275116693279122e-20
3.162993581320686828e-07 1.711060467685618884e-20
3.223993120510900834e-07 1.681282403014519985e-20
3.286169059110647039e-07 1.656485641357358056e-20
3.349544084431814756e-07 1.635030508165127083e-20
3.414141321319774656e-07 1.613161604535381946e-20
3.479984340591352642e-07 1.590870950747216650e-20
3.547097167635598157e-07 1.565227903865136826e-20
3.615504291180357611e-07 1.537622069575198821e-20
3.685230672227946282e-07 1.509483846228073589e-20
3.756301753163150132e-07 1.480827126253433809e-20
3.828743467036838199e-07 1.481587547833343381e-20
3.902582247028693871e-07 1.445969342011311545e-20
3.977845036092357349e-07 1.422564685463130047e-20
4.054559296786619962e-07 1.400486306422455742e-20
4.132753021296215679e-07 1.378210728432384636e-20
4.212454741645826144e-07 1.355505557413542868e-20
4.293693540111151090e-07 1.332670358208545768e-20
4.376499059830675810e-07 1.309539712338905933e-20
4.460901515622131008e-07 1.286232947292580415e-20
4.546931705007557820e-07 1.263058529046630644e-20
4.634621019450942099e-07 1.239437183294300750e-20
4.724001455812670077e-07 1.217727534375688897e-20
4.815105628024790694e-07 1.195709077414904104e-20
4.907966778991490221e-07 1.174206265666568860e-20
5.002618792719063584e-07 1.152940073539605999e-20
5.099096206679770007e-07 1.131889804339164649e-20
5.197434224414284076e-07 1.112548113942015738e-20
5.297668728376932383e-07 1.092833411658801926e-20
5.399836293028919184e-07 1.073731961593923953e-20
5.503974198183891646e-07 1.054622106230681343e-20
5.610120442610938515e-07 1.035660090030563610e-20
5.718313757899936071e-07 1.017968452306948293e-20
5.828593622594227208e-07 9.999356245932462898e-21
5.941000276595976302e-07 9.826660123794126448e-21
6.055574735849217476e-07 9.652182002315951176e-21
6.172358807306128450e-07 9.479890672196082763e-21
6.291395104181939338e-07 9.309539717097841072e-21
6.412727061503972576e-07 9.139400323729901293e-21
6.536398951960679687e-07 8.985559328157306720e-21
6.662455902056201769e-07 8.828751450231895581e-21
6.790943908576550229e-07 8.679298334117014269e-21
6.921909855373330643e-07 8.532396382854186460e-21
7.055401530471095663e-07 8.383076106277841749e-21
7.191467643504739026e-07 8.243139530771764207e-21
7.330157843493053641e-07 8.100504224964069956e-21
7.471522736955124148e-07 7.962835663410095342e-21
7.615613906376094090e-07 7.833840826826350425e-21
7.762483929028987633e-07 7.702358275554865011e-21
7.912186396159668061e-07 7.578055585341070014e-21
8.064775932541622510e-07 7.454090208608427840e-21
8.220308216407958002e-07 7.329019131324838333e-21
8.378839999767790555e-07 7.204747222037608037e-21
8.540429129114333038e-07 7.078078681519290220e-21
8.705134566532637521e-07 6.963615752729619167e-21
8.873016411213958965e-07 6.850793622845186422e-21
9.044135921385479519e-07 6.738558732633424780e-21
9.218555536662669439e-07 6.637974111396907312e-21
9.396338900832831180e-07 6.535449677325711765e-21
9.577550885078029129e-07 6.434640211970705418e-21
9.762257611645791660e-07 6.335030275151692228e-21
9.950526477976501586e-07 6.233499322659233067e-21
1.014242618129589664e-06 6.142676682496976427e-21
1.033802674368195182e-06 6.051260271409686765e-21
1.053739953761518141e-06 5.958080859921854686e-21
1.074061731202157545e-06 5.863104447897471686e-21
1.094775421881801294e-06 5.766296379494889019e-21
1.115888583996938684e-06 5.672230669931012183e-21
1.137408921506764323e-06 5.588798171559947174e-21
1.159344286944271470e-06 5.503756645594197742e-21
1.181702684281543212e-06 5.420297327736203443e-21
1.204492271850328422e-06 5.338288005950930194e-21
1.227721365318917023e-06 5.254697103074962574e-21
1.251398440726437956e-06 5.179197019708964263e-21
1.275532137575674200e-06 5.105358991641499915e-21
1.300131261985508915e-06 5.030100324254025671e-21
1.325204789904209937e-06 4.955310465367694246e-21
1.350761870384616288e-06 4.879078255489857503e-21
1.376811828922555906e-06 4.804247595731708017e-21
1.403364170859602943e-06 4.736909693412886172e-21
1.430428584851473547e-06 4.668273153930921612e-21
1.458014946403312897e-06 4.600545727532037598e-21
1.486133321473145097e-06 4.533875494985137714e-21
1.514793970144848168e-06 4.465919501541634997e-21
1.544007350371933162e-06 4.401815263977345985e-21
1.573784121793538761e-06 4.338388784620428326e-21
1.604135149624018220e-06 4.273739101385988596e-21
1.635071508617523660e-06 4.212799634249821602e-21
1.666604487109080405e-06 4.151614631803659670e-21
1.698745591133562308e-06 4.089249653218244955e-21
1.731506548624120447e-06 4.032690755935481945e-21
1.764899313691579086e-06 3.975372444578568380e-21
1.798936070986343846e-06 3.917373954525030150e-21
1.833629240144468548e-06 3.864215859732206916e-21
1.868991480319427378e-06 3.810032590779769834e-21
1.905035694801303824e-06 3.756066030145384617e-21
1.941775035725062694e-06 3.706895432083011415e-21
1.979222908869602270e-06 3.656776560258337046e-21
2.017392978549399219e-06 3.607342120660402515e-21
2.056299172600448604e-06 3.561013982135517392e-21
2.095955687462382800e-06 3.513792387766064603e-21
2.136376993358593378e-06 3.470012437456609661e-21
2.177577839576256728e-06 3.431897248740569428e-21
2.219573259848189126e-06 3.393046994053618737e-21
2.262378577838473930e-06 3.356079646175748288e-21
2.306009412733920034e-06 3.320902500415784137e-21
2.350481684943315853e-06 3.285046949965384235e-21
2.395811621906612942e-06 3.251596498085614949e-21
2.442015764016144963e-06 3.219361686375893258e-21
2.489110970652013568e-06 3.186505214011601131e-21
2.537114426333919287e-06 3.156674684127762021e-21
2.586043646991582963e-06 3.127574970683940314e-21
2.635916486356119670e-06 3.097914058152924384e-21
2.686751142474672877e-06 3.070176056523153562e-21
2.738566164350659781e-06 3.042344987942567842e-21
2.791380458712126982e-06 3.013977186575481331e-21
2.845213296910588202e-06 2.990156634934815750e-21
2.900084321952930876e-06 2.966076014201625626e-21
2.956013555668936954e-06 2.941838293454092071e-21
3.013021406017005597e-06 2.920980291044230305e-21
3.071128674530825125e-06 2.899720034092043569e-21
3.130356563909598831e-06 2.878538749451896132e-21
3.190726685754682563e-06 2.859101480675436997e-21
3.252261068455424195e-06 2.839289356747361250e-21
3.314982165227045931e-06 2.820331660327116352e-21
3.378912862303647996e-06 2.803942176719611807e-21
3.444076487289048433e-06 2.787236615661453353e-21
3.510496817668840816e-06 2.771713151986737122e-21
3.578198089486503169e-06 2.758071844380296573e-21
3.647205006186866634e-06 2.744167458946933256e-21
3.717542747630139296e-06 2.731431167911311047e-21
3.789236979279725922e-06 2.719775081080668082e-21
3.862313861567318577e-06 2.707894202163936036e-21
3.936800059438516206e-06 2.698337515336620678e-21
4.012722752082580715e-06 2.690082691610977089e-21
4.090109642849822287e-06 2.681668670457195866e-21
4.168988969360221437e-06 2.673850108681335445e-21
4.249389513807066435e-06 2.666140895339929018e-21
4.331340613459227573e-06 2.658283006875018814e-21
4.414872171366011222e-06 2.653988814602874846e-21
4.500014667268456142e-06 2.650231664159153223e-21
4.586799168721012461e-06 2.646402055634237541e-21
4.675257342427846927e-06 2.643646435097088781e-21
4.765421465797545450e-06 2.640873369903531541e-21
4.857324438720883470e-06 2.638423969352958254e-21
4.950999795575592671e-06 2.640187180575825274e-21
5.046481717462648916e-06 2.641984396000510440e-21
5.143805044678685859e-06 2.643890435076659239e-21
5.243005289428688086e-06 2.646144341415378710e-21
5.344118648784120520e-06 2.648441715198626297e-21
5.447182017890795336e-06 2.651579419996353391e-21
5.552233003431456073e-06 2.656600996900169267e-21
5.659309937348166237e-06 2.661719416832359283e-21
5.768451890829050955e-06 2.668860081115813288e-21
5.879698688565064268e-06 2.678843952118842006e-21
5.993090923281537293e-06 2.689020365887091651e-21
6.108669970549963004e-06 2.699937877672576332e-21
6.226478003885616518e-06 2.711554137264369471e-21
6.346558010136037172e-06 2.723394420858739129e-21
6.468953805166582852e-06 2.735673720779724680e-21
6.593710049848299684e-06 2.748308574892507042e-21
6.720872266354186274e-06 2.761187096992213830e-21
6.850486854769746965e-06 2.776721984735236365e-21
6.982601110023812499e-06 2.793351059845868966e-21
7.117263239146024010e-06 2.810300833020797360e-21
7.254522378856981591e-06 2.828070995132190762e-21
7.394428613497710013e-06 2.846261219797138256e-21
7.537032993304895165e-06 2.864802249891754455e-21
7.682387553038469248e-06 2.887715099280709990e-21
7.830545330968693703e-06 2.911162951272837502e-21
7.981560388229015516e-06 2.935173134827197961e-21
8.135487828542549771e-06 2.960777858259922116e-21
8.292383818328763096e-06 2.986876378562714006e-21
8.452305607197894914e-06 3.013768323125419056e-21
8.615311548840909198e-06 3.042340194264047148e-21
8.781461122321863110e-06 3.071463084849423723e-21
8.950814953781347505e-06 3.102273316092266348e-21
9.123434838558231271e-06 3.136168213538612531e-21
9.299383763738017193e-06 3.170716787026956625e-21
9.478725931136340672e-06 3.205833402548460452e-21
9.661526780725237978e-06 3.241493221329020774e-21
9.847853014511674183e-06 3.277840753333555666e-21
1.003777262087627088e-05 3.316753183558267429e-21
1.023135489938154088e-05 3.358037116774520586e-21
1.042867048605854234e-05 3.400117226409542344e-21
1.062979137918110711e-05 3.441780065621728946e-21
1.083479096553734008e-05 3.483575894659936790e-21
1.104374404720755615e-05 3.526177772223333361e-21
1.125672686885876160e-05 3.572821778064266150e-21
1.147381714556550544e-05 3.621385962643356512e-21
1.169509409116713306e-05 3.670886726069123109e-21
1.192063844717230606e-05 3.721040392485161533e-21
1.215053251222034308e-05 3.772116985994068311e-21
1.238486017211135153e-05 3.824178611115384692e-21
1.262370693041513030e-05 3.874290524768058222e-21
1.286715993967037816e-05 3.925323339457555891e-21
1.311530803318596296e-05 3.977758005122318089e-21
1.336824175745486001e-05 4.035133946397028988e-21
1.362605340519384617e-05 4.093616404611586973e-21
1.388883704901999331e-05 4.153525937292679849e-21
1.415668857577660224e-05 4.215735317080904118e-21
1.442970572152157239e-05 4.279144428516655350e-21
1.470798810718980123e-05 4.342257577263409279e-21
1.499163727494407589e-05 4.404729145065371707e-21
1.528075672522658123e-05 4.468405500910831776e-21
1.557545195452492091e-05 4.534858044337532132e-21
1.587583049386698828e-05 4.603277242668979918e-21
1.618200194805738236e-05 4.673015931370122566e-21
1.649407803567135093e-05 4.743462709927864427e-21
1.681217262981949111e-05 4.815225926640893339e-21
1.713640179969884222e-05 4.888531679594887625e-21
1.746688385294526154e-05 4.963972178831451292e-21
1.780373937880243477e-05 5.040867576907157320e-21
1.814709129212379094e-05 5.120288285942108412e-21
1.849706487822259197e-05 5.202665059205457536e-21
1.885378783858723264e-05 5.286630500001589123e-21
1.921739033747811199e-05 5.372629129540538391e-21
1.958800504942294251e-05 5.460391143437144746e-21
1.996576720762865395e-05 5.550506343510584479e-21
2.035081465332593800e-05 5.645528753430123830e-21
2.074328788606642388e-05 5.742383706814837947e-21
2.114333011498925597e-05 5.849370561740869142e-21
2.155108731107634523e-05 5.962353625624215806e-21
2.196670826041604056e-05 6.078495752203709944e-21
2.239034461849292280e-05 6.198097264445379873e-21
2.282215096552568697e-05 6.322861895025681683e-21
2.326228486287157781e-05 6.455447097159268081e-21
2.371090691051861216e-05 6.592201314490794750e-21
2.416818080568723155e-05 6.734266457304860153e-21
2.463427340256096160e-05 6.878769619339216926e-21
2.510935477317017129e-05 7.025619835035727994e-21
2.559359826944924046e-05 7.176867179437474181e-21
2.608718058649080854e-05 7.334567272722499143e-21
2.659028182701990656e-05 7.497336654063076256e-21
2.710308556711124212e-05 7.667224534083469828e-21
2.762577892317439788e-05 7.842750619572681022e-21
2.815855262023031814e-05 8.024028624631318097e-21
2.870160106150481652e-05 8.212187581833964922e-21
2.925512239936422428e-05 8.405704527213749432e-21
2.981931860761868848e-05 8.605320973348542043e-21
3.039439555522084518e-05 8.809290090495993788e-21
3.098056308138427906e-05 9.028478032889003578e-21
3.157803507215218815e-05 9.253096626328621362e-21
3.218702953844181715e-05 9.488139543429443546e-21
3.280776869559393272e-05 9.727121324349078335e-21
3.344047904445748170e-05 9.969960466362395398e-21
3.408539145403631688e-05 1.022843987887244519e-20
3.474274124573147548e-05 1.049525883677665753e-20
3.541276827920709089e-05 1.074847770794290805e-20
3.609571703991221333e-05 1.100658000174600494e-20
3.679183672829168858e-05 1.132989965988703835e-20
3.750138135071558540e-05 1.166938980812691408e-20
3.822460981216411552e-05 1.196246062205690964e-20
3.896178601069893272e-05 1.225902087077794501e-20
3.971317893375625734e-05 1.268471057773290528e-20
4.047906275629832340e-05 1.308157952922444022e-20
4.125971694085564718e-05 1.321915122409976054e-20
4.205542633950070709e-05 1.304796669736271679e-20
4.286648129778690262e-05 1.283656073062150164e-20
4.369317776069250127e-05 1.262107771907392589e-20
4.453581738060781865e-05 1.244925723989423830e-20
4.539470762740433109e-05 1.237250329321745272e-20
4.627016190062807226e-05 1.229426911736599787e-20
4.716249964385435300e-05 1.220088697648002226e-20
4.807204646125020817e-05 1.208580851689791341e-20
4.899913423638339161e-05 1.196851072527329817e-20
4.994410125332261567e-05 1.183407844177417584e-20
5.090729232007474105e-05 1.168682109314394678e-20
5.188905889440002854e-05 1.153672383030655200e-20
5.288975921205627472e-05 1.139579547356117432e-20
5.390975841751469144e-05 1.125440533103031028e-20
5.494942869719661633e-05 1.111028842560265838e-20
5.600914941528144941e-05 1.098877179578948801e-20
5.708930725213089152e-05 1.086584702331478972e-20
5.819029634538553785e-05 1.074128156975133043e-20
5.931251843378092828e-05 1.061848641831925265e-20
6.045638300373704115e-05 1.049332311549531134e-20
6.162230743877672120e-05 1.039449982007556055e-20
6.281071717182256937e-05 1.035131374280115996e-20
6.402204584043411442e-05 1.030729480553338835e-20
6.525673544503667099e-05 1.026112078135468658e-20
6.651523651020255885e-05 1.021284967227658050e-20
6.779800824904268805e-05 1.016364763642474717e-20
6.910551873076776856e-05 1.008225490546693014e-20
7.043824505148240744e-05 9.986343455146000374e-21
7.179667350827167050e-05 9.888582315876223160e-21
7.318129977664562141e-05 9.844864348977192363e-21
7.459262909140599587e-05 9.806953394497085217e-21
7.603117643100002236e-05 9.767131536886041453e-21
7.749746670543201162e-05 9.713133181875416030e-21
7.899203494779515142e-05 9.658093447965980547e-21
8.051542650950071535e-05 9.610171444196690946e-21
8.206819725927026624e-05 9.583863800713820490e-21
8.365091378596529841e-05 9.557048804279270913e-21
8.526415360533102583e-05 9.526675754328107560e-21
8.690850537072321747e-05 9.492044445868005999e-21
8.858456908790306747e-05 9.456745259398257362e-21
9.029295633397206437e-05 9.442411391080127996e-21
9.203429048052890610e-05 9.439970505186175612e-21
9.380920692113296094e-05 9.437482545875563018e-21
9.561835330314972126e-05 9.435058337862299499e-21
9.746238976407223687e-05 9.432610472492359986e-21
9.934198917239722747e-05 9.430117775134623820e-21
1.012578373731466220e-04 9.427709357583841198e-21
1.032106334381264784e-04 9.425254492780795023e-21
1.052010899210091945e-04 9.422779747740698622e-21
1.072299331173366265e-04 9.420364443554007768e-21
1.092979033295379148e-04 9.417902559303649628e-21
1.114057551370572087e-04 9.415445799590547400e-21
1.135542576716911306e-04 9.413023589076280607e-21
1.157441948982370570e-04 9.410554665307184017e-21
1.179763659005528953e-04 9.408115924038208718e-21
1.202515851731335799e-04 9.405686787448390406e-21
1.225706829183118940e-04 9.403210804031727141e-21
1.249345053491892460e-04 9.449747542448682146e-21
1.273439149984101598e-04 9.512079786825587879e-21
1.297997910328906881e-04 9.575614132340526333e-21
1.323030295746162311e-04 9.592228771951405809e-21
1.348545440276272618e-04 9.607033470480922979e-21
1.374552654113100675e-04 9.628193835057387451e-21
1.401061427001149115e-04 9.685567087038503621e-21
1.428081431698273310e-04 9.744046804095417052e-21
1.455622527505152192e-04 9.803654324829676874e-21
1.483694763862847786e-04 9.864411399365920604e-21
1.512308384019731727e-04 9.926340197288249274e-21
1.541473828769127238e-04 9.989463315729647781e-21
1.571201740259048926e-04 1.005380378761744920e-20
1.601502965875400530e-04 1.011938509007778911e-20
1.632388562200060131e-04 1.015191362333717464e-20
1.663869799045315974e-04 1.017116703423104894e-20
1.695958163566088910e-04 1.019079175450705565e-20
1.728665364451465857e-04 1.024776414926108238e-20
1.762003336197080316e-04 1.030989693735411151e-20
1.795984243459865150e-04 1.037725847694620298e-20
1.830620485496813412e-04 1.048657547328348321e-20
1.865924700689324737e-04 1.059800068964423597e-20
1.901909771154805073e-04 1.070863669906879826e-20
1.938588827447220049e-04 1.081382001022905557e-20
1.975975253348283311e-04 1.092103182171545580e-20
2.014082690751043813e-04 1.103085683056862896e-20
2.052925044637674836e-04 1.114341837347781713e-20
2.092516488153240372e-04 1.125815070873023767e-20
2.132871467777314276e-04 1.135828597763742182e-20
2.174004708595354428e-04 1.145165194607196835e-20
2.215931219671706475e-04 1.154681851286503401e-20
2.258666299526261101e-04 1.166994294827016982e-20
2.302225541716707707e-04 1.180007101379779242e-20
2.346624840528443675e-04 1.193188085789860401e-20
2.391880396774237960e-04 1.204664201369743606e-20
2.438008723705721191e-04 1.216361638221412906e-20
2.485026653038879905e-04 1.228930588893235185e-20
2.532951341095782669e-04 1.243914949189372747e-20
2.581800275064711114e-04 1.259188288596476578e-20
2.631591279381057533e-04 1.272776451901793838e-20
2.682342522231260726e-04 1.268231306219081338e-20
2.734072522182162896e-04 1.263598505666047664e-20
2.786800154938250357e-04 1.259303277813993278e-20
2.840544660229177938e-04 1.256109844348558161e-20
2.895325648830126587e-04 1.252854824299142422e-20
2.951163109717575657e-04 1.249537029944953688e-20
3.008077417363048587e-04 1.246155250659549917e-20
3.066089339167524610e-04 1.243667627724113754e-20
3.125220043039254620e-04 1.243968619801194365e-20
3.185491105117672201e-04 1.244275416625432927e-20
3.246924517646309271e-04 1.244588130143595284e-20
3.309542696997512501e-04 1.244906874461383304e-20
3.373368491851921457e-04 1.245943596110786769e-20
3.438425191535717678e-04 1.249267498065171815e-20
3.504736534518632747e-04 1.252655502738173982e-20
3.572326717075841106e-04 1.256108846375202795e-20
3.641220402116941441e-04 1.259628789063133725e-20
3.711442728185145880e-04 1.263770113856110725e-20
3.783019318630085736e-04 1.269911316012762017e-20
3.855976290957476103e-04 1.276170953598382768e-20
3.930340266359090865e-04 1.282551310685451158e-20
4.006138379426571233e-04 1.289054715395657231e-20
4.083398288052505262e-04 1.296392013780100028e-20
4.162148183522513980e-04 1.306579119808839197e-20
4.242416800801923626e-04 1.316962688067886113e-20
4.324233429020842533e-04 1.327546507406382661e-20
4.407627922161445519e-04 1.338334439742874852e-20
4.492630709951329882e-04 1.350160604903586845e-20
4.579272808967038005e-04 1.365771334604766281e-20
4.667585833951626425e-04 1.381683123190105084e-20
4.757602009350546043e-04 1.397901776695160793e-20
4.849354181069995208e-04 1.414433213127106400e-20
4.942875828461987600e-04 1.431793655311928059e-20
5.038201076540655505e-04 1.451995698988404415e-20
5.135364708434052641e-04 1.472587346792515619e-20
5.234402178076139750e-04 1.493576112388656396e-20
5.335349623143536418e-04 1.514969654345108998e-20
5.438243878241766794e-04 1.537187027912341180e-20
5.543122488345755047e-04 1.541617612049543590e-20
5.650023722499641389e-04 1.538941286484798537e-20
5.758986587780686979e-04 1.539965267607594149e-20
5.870050843532532590e-04 1.543448987453462407e-20
5.983257015872957751e-04 1.553679019770515649e-20
6.098646412481367306e-04 1.563396170405376641e-20
6.216261137671572762e-04 1.569096190823768419e-20
6.336144107755146320e-04 1.574762421518889526e-20
6.458339066701117726e-04 1.576097222103132031e-20
6.582890602097669127e-04 1.577457764826413516e-20
6.709844161421657689e-04 1.577979336749805493e-20
6.839246068621852121e-04 1.578441879707654754e-20
6.971143541022103160e-04 1.587818617293597675e-20
7.105584706550372104e-04 1.599301957545847286e-20
7.242618621300090081e-04 1.608734789497378385e-20
7.382295287430202559e-04 1.617357144029130011e-20
7.524665671410338177e-04 1.622875771261328458e-20
7.669781722618005011e-04 1.626095385954119572e-20
7.817696392294279373e-04 1.633277332487922734e-20
7.968463652865145040e-04 1.645039604901138350e-20
8.122138517635432665e-04 1.656191421060960926e-20
8.278777060862584471e-04 1.665948665010637584e-20
8.438436438217460697e-04 1.675832333779892592e-20
8.601174907639915976e-04 1.685689404927199438e-20
8.767051850596403306e-04 1.696497928203843350e-20
8.936127793747637368e-04 1.714306481581936913e-20
9.108464431034118047e-04 1.732458479713168425e-20
9.284124646187492773e-04 1.751868447955001014e-20
9.463172535676248097e-04 1.771685831725482782e-20
9.645673432093722138e-04 1.794572783496868298e-20
9.831693927997268729e-04 1.818471782098696344e-20
1.002130190020714172e-03 1.842622768011868830e-20
1.021456653457401701e-03 1.867140532208270079e-20
1.041155835122406330e-03 1.893434593525556564e-20
1.061234923029107449e-03 1.921379635825468622e-20
1.081701243814465595e-03 1.950167235110265626e-20
1.102562265412433207e-03 1.980000720994692867e-20
1.123825599778923530e-03 2.011282125701997071e-20
1.145499005669319524e-03 2.046079799522851825e-20
1.167590391469571637e-03 2.081482291784606831e-20
1.190107818081872137e-03 2.116720677351695667e-20
1.213059501865989360e-03 2.152638648642287553e-20
1.236453817637331526e-03 2.185826265540929018e-20
1.260299301722811547e-03 2.219334754923242588e-20
1.284604655075675516e-03 2.257005213897297117e-20
1.309378746450373015e-03 2.296503744230140563e-20
1.334630615638670095e-03 2.340235761662592883e-20
1.360369476768169376e-03 2.387113347686599426e-20
1.386604721664446132e-03 2.436838917153010198e-20
1.413345923278010565e-03 2.490067619294306242e-20
1.440602839177387113e-03 2.544760157118519430e-20
1.468385415109533989e-03 2.601755473953330054e-20
1.496703788628936729e-03 2.661354403058990257e-20
1.525568292796694808e-03 2.738382867179406210e-20
1.554989459950927065e-03 2.816896854648208148e-20
1.584978025549925581e-03 2.875112408428252697e-20
1.615544932089391789e-03 2.931659001893148598e-20
1.646701333095236053e-03 2.997455463903655165e-20
1.678458597193375340e-03 3.067714508973663761e-20
1.710828312258022999e-03 3.154237559030645057e-20
1.743822289639961444e-03 3.255200179483993572e-20
1.777452568476394325e-03 3.358666737315256414e-20
1.811731420083880243e-03 3.465258694803571487e-20
1.846671352436004892e-03 3.573285543196246825e-20
1.882285114727404477e-03 3.678995005900865655e-20
1.918585702025792095e-03 3.786743115965084697e-20
1.955586360013735446e-03 3.882896874615180679e-20
1.993300589821845811e-03 3.975985084670766806e-20
2.031742152955194093e-03 4.148932482737584412e-20
2.070925076314732247e-03 4.289079686364645122e-20
2.110863657315559336e-03 4.392383017796387029e-20
2.151572469103869931e-03 4.543703483457122805e-20
2.193066365874563745e-03 4.720054937378832108e-20
2.235360488291356171e-03 4.853179767606708408e-20
2.278470269011445386e-03 5.006921802314418154e-20
2.322411438316722247e-03 5.360852440928794783e-20
2.367200029853556986e-03 5.522482352374570281e-20
2.412852386483328032e-03 5.558207844868939912e-20
2.459385166245731721e-03 5.925640506629630765e-20
2.506815348437121515e-03 6.051175548743001807e-20
2.555160239806067261e-03 6.257919841342968544e-20
2.604437480868397863e-03 6.732022848352476062e-20
2.654665052344012000e-03 6.881387613060346382e-20
2.705861281717875100e-03 7.045666088682109085e-20
2.758044849927493262e-03 7.425791401159499699e-20
2.811234798179387297e-03 7.643778563312476786e-20
2.865450534897023664e-03 7.803094148501740174e-20
2.920711842802709880e-03 8.388143849944680670e-20
2.977038886136125408e-03 8.637251750775729940e-20
3.034452218012008602e-03 8.869834536886646058e-20
3.092972787919763111e-03 9.563431950739516032e-20
3.152621949367703791e-03 9.831925459486771677e-20
3.213421467674689065e-03 1.013820349182934201e-19
3.275393527912083547e-03 1.066610557663233660e-19
3.338560742998818685e-03 1.120027918628681597e-19
3.402946161952604114e-03 1.173725713107266701e-19
3.468573278300258675e-03 1.228357257355805368e-19
3.535466038650244593e-03 1.282882943418070167e-19
3.603648851430493478e-03 1.338460178159868323e-19
3.673146595794811887e-03 1.404012513262646272e-19
3.743984630700982006e-03 1.472652038873862719e-19
3.816188804163972263e-03 1.542382581708684573e-19
3.889785462687598942e-03 1.613224200584484980e-19
3.964801460878042763e-03 1.705529514825262172e-19
4.041264171242843831e-03 1.759715108362946087e-19
4.119201494178796261e-03 1.813111632025244473e-19
4.198641868152502496e-03 1.867537928038962072e-19
4.279614280077254085e-03 1.926281740353109555e-19
4.362148275890043170e-03 1.988262650024719022e-19
4.446273971332515874e-03 2.051438885210381216e-19
4.532022062939922505e-03 2.118921415706493593e-19
4.619423839241912182e-03 2.189696182719867128e-19
4.708511192179375138e-03 2.261835868144585328e-19
4.799316628741473467e-03 2.339660711546698571e-19
4.891873282827038406e-03 2.421758233231436088e-19
4.986214927334825346e-03 2.505439036975613150e-19
5.082375986486830678e-03 2.594880887465214245e-19
5.180391548389317799e-03 2.688728118173077194e-19
5.280297377836079900e-03 2.784385228566205633e-19
5.382129929358629369e-03 2.887254211282606654e-19
5.485926360528007098e-03 2.995580288691658892e-19
5.591724545513235452e-03 3.105995475874204688e-19
5.699563088901141161e-03 3.227840791343337820e-19
5.809481339782748832e-03 3.355242000317999514e-19
5.921519406111346029e-03 3.485268608235523589e-19
6.035718169337379001e-03 3.627118220933926129e-19
6.152119299325715419e-03 3.771703457586803540e-19
6.270765269560469625e-03 3.925663429635494897e-19
6.391699372643116703e-03 4.091524541570004958e-19
6.514965736089486405e-03 4.260584348391957211e-19
6.640609338431417014e-03 4.447138444060597179e-19
6.768676025628870066e-03 4.637704709477398179e-19
6.899212527798695427e-03 4.839577817285293027e-19
7.032266476265878856e-03 5.052537112937062074e-19
7.167886420943698350e-03 5.271241252648532512e-19
7.306121848049067224e-03 5.519012402867406447e-19
7.447023198159446848e-03 5.771561914344157521e-19
7.590641884618141294e-03 6.046533587612449022e-19
7.737030312294403654e-03 6.332905995274592003e-19
7.886241896705401336e-03 6.637123908714758188e-19
8.038331083506969690e-03 6.956906863677291311e-19
8.193353368360157055e-03 7.296411390718932311e-19
8.351365317181082965e-03 7.664799229634481466e-19
8.512424586781140376e-03 8.047212775687803957e-19
8.676589945905355955e-03 8.465326974332072993e-19
8.843921296676444943e-03 8.897946311148710996e-19
9.014479696452451854e-03 9.375130128730444284e-19
9.188327380105842240e-03 9.867245895944983791e-19
9.365527782732412099e-03 1.041734948362697865e-18
9.546145562797994644e-03 1.097806202908671581e-18
9.730246625731622453e-03 1.159184981181166288e-18
9.917898147973726666e-03 1.222095778889155997e-18
1.010916860148797919e-02 1.292594440487525719e-18
1.030412777874608297e-02 1.365339699701528238e-18
1.050284681819419787e-02 1.446260226982838868e-18
1.070539823021057768e-02 1.529511681405121405e-18
1.091185592356381899e-02 1.623113515069266297e-18
1.112229523238137015e-02 1.719910870191647110e-18
1.133679294363802541e-02 1.826465763087198981e-18
1.155542732517478473e-02 1.936830374591426260e-18
1.177827815425783187e-02 2.052237053122962047e-18
1.200542674668839301e-02 2.186947092745743058e-18
1.223695598647400393e-02 2.335501485328365499e-18
1.247295035607186124e-02 2.486920806106126539e-18
1.271349596721569296e-02 2.648713136828131069e-18
1.295868059233687072e-02 2.822160255613954868e-18
1.320859369659162577e-02 3.015284470644237683e-18
1.346332647050589755e-02 3.219265447381709371e-18
1.372297186324977075e-02 3.442982229384017238e-18
1.398762461655349114e-02 3.684627041724106996e-18
1.425738129927783295e-02 3.941776341824265763e-18
1.453234034265091235e-02 4.234129651758366101e-18
1.481260207618466385e-02 4.544391801803883246e-18
1.509826876428401084e-02 4.885104652858362256e-18
1.538944464356188646e-02 5.250579575326939247e-18
1.568623596087420635e-02 5.637834774309335570e-18
1.598875101208805175e-02 6.060276869414080888e-18
1.629710018159765544e-02 6.535042724156776361e-18
1.661139598260245182e-02 7.054717926169736334e-18
1.693175309816192728e-02 7.616223145344006338e-18
1.725828842304207023e-02 8.174960767192128274e-18
1.759112110636917511e-02 8.815371994485361434e-18
1.793037259510590897e-02 9.514642454386199954e-18
1.827616667836598832e-02 1.030483132004356664e-17
1.862862953258350926e-02 1.115514919792535753e-17
1.898788976755317465e-02 1.210226477446802685e-17
1.935407847335880033e-02 1.327173194407322831e-17
1.972732926820650393e-02 1.442016686024367530e-17
2.010777834718053408e-02 1.560202636982248237e-17
2.049556453193935104e-02 1.697654997845626338e-17
2.089082932137016277e-02 1.846090013268652456e-17
2.129371694322012773e-02 2.011654343711597639e-17
2.170437440672371571e-02 2.202882271115782205e-17
2.212295155624458692e-02 2.410350554298227671e-17
2.254960112595217822e-02 2.634536488920129516e-17
2.298447879555276865e-02 2.904909083515270760e-17
2.342774324709508138e-02 3.197333486596650078e-17
2.387955622287189425e-02 3.520474700797621780e-17
2.434008258443782005e-02 3.884897484592823466e-17
2.480949037276552332e-02 4.295798479711185783e-17
2.528795086956204738e-02 4.746952242832503856e-17
2.577563865976741780e-02 5.241529969299133350e-17
2.627273169525905921e-02 5.795882389580921524e-17
2.677941135978426437e-02 6.432108355973380508e-17
2.729586253514515448e-02 6.561606422249061862e-17
2.782227366866002471e-02 6.691284989855653418e-17
2.835883684192572890e-02 6.826403101967154864e-17
2.890574784090588906e-02 6.964127018473480751e-17
2.946320622737139822e-02 7.104506993307580522e-17
3.003141541171804388e-02 7.247594249568674248e-17
3.061058272718878565e-02 7.393440998213016326e-17
3.120091950552742605e-02 7.544301254313230034e-17
3.180264115409094788e-02 7.698487378455870763e-17
3.241596723444969963e-02 7.855647040887610614e-17
3.304112154250266054e-02 8.015837587429969512e-17
3.367833219013823681e-02 8.179117469840546394e-17
3.432783168846968713e-02 8.346014563926776011e-17
3.498985703267597919e-02 8.516657850517420643e-17
3.566464978847838641e-02 8.690592058060086067e-17
3.635245618028559722e-02 8.867880653222180391e-17
3.705352718103798598e-02 9.048588326650014386e-17
3.776811860378492119e-02 9.233385902178008119e-17
3.849649119502822348e-02 9.427057637247209397e-17
3.923891072986532974e-02 9.624464405692099226e-17
3.999564810896817646e-02 9.825678239057793527e-17
4.076697945743153195e-02 1.003077255804523712e-16
4.155318622552807428e-02 1.023982219930163619e-16
4.235455529140648434e-02 1.045424519655104081e-16
4.317137906577018375e-02 1.067329482121998069e-16
4.400395559857442351e-02 1.089656890155757290e-16
4.485258868778192742e-02 1.112414890780476470e-16
4.571758799021507363e-02 1.135611788138719722e-16
4.659926913454631031e-02 1.159548222627352031e-16
4.749795383646768232e-02 1.184460638747142012e-16
4.841397001608092887e-02 1.209853500326065487e-16
4.934765191755247082e-02 1.235736072938290780e-16
5.029934023107503899e-02 1.262117800848119730e-16
5.126938221718183725e-02 1.289008310456098691e-16
5.225813183345807966e-02 1.316052092864956563e-16
5.326594986369630191e-02 1.343615685086576121e-16
5.429320404954192381e-02 1.371710851710959138e-16
5.534026922467879389e-02 1.400347844353479391e-16
5.640752745160136639e-02 1.429537112335824073e-16
5.749536816102523290e-02 1.459919167606414790e-16
5.860418829398618412e-02 1.491267118109364775e-16
5.973439244667910070e-02 1.523219625809812506e-16
6.088639301809139343e-02 1.555788349824200804e-16
6.206061036048229201e-02 1.588985174119482324e-16
6.325747293276490213e-02 1.623136041911331735e-16
6.447741745684620884e-02 1.658862480195040581e-16
6.572088907698160620e-02 1.695277916485281599e-16
6.698834152220381477e-02 1.732395638371747856e-16
6.828023727188312075e-02 1.770229189700371519e-16
6.959704772448108145e-02 1.808792375515326413e-16
7.093925336955864136e-02 1.848161328900197536e-16
7.230734396310152523e-02 1.888297445755154263e-16
7.370181870622631581e-02 1.929207602951983311e-16
7.512318642733416263e-02 1.970906728154293768e-16
7.657196576777611230e-02 2.013410036911385032e-16
7.804868537109978244e-02 2.057567284972595781e-16
7.955388407594563005e-02 2.103357576467470430e-16
8.108811111266257809e-02 2.150030951221524516e-16
8.265192630371712146e-02 2.197604439832673918e-16
8.424590026796562048e-02 2.246095401340413708e-16
8.587061462886701191e-02 2.295813827424603660e-16
8.752666222671076635e-02 2.348165884452546609e-16
8.921464733493794652e-02 2.401527570893980605e-16
9.093518588063312369e-02 2.455918357837718432e-16
9.268890566927050212e-02 2.511358091879975540e-16
9.447644661379241138e-02 2.567867002366148646e-16
9.629846096810668055e-02 2.626800426970587882e-16
9.815561356508704927e-02 2.687248125044039910e-16
1.000485820591625330e-01 2.748861580060327914e-16
1.019780571735872110e-01 2.811663274087313195e-16
1.039447429524767014e-01 2.875676122768115705e-16
1.059493570177062888e-01 2.942390309502880779e-16
1.079926308307631588e-01 3.012501144703540484e-16
1.100753099596489121e-01 3.083964094136984569e-16
1.121981543509280588e-01 3.156805233842559204e-16
1.143619386070255511e-01 3.231051142746013575e-16
1.165674522688697062e-01 3.306844974675842855e-16
1.188155001039871428e-01 3.386647035356605814e-16
1.211069024001538708e-01 3.467988109254699717e-16
1.234424952647081575e-01 3.550897876827764648e-16
1.258231309296383715e-01 3.635406590932429117e-16
1.282496780625519972e-01 3.721545087863207036e-16
1.307230220836430867e-01 3.812146158042742546e-16
1.332440654887722675e-01 3.905852116769303650e-16
1.358137281787777650e-01 4.001365230697026892e-16
1.384329477951360410e-01 4.098720351504116854e-16
1.411026800620982791e-01 4.197953002996728711e-16
1.438238991354225949e-01 4.301342342510403467e-16
1.465975979578329202e-01 4.411825074743489987e-16
1.494247886213331544e-01 4.524438508662009356e-16
1.523065027365071156e-01 4.639223735661673251e-16
1.552437918089436264e-01 4.756222639601493033e-16
1.582377276229179897e-01 4.875477912086676403e-16
1.612894026324747099e-01 5.003214899135666214e-16
1.643999303600519879e-01 5.133815910653126553e-16
1.675704458027925392e-01 5.266935612555335979e-16
1.708021058466934472e-01 5.402622578748288513e-16
1.740960896887397413e-01 5.540926319904291019e-16
1.774535992671806284e-01 5.685612061666257770e-16
1.808758597001035584e-01 5.835893949394426916e-16
1.843641197324664416e-01 5.989074080721394923e-16
1.879196521917495810e-01 6.145208349381796551e-16
1.915437544523984070e-01 6.304353727042333173e-16
1.952377489092196605e-01 6.468847235961837684e-16
1.990029834599089664e-01 6.645465010339771068e-16
2.028408319968841855e-01 6.825488925948448648e-16
2.067526949086018750e-01 7.008984671522299696e-16
2.107399995905461509e-01 7.196019202628146781e-16
2.148042009660676710e-01 7.386660766096466632e-16
2.189467820172695534e-01 7.592641399468241484e-16
2.231692543261311890e-01 7.804884829910202233e-16
2.274731586260681782e-01 8.021221455965849484e-16
2.318600653641270382e-01 8.241730216475774039e-16
2.363315752740267617e-01 8.466491572646325175e-16
2.408893199602469837e-01 8.704800804363237806e-16
2.455349624933828578e-01 8.958191251782247705e-16
2.502701980169815821e-01 9.216468430751749280e-16
2.550967543660795367e-01 9.479726583755926259e-16
2.600163926976732376e-01 9.748061770781342032e-16
2.650309081333439010e-01 1.002412441045265950e-15
2.701421304142780366e-01 1.032786554968031603e-15
2.753519245689197703e-01 1.063746445277933474e-15
2.806621915934994771e-01 1.095303408896313234e-15
2.860748691456842518e-01 1.127468960609945622e-15
2.915919322516110079e-01 1.160254837272676109e-15
2.972153940265493954e-01 1.196230959306563397e-15
3.029473064094659329e-01 1.233822580753114786e-15
3.087897609117541964e-01 1.272139170975829963e-15
3.147448893804021264e-01 1.311194711274421805e-15
3.208148647758826688e-01 1.351003452583318338e-15
3.270019019650408088e-01 1.392950632962273248e-15
3.333082585292746480e-01 1.438052963290235521e-15
3.397362355883014606e-01 1.484025109283539831e-15
3.462881786398120387e-01 1.530883845669487946e-15
3.529664784153137003e-01 1.578646270682388551e-15
3.597735717524859766e-01 1.627359041035088115e-15
3.667119424843531261e-01 1.682560713920942352e-15
3.737841223456077611e-01 1.738826972150393658e-15
3.809926918964137710e-01 1.796178346658373996e-15
3.883402814640209977e-01 1.854635764326717543e-15
3.958295721025471559e-01 1.914220555620185947e-15
4.034632965712617869e-01 1.978871672336229559e-15
4.112442403317405626e-01 2.046994236589522957e-15
4.191752425642503721e-01 2.116430570511042094e-15
4.272591972037312336e-01 2.187206010650563161e-15
4.354990539957662166e-01 2.259346382182923455e-15
4.438978195729078036e-01 2.335710632345563249e-15
4.524585585517653663e-01 2.421089005015770754e-15
4.611843946512499959e-01 2.508113932209657502e-15
4.700785118323859701e-01 2.596817168360055974e-15
4.791441554600990305e-01 2.687231080296133934e-15
4.883846334874197281e-01 2.779388659053748951e-15
4.978033176625153988e-01 2.882296557700028448e-15
5.074036447590042354e-01 2.988079591595118468e-15
5.171891178299973246e-01 3.095902691698336262e-15
5.271633074863197876e-01 3.205805201465602586e-15
5.373298531993933036e-01 3.317827223106444535e-15
5.476924646292345988e-01 3.441875435088202009e-15
5.582549229780707778e-01 3.576591066798633442e-15
5.690210823700578846e-01 3.713904740915658261e-15
5.799948712576095122e-01 3.853866561679317898e-15
5.911802938548408326e-01 3.996527599609013633e-15
6.025814315986687264e-01 4.145535627971406226e-15
6.142024446380788261e-01 4.313668186169493464e-15
6.260475733521188024e-01 4.485043244963701563e-15
6.381211398971669002e-01 4.659723337216383704e-15
6.504275497840337206e-01 4.837772201759967728e-15
6.629712934854925521e-01 5.019254806654667682e-15
6.757569480747976920e-01 5.231421918447916726e-15
6.887891788958088179e-01 5.453732976113402847e-15
7.020727412653242627e-01 5.680331387428473877e-15
7.156124822082440273e-01 5.911299835645664173e-15
7.294133422261899202e-01 6.146722598595531908e-15
7.434803571002489564e-01 6.400249641296733386e-15
7.578186597284681802e-01 6.674950189601760227e-15
7.724334819987936918e-01 6.954948442891352143e-15
7.873301566981303345e-01 7.240346569429405891e-15
8.025141194582102733e-01 7.531248707833713497e-15
8.179909107390042067e-01 7.887704099631890691e-15
8.337661778503679955e-01 8.253905182032194171e-15
8.498456770126845417e-01 8.627168592161928907e-15
8.662352754572453239e-01 9.007630529708522108e-15
8.829409535671398634e-01 9.422044467162111098e-15
8.999688070594239475e-01 9.886376729654247121e-15
9.173250492093905084e-01 1.035966381716103170e-14
9.350160131177172040e-01 1.084207842690279082e-14
9.530481540213472380e-01 1.133379658663170624e-14
9.714280516489354200e-01 1.183499771886244329e-14
9.901624126217105637e-01 1.234586470634121475e-14
1.009258072900659275e+00 1.299656396300112822e-14
1.028722000280884119e+00 1.372065828536766391e-14
1.048561296934078069e+00 1.445871704327889693e-14
1.068783202000026744e+00 1.521100954620742687e-14
1.089395094228094107e+00 1.597781029736200331e-14
1.110404494669636088e+00 1.676170221584696188e-14
1.131819069422363988e+00 1.772386698206943494e-14
1.153646632427608454e+00 1.870458746326750226e-14
1.175895148321543182e+00 1.970422151349106238e-14
1.198572735341394191e+00 2.072313388814212651e-14
1.221687668287686046e+00 2.176169637706962239e-14
1.245248381543639038e+00 2.299029121151140511e-14
1.269263472152771799e+00 2.433278734367385343e-14
1.293741702955871320e+00 2.570117402645587391e-14
1.318692005788458355e+00 2.709595056901414902e-14
1.344123484739903951e+00 2.851762590987264102e-14
1.370045419475429016e+00 3.003666946549487761e-14
1.396467268622138214e+00 3.175169367264679554e-14
1.423398673220373167e+00 3.349979277661613251e-14
1.450849460241619981e+00 3.528160463941959755e-14
1.478829646174266044e+00 3.709777942448668111e-14
1.507349440678493968e+00 3.894897983389636990e-14
1.536419250311690465e+00 4.132905246268233147e-14
1.566049682325673542e+00 4.378730308994409818e-14
1.596251548537163112e+00 4.629296201937966896e-14
1.627035869272896784e+00 4.884694353820234954e-14
1.658413877390812585e+00 5.145017956600276157e-14
1.690397022378813618e+00 5.405669172813790929e-14
1.722996974532546188e+00 5.667940643016675178e-14
1.756225629213765460e+00 5.935270118686150311e-14
1.790095111190821209e+00 6.207755145389339112e-14
1.824617779062854384e+00 6.485495149896901972e-14
1.859806229769299657e+00 6.793065362902666364e-14
1.895673303186390823e+00 7.290693110577604172e-14
1.932232086812274208e+00 7.797917799414765778e-14
1.969495920542496448e+00 8.314924510089621348e-14
2.007478401537588830e+00 8.841901892629209045e-14
2.046193389184503442e+00 9.424842082614094083e-14
2.085655010153775191e+00 1.004097295827227183e-13
2.125877663554172070e+00 1.066898615317320252e-13
2.166876026186772553e+00 1.130911082238143192e-13
2.208665057900370154e+00 1.196158054030446026e-13
2.251260007050159384e+00 1.279174064974241316e-13
2.294676416061675273e+00 1.375513047076918356e-13
2.338930127102078149e+00 1.473709963242131023e-13
2.384037287860767851e+00 1.573800644437836310e-13
2.430014357441501183e+00 1.682946125162398766e-13
2.476878112368142482e+00 1.824656164114038723e-13
2.524645652706209997e+00 1.969099135287128301e-13
2.573334408302531351e+00 2.116327744323303050e-13
2.622962145145181889e+00 2.275690563879419790e-13
2.673546971846102682e+00 2.472618181118931031e-13
2.725107346248730966e+00 2.673343622665256235e-13
2.777662082163069979e+00 2.877940131010596774e-13
2.831230356230616696e+00 3.105821098884775465e-13
2.885831714921740510e+00 3.379002849299790370e-13
2.941486081667951336e+00 3.657453014102020295e-13
2.998213764131743897e+00 3.941273196674972092e-13
3.056035461616646298e+00 4.287510901262349699e-13
3.114972272620142757e+00 4.698475698924751365e-13
3.175045702532315772e+00 5.117366109661057988e-13
3.236277671482905127e+00 5.548380891493639044e-13
3.298690522339721820e+00 6.117507982739794589e-13
3.362307028861323488e+00 6.697610907295225192e-13
3.427150404006877871e+00 7.288901338296936151e-13
3.493244308406357135e+00 8.027372315581327426e-13
3.560612858994010921e+00 8.861003068968119270e-13
3.629280637808375953e+00 9.710710709804723594e-13
3.699272700961991234e+00 1.084637328253978262e-12
3.770614587784102412e+00 1.228721847554856428e-12
3.843332330139650477e+00 1.375585091837553570e-12
3.917452461928055740e+00 1.525280649874577236e-12
3.993002028765116673e+00 1.677863143918367079e-12
4.070008597851667353e+00 1.833388249632373477e-12
4.148500268032506710e+00 1.991912716406416677e-12
4.228505680049444493e+00 2.221002616218253009e-12
4.310054026991865683e+00 2.480740678547313747e-12
4.393175064949104147e+00 2.745487888604646636e-12
4.477899123867987718e+00 3.015340849717173337e-12
4.564257118619948983e+00 3.353011213137578094e-12
4.652280560281582211e+00 3.758137483914409276e-12
4.742001567632549985e+00 4.171076769544288861e-12
4.833452878875524661e+00 4.682243621394668396e-12
4.926667863581863038e+00 5.344831529495099810e-12
5.021680534867846823e+00 6.020197698451122095e-12
5.118525561805756574e+00 6.880690411871853737e-12
5.217238282074092126e+00 7.823626669364785987e-12
5.317854714852060738e+00 8.874060481019126469e-12
5.420411573962432783e+00 1.015365850967027664e-11
5.524946281268072745e+00 1.145793407499317956e-11
5.631496980326828883e+00 1.313687020355878349e-11
5.740102550309536866e+00 1.489729890254086591e-11
5.850802620186787095e+00 1.695244859448458437e-11
5.963637583188928559e+00 1.936379601247019572e-11
6.078648611545183655e+00 2.184442984899354613e-11
6.195877671507015627e+00 2.510499410642251784e-11
6.315367538660971114e+00 2.842843959079279776e-11
6.437161813537224830e+00 3.251820390373041164e-11
6.561304937518721125e+00 3.805027085492201553e-11
6.687842209057554221e+00 4.368902583001249045e-11
6.816819800203686164e+00 5.128792593417443023e-11
6.948284773452694019e+00 5.919211433113876216e-11
7.082285098918441157e+00 6.896048411697797755e-11
7.218869671836642965e+00 8.197088019270027316e-11
7.358088330406424404e+00 9.587988159200580880e-11
7.499991873975527135e+00 1.112881190966393728e-10
7.644632081576500759e+00 1.000000000000000000e+00
