# Cs/Cav
# https://arxiv.org/pdf/2201.02042.pdf
# mass [eV] d_e  
8.545220541804573309e-11 1e30
8.545220541804573309e-11 1.088472367773952465e+04
8.850375471570817668e-11 2.052587161737998031e+04
9.398507290893636736e-11 1.136161920342968369e+04
9.786414579845479509e-11 1.790627950368931852e+04
1.058999063219642608e-10 1.443153534575867161e+04
1.161206142788799637e-10 3.096883589796339947e+04
1.282902191456637214e-10 2.214338284330029273e+04
1.358806676407099890e-10 3.299916711043605028e+04
1.479453645686576708e-10 3.453335053927424451e+04
1.632049492826410203e-10 3.053854565854948305e+04
1.722681291292315798e-10 5.298709967666577722e+04
1.811652626454825051e-10 3.662865592241451668e+04
1.978482509673322068e-10 5.378434570113004884e+04
2.132204210848847499e-10 2.072885013681299097e+04
2.298930935289380730e-10 1.366726412184391666e+04
2.492514665012356741e-10 2.065955674586234818e+04
2.743555681015554943e-10 1.730834293795157282e+04
2.957511724796657693e-10 1.570771497731757518e+04
3.171639798808412887e-10 2.090810222596753738e+04
3.458653783426714832e-10 2.230283841909623879e+04
3.481991137469810533e-10 3.808354168001886137e+04
3.786182148614433092e-10 2.785873450114969455e+04
4.109952700597203197e-10 8.940028146304340044e+04
4.128122212283879307e-10 3.959621532293800556e+04
4.336907104824864250e-10 3.357235329575626383e+04
4.575566903684542236e-10 1.722574624702375513e+04
5.051500181645456165e-10 2.384758383720096754e+04
5.077004347567221375e-10 3.465628151766046358e+04
5.614696664038455260e-10 2.411717211135096295e+04
6.148254338364977471e-10 1.788701758027954202e+04
6.757478072530251403e-10 2.002707846575094663e+04
7.427115409325180800e-10 2.218313953902193680e+04
8.097096906601897557e-10 2.733669637762222192e+04
8.972180350744228497e-10 2.649404073889013671e+04
9.861377467235069620e-10 2.887634558266282329e+04
1.083853047261966903e-09 3.233120536683070895e+04
1.191250849044341342e-09 3.619941579795287544e+04
1.309282419225762956e-09 4.096901109763906425e+04
1.439017768581818333e-09 4.587067666446733347e+04
1.581605164245250166e-09 5.154338029652494879e+04
1.733863587364765434e-09 6.152838304610951309e+04
1.910380823756715722e-09 7.689521791850346199e+04
2.099305376372193412e-09 1.170025245693166653e+05
2.306898989868358149e-09 1.799556087753273314e+05
2.535273711920570960e-09 2.329954712887793721e+05
2.787177348527047619e-09 1.705273793023731268e+05
3.064415623799162779e-09 1.050637006917620456e+05
3.368632076506262414e-09 8.796856455007645127e+04
3.702749221529976937e-09 8.471642429228634865e+04
4.069777392888658357e-09 8.988267997794382973e+04
4.473172611831252989e-09 9.587856738779973239e+04
4.916552254233982528e-09 1.022744280276529462e+05
5.403829039247273300e-09 1.108725314112166525e+05
5.939344024930608156e-09 1.221496559558131121e+05
6.528131559034028611e-09 1.275232180249582889e+05
7.175108718591922843e-09 1.389899166304449318e+05
7.886303526821726166e-09 1.482616460829479620e+05
8.668045799921732140e-09 1.564588331096092006e+05
9.527160736142389444e-09 1.687018573021254560e+05
1.047135975173837924e-08 1.838712780698077695e+05
1.150920631749368571e-08 1.982593471930174564e+05
1.265015339493525256e-08 2.069810983890671923e+05
1.390424980224894049e-08 2.149268015782183502e+05
1.528286390651073850e-08 2.184248049666248844e+05
1.679816836627539977e-08 2.219797394944511761e+05
1.846314066398423003e-08 2.380652394326415088e+05
2.029358158827484575e-08 2.458774775593065133e+05
2.230528438228585924e-08 2.580791332294491876e+05
2.694744666393532381e-08 2.713726503172596567e+05
2.961665479784790989e-08 3.217918907902622595e+05
3.255143787394734813e-08 3.583584374098358094e+05
3.577670090482542325e-08 4.055753518543396494e+05
3.932177469680336281e-08 4.540997043753378093e+05
4.321772184997304230e-08 5.167045257652584114e+05
4.749878583490059158e-08 6.072339902366109891e+05
5.220359833992263957e-08 7.213468426329349168e+05
5.737389179824678410e-08 8.708504443636466749e+05
6.305625598148786450e-08 1.051339593697051750e+06
6.930011093407289534e-08 1.310886903117662063e+06
7.616199745715493761e-08 1.643329137137689395e+06
8.370280539641822126e-08 2.082371161006523995e+06
9.199022957836681716e-08 2.638710380164297763e+06
1.010985076504354050e-07 3.325739154733260628e+06
1.111068971317100901e-07 4.305962826132609509e+06
1.221045590148313175e-07 5.696405231087516993e+06
1.341920539725516580e-07 7.415152654222715646e+06
1.474724491368193521e-07 1.007711770271426812e+07
1.620701770594445091e-07 1.325958112303032167e+07
1.781112123208302995e-07 1.773105834825342521e+07
1.959032241867513320e-07 2.413340741135751083e+07
2.170708437934280552e-07 3.603860638330440968e+07
2.360069690888803289e-07 4.795657754810208827e+07
2.597744882649277430e-07 6.844685824879354239e+07
2.854938997933191532e-07 8.720155519772942364e+07
3.137675282135851969e-07 1.064137938486064970e+08
3.448401349296916823e-07 1.305595817779703587e+08
3.789875201684389977e-07 1.619175140706603825e+08
3.997036387123420303e-07 1.517917976514259875e+08
3.997036387123420303e-07 1e30
