# Dy/Dy atomic spectroscopy
# https://arxiv.org/pdf/1503.06886.pdf
# mass [eV] 	d_e
1.0024053427772376e-24	0.000001464095137741876
1.0616474683124939e-24	0.0000013831446364242268
1.1243908016807035e-24	0.0000013066699259856336
1.1908422641592495e-24	0.0000012344235378660926
1.2612210060667423e-24	0.000001166171686157407
1.335759129499024e-24	0.0000011016935110830103
1.4147024537788023e-24	0.000001040780364306144
1.498311326143334e-24	9.843972091845066e-7
1.5868614803437845e-24	9.288716057705883e-7
1.6806449459876626e-24	8.775138625416675e-7
1.7799710116234894e-24	8.289957128294196e-7
1.885167244743677e-24	7.831601541872208e-7
1.996580572069564e-24	7.398588649067698e-7
2.114578423681242e-24	6.989517240560151e-7
2.23954994476551e-24	6.603063580544359e-7
2.3719072789779224e-24	6.237977123183531e-7
2.5120869276516676e-24	5.893076465902079e-7
2.6605511893355648e-24	5.567245526422436e-7
2.8177896844087297e-24	5.247019804975568e-7
2.984320969799898e-24	4.9569096388483e-7
3.160694249136731e-24	4.682839798776336e-7
3.347491183964653e-24	4.4134847387441904e-7
3.545327812008912e-24	4.169461114220593e-7
3.7548565788057414e-24	3.938929669425845e-7
3.976768489402864e-24	3.7211444154656546e-7
4.211795387225585e-24	3.507105686727177e-7
4.460712367623485e-24	3.313196181671089e-7
4.7243403340579644e-24	3.1226224711107685e-7
5.003548705360245e-24	2.949971221922112e-7
5.299258282988215e-24	2.78357606088076e-7
5.6124442877382924e-24	2.623465886456567e-7
5.944139575926429e-24	2.472565184808937e-7
6.295438045645754e-24	2.330344230771244e-7
6.667498244333717e-24	2.1807932606996298e-7
7.06154718954639e-24	2.0577841129779875e-7
7.478884415540356e-24	1.9647847299262291e-7
7.92088625900776e-24	1.8605409919160774e-7
8.389010398097575e-24	1.7514533984190735e-7
8.884800659693486e-24	1.6487618494632396e-7
9.409892110801464e-24	1.5520913309478802e-7
9.871097473826171e-24	1.5022590722119672e-7
1.0354907813016182e-23	1.3951404166656888e-7
1.0966882552561277e-23	1.3639322107443196e-7
1.1615024980762135e-23	1.2854793790670941e-7
1.2301472606928033e-23	1.2172769070263204e-7
1.3028489267103696e-23	1.1595208896569102e-7
1.379847258997593e-23	1.0967050944800986e-7
1.461396190401464e-23	1.0130746383405503e-7
1.5477646611925614e-23	9.810980855749479e-8
1.6392375060033858e-23	9.052135068833105e-8
1.7361163931845905e-23	8.653248481586487e-8
1.8387208196772717e-23	8.28171553846044e-8
1.9473891646821103e-23	7.796140417007747e-8
2.0624798056003287e-23	7.43501470494644e-8
2.1843722999268068e-23	7.03223079220408e-8
2.3134686369928774e-23	6.770163783028336e-8
2.4501945636872523e-23	6.290942024686517e-8
2.5950009885269294e-23	6.238014347537356e-8
2.7483654687086434e-23	5.9210210928985224e-8
2.910793785045126e-23	5.488923092339393e-8
3.0828216099798225e-23	5.3408461910120506e-8
3.2650162741814594e-23	5.147888311081947e-8
3.425043934252812e-23	5.032885511477933e-8
3.5929150014735914e-23	4.7942349647318714e-8
3.8052561697330123e-23	4.7314914656462746e-8
4.030146694634404e-23	4.501676371933905e-8
4.268328242776937e-23	4.3647386089960105e-8
4.520586313233399e-23	4.262065510265578e-8
4.787752828048204e-23	4.171651030858358e-8
5.070708875833399e-23	4.083154583463249e-8
5.370387617511472e-23	3.987105273015316e-8
5.687777363787298e-23	3.9582331725046623e-8
6.023924834498564e-23	4.033023170630469e-8
6.379938610593948e-23	3.9990920761341964e-8
6.756992790122627e-23	4.176989975447592e-8
7.156330860293133e-23	4.30139812629351e-8
7.57926979837053e-23	4.562264675959973e-8
8.027204414936476e-23	4.972215794446985e-8
8.501611953836148e-23	5.431820762562596e-8
9.004056963981233e-23	5.8573079400006935e-8
9.536196459076997e-23	6.256721193953776e-8
1.0099785382288724e-22	6.481237509030396e-8
1.0696682393869772e-22	6.619318064769553e-8
1.1328856000838687e-22	6.357602041245811e-8
1.188411519860609e-22	5.451800211599122e-8
1.188411519860609e-22	5.932235241348342e-8
1.25864660485334e-22	5.488935481151071e-8
1.323046811875626e-22	5.958821546212182e-8
1.3574925879086097e-22	6.467569412879752e-8
1.3705460308603581e-22	7.213197924943159e-8
1.398368269304121e-22	8.02743596593989e-8
1.4185864251421188e-22	8.708697694244357e-8
1.466906243777423e-22	9.548173600379034e-8
1.538803457764391e-22	1.050525862618626e-7
1.614224557071921e-22	1.0102128604891358e-7
1.685259044750751e-22	9.476607330684933e-8
1.7763377391755183e-22	8.868574908480181e-8
1.8854155301055477e-22	8.91081978481621e-8
1.9454006464391482e-22	1.0124863999190933e-7
2.0505385191968533e-22	1.1068760390779018e-7
2.16135849775022e-22	1.0531293831598568e-7
2.28312802836653e-22	9.801487724230399e-8
2.3557664988783345e-22	1.0161891437604438e-7
2.38411631948422e-22	1.1171854361803855e-7
2.4360084975014013e-22	1.2657386150035142e-7
2.555404147333747e-22	1.3926130860497592e-7
2.7064284553948033e-22	1.4875761868282317e-7
2.866378295508853e-22	1.5703559796405433e-7
3.0039914145779056e-22	1.6628962175083398e-7
3.050342052039924e-22	1.815558817480302e-7
3.1845733669846593e-22	1.907642029526542e-7
3.3727815569574303e-22	1.778903318155269e-7
3.572112845283048e-22	1.7350070373372963e-7
3.7832246067387696e-22	1.77458899985556e-7
4.026031430788103e-22	1.916395347747843e-7
4.235501162090607e-22	1.9997496909339516e-7
4.714697022195871e-22	1.9324881794611035e-7
4.8288552521518815e-22	2.1188343609900326e-7
4.875288792281427e-22	2.2824538067357991e-7
4.969499659646452e-22	2.493731766582576e-7
5.041350631068744e-22	2.7831572468958887e-7
5.313807043657264e-22	2.9253796035705187e-7
5.5317385949137195e-22	3.2912240297052093e-7
5.654846433595469e-22	3.737895668801662e-7
5.9604588152341625e-22	3.939439417429711e-7
6.0425056044934565e-22	4.3229513853911383e-7
6.363266513589763e-22	3.9172869455959735e-7
6.685803416687652e-22	3.9866915404236913e-7
6.989129195806855e-22	3.726192221384593e-7
7.329135179014773e-22	3.6056704596503335e-7
7.407708443720792e-22	4.064733946921143e-7
8.2210377657474965e-22	3.809227375995073e-7
8.292150706480772e-22	4.3376398649993906e-7
8.400549369792327e-22	3.5627643545512843e-7
8.740294428166824e-22	3.9739345796752305e-7
8.782216563222486e-22	4.320495143640706e-7
9.28911520238768e-22	4.679606031559385e-7
9.526458857075683e-22	5.188450904492674e-7
9.737137186048118e-22	5.895990737279335e-7
9.850948613957842e-22	6.628822183978332e-7
1.0186491124428755e-21	5.701446182728499e-7
1.0186491124428755e-21	6.207546109756299e-7
1.0304145968014246e-21	6.806394321382023e-7
1.0539064594456503e-21	7.879460232453896e-7
1.0892253143044403e-21	6.865761132099117e-7
1.1209499034583861e-21	6.188110969808129e-7
1.1636784944999101e-21	5.440726804216094e-7
1.2082109987147963e-21	6.489037900676236e-7
1.2276362871319779e-21	7.565655933710472e-7
1.2533568208566598e-21	7.047566217159244e-7
1.2597702471645651e-21	8.143696255672728e-7
1.3036504575960261e-21	9.268254911494806e-7
1.331671394872178e-21	0.0000010014303441402793
1.3704574268671833e-21	0.0000011903715857119249
1.3723323017143344e-21	0.0000010866947045141771
1.3809898168594776e-21	9.078923570582378e-7
1.4307648610321939e-21	7.946627297261762e-7
1.4794995009311571e-21	6.22668624602194e-7
1.493726143864274e-21	5.181117439556299e-7
1.506029242135977e-21	5.631373372736908e-7
1.5225911489162956e-21	8.244634815754712e-7
1.5298941376547212e-21	3.6049923405788105e-7
1.577881702323004e-21	9.314558116245223e-7
1.6532033271000482e-21	0.000001041265957771607
1.6787117315826833e-21	6.853999123140897e-7
1.6916131514262062e-21	7.54732706001461e-7
1.6916131514262062e-21	6.300993794858713e-7
1.707879447069536e-21	8.353551747919519e-7
1.7711307263253434e-21	8.204455781728677e-7
1.774523884983431e-21	9.472220479472095e-7
1.8681906983994243e-21	0.0000010085513235520549
1.9341372215922446e-21	0.000001092997348023556
1.943414158712174e-21	9.924732104231764e-7
2.0203234153817514e-21	0.0000011740339687132933
2.0738047832360123e-21	0.0000010233896042122427
2.1013932354508822e-21	0.0000011775921229069414
2.128378560719239e-21	0.0000018976819783549982
2.1529615151039535e-21	0.0000013163990873187438
2.1570861908813482e-21	0.0000015782633263707378
2.1591514911177993e-21	0.0000014478722621151244
2.163583795569129e-21	0.0000020828287554866293
2.1674324852040615e-21	0.0000017639900196945305
2.225585512308274e-21	0.0000012460623017581709
2.2273611080546945e-21	0.0000010877908092268968
2.293331931132631e-21	0.0000010284662164696997
2.3646486892353375e-21	9.607276001158205e-7
2.3988377056414673e-21	0.0000012052407194256238
2.3988377056414673e-21	0.0000011069776973928823
2.3988377056414673e-21	0.0000010312400399295878
2.4401840247631474e-21	0.0000013308870616116512
2.456921409671364e-21	0.0000016508223650571763
2.5773420603364164e-21	0.000001297137579951425
2.6021253909058855e-21	0.0000012290819841971248
2.677914447466929e-21	0.0000013639138102329155
2.7110675056317427e-21	0.0000017275889604555586
2.7296628983945168e-21	0.000002395822642360077
2.7427555118783544e-21	0.0000021263592378199244
2.7427555118783544e-21	0.000002932031128986853
2.7427555118783544e-21	0.000002692983248522258
2.747133656570838e-21	0.0000019277765777154655
2.890985893389323e-21	0.0000016886228693573455
3.0520914465372526e-21	0.0000018209148996529643
3.087061989906589e-21	0.0000016617067706064018
3.1359803042312954e-21	0.0000020760856177955424
3.2180660708507985e-21	0.00000141329665802645
3.2273183271729814e-21	0.0000018465846901315474
3.242797905794881e-21	0.0000016872158107575285
3.2583517309986238e-21	0.0000015485362834884209
3.4250693189368094e-21	0.0000019651827206199733
3.597037311690316e-21	0.000002077397546146691
3.6200595570601406e-21	0.0000018844717573126524
3.7613206014558704e-21	0.000002338910598228677
3.767324638548012e-21	0.0000026202546934605217
3.769041837373418e-21	0.0000039426376339731144
3.779361480002676e-21	0.00000351425312725515
3.779361480002676e-21	0.000003227736809886889
3.779361480002676e-21	0.00000298566516152211
3.779361480002676e-21	0.000004476023746904758
3.815703247105254e-21	0.0000021481227389427654
3.939385262780054e-21	0.00000194847240088858
4.00819761290963e-21	0.000002376030986886336
4.0800708682242444e-21	0.0000025624704877368456
4.086583712894253e-21	0.0000021693308848796208
4.307440387948013e-21	0.000002132559367354127
4.347126335744799e-21	0.0000024157460521280157
4.362754965906048e-21	0.0000026418307825713236
4.5547394469460055e-21	0.0000022073563606670748
4.620593652852478e-21	0.0000026320105331181733
4.642755967033563e-21	0.0000024432225540447966
4.814042149066329e-21	0.000002275801852694816
4.823924410933496e-21	0.0000026882059660994736
4.9205050405545826e-21	0.000002991052077111686
4.940727393097825e-21	0.000002442744678659339
5.0281765408644936e-21	0.000003178701779270906
5.2077456902988864e-21	0.0000034933384842785717
5.232724233065214e-21	0.0000029608487578601686
5.308381008410974e-21	0.0000031969853696278088
5.359425595524478e-21	0.0000022390437575100226
5.407263539804063e-21	0.000002768712311278307
5.5268455653993724e-21	0.0000024517928817113716
5.622106165958483e-21	0.0000026210827922998586
5.6956008255417006e-21	0.0000028106217610262765
5.897661452321216e-21	0.00000289405070960658
5.9584440630867496e-21	0.000003251305691971211
6.08189505815847e-21	0.000003568472339141039
6.2686692238952935e-21	0.000003987477664054237
6.27617253622715e-21	0.000004453082421791928
6.336523259970834e-21	0.0000035201699825534326
6.428139193736886e-21	0.000058539430509013255
6.808042026276047e-21	0.000055302758161433936
7.210397104764068e-21	0.00005230679080942776
7.636531356259519e-21	0.00004953159853811215
8.08785012917038e-21	0.00004701458242476201
8.565841827952715e-21	0.00004452017388305487
9.072082821721536e-21	0.00004220793506510645
9.641138119713611e-21	0.000040552356365887064
1.0210929091904935e-20	0.00003852412217680186
1.0814394693373275e-20	0.00003641253381051926
1.145352509369378e-20	0.00003450390933711536
1.2089039169635383e-20	0.00003225183317678247
1.2847336015277417e-20	0.00003101293091018582
1.3606613186428552e-20	0.000029357597590687733
1.4361594219353432e-20	0.00002741827929835385
1.521036400470991e-20	0.00002599425948473997
1.610929605879037e-20	0.00002461510647412136
1.706135497016386e-20	0.00002333667470413539
1.8069680534494612e-20	0.000022124640688399554
1.9137598109275933e-20	0.000020975555934884114
2.0268629580528568e-20	0.000019886151055467247
2.14665049776314e-20	0.00001889791790229224
2.4078822918291086e-20	0.0000171471657604937
2.5501880626776993e-20	0.000016352890373716035
2.70090410029285e-20	0.000015706326271515297
2.874247746209565e-20	0.00001545939912663856
3.0295845373061615e-20	0.000014591928887389688
3.3466256243459775e-20	0.000013980069077551206
3.523197931655546e-20	0.000013639747040366498
3.726784126775911e-20	0.000013350203000026827
3.9605503184531785e-20	0.000013118551611671898
4.1946187228617577e-20	0.000012876709648849351
4.4425205629136006e-20	0.000012678202352148314
4.705073394238216e-20	0.000012601270540494311
4.983143089978055e-20	0.000012554428925599566
5.277646696352217e-20	0.000012552162247983297
5.589555456983704e-20	0.000012697513356589658
5.941970744612775e-20	0.000013000084567155329
6.283415259263009e-20	0.000013579911953186354
6.665774231656541e-20	0.000014514584177741051
6.999177580921725e-20	0.000016185933931829948
7.342227022835938e-20	0.000017595100741935746
7.628733540501808e-20	0.000018956586430969563
8.002639296331587e-20	0.00002145139905754063
8.394871228256048e-20	0.000023752656244609742
8.764290324388873e-20	0.000025775270707901018
9.149965830522157e-20	0.000028069407279934433
9.644469595074536e-20	0.00003081695869144547
1.0214457457359245e-19	0.00003338830274414972
1.0818131585119642e-19	0.000035622968217187935
1.145748283562969e-19	0.00003720764071096855
1.2134619725768212e-19	0.000038180304370762396
1.2851775385697897e-19	0.00003835419821959917
1.3611314923507033e-19	0.00003830200470100105
1.4415743225100302e-19	0.00003806958668701282
1.5267713215063934e-19	0.000038107699224513176
1.6170034605747217e-19	0.00003837180431958432
1.7125683163414428e-19	0.00003891254391347918
1.8137810522026767e-19	0.00003974156239664874
1.9209754577017097e-19	0.00004082866458985681
2.034505049333786e-19	0.0000423437478085606
2.282089555813769e-19	0.00004586859556875937
2.416960979756549e-19	0.00004785248405417092
2.559803300787926e-19	0.000050040253566519834
2.7110875986855104e-19	0.000052266272828171666
2.871312794027566e-19	0.00005484985714827532
3.041007293583466e-19	0.00005722219924145793
3.231757460403243e-19	0.00005928492775535691
3.427436779157202e-19	0.000060513665793820014
3.622286668341742e-19	0.00006358040961815676
3.8152099026886095e-19	0.00006694652525224576
4.0523060701402985e-19	0.00007203832935952846
4.291797236707118e-19	0.00007616394104103033
4.545442323997254e-19	0.0000804972952836535
4.814077828298786e-19	0.00008263089127955385
5.074251434740116e-19	0.0000862529563375418
5.348485949189783e-19	0.00009369883204971221
5.637541283987565e-19	0.00009333968709676743
5.884401896642061e-19	0.0000861048020155901
6.013728405095459e-19	0.00010221978634937818
6.360003317320147e-19	0.0001130705523458546
6.6208418042189e-19	0.00011675307677397902
6.752475615151974e-19	0.00010990950183803123
6.826733052222658e-19	0.00009885490286007093
6.992030579922798e-19	0.00010890061066054419
7.110114552174426e-19	0.0001220783774663463
7.264871820957211e-19	0.00013484297749190917
7.5845649179264155e-19	0.00014252131418730958
7.731130274349026e-19	0.0001287469540424265
7.956305844938891e-19	0.00012812852120405428
8.132260126099693e-19	0.0001417705711192992
8.346266843677493e-19	0.00015471407673800497
8.788920291850346e-19	0.00015532059737043038
9.292522230164232e-19	0.00016633149444539774
9.727266492447736e-19	0.00014529837349117763
9.78328059479287e-19	0.00015726167986573729
9.807385271959774e-19	0.00017261243795388008
1.0155318084637513e-18	0.00017737663663608725
1.0368084849532438e-18	0.00018726879292230506
1.0963338038427331e-18	0.00018923699235745377
1.1611270985949835e-18	0.0001948962774375381
1.2093261326450058e-18	0.0001812493108592925
1.2326953459855583e-18	0.00021069577202165957
1.2811377913011556e-18	0.0002320276323134225
1.3339638803182453e-18	0.00023447761654874896
1.351633008969536e-18	0.00025072366218929467
1.4012596091835891e-18	0.00028059581496268893
1.433227936858037e-18	0.00024898065592605196
1.4470096394450364e-18	0.000320481596472459
1.5010783740364588e-18	0.00033923802370014553
1.517931664714014e-18	0.00026602162955418967
1.5222958674781226e-18	0.0003061669104186488
1.525212304602783e-18	0.00028080519022132797
1.5674909463348805e-18	0.0003716764982023629
1.5847287516880968e-18	0.0003363872817358821
1.6179308244269817e-18	0.00028442474023687936
1.6219911007274901e-18	0.0003157377311480753
1.6231002161536653e-18	0.0002609246463913018
1.6646750515633648e-18	0.0003704792117484374
1.6783861731327128e-18	0.0004219434819812334
1.7231430434633912e-18	0.000293150536644851
1.7272705601232192e-18	0.0003121791408156433
1.7272705601232192e-18	0.00026647954728037366
1.7383256710963365e-18	0.00034609542931049426
1.7775787453609148e-18	0.00040287419125268497
1.832272315739284e-18	0.00028230563942092425
1.838126542141944e-18	0.00035145839986497926
1.838126542141944e-18	0.00031601323465778075
1.846942971586313e-18	0.0002589767356929144
1.9216392468028472e-18	0.0003919142746132325
1.946759765362347e-18	0.00042979312426245404
1.953424833365777e-18	0.0003299281896431305
1.9824811404361773e-18	0.00046144116181684875
2.022725730371514e-18	0.00032327921531154273
2.025146841196552e-18	0.0003589015451839109
2.0363213303669347e-18	0.00038978531148912054
2.0816392920785597e-18	0.0004875929054929477
2.0816392920785597e-18	0.0006315403564902664
2.0856273276774825e-18	0.0005555054390852794
2.0949624818041565e-18	0.00042868006946984223
2.1628684917144374e-18	0.0003760768759213022
2.194140091036653e-18	0.0005434756880000914
2.204664111478236e-18	0.0004367886539023625
2.204664111478236e-18	0.0004069042673144279
2.2081833236123747e-18	0.0004859692852865895
2.2828781271455342e-18	0.00033211193676999855
2.2994794532817212e-18	0.00037500647641964613
2.301681087819392e-18	0.0003163498343092849
2.368719455286188e-18	0.0003468496316361269
2.4029673284214288e-18	0.00043266567052382303
2.4144929722889612e-18	0.0003906825314709114
2.532834085523073e-18	0.0004828721257786268
2.5510787284912677e-18	0.0005291275271661397
2.5541322538567573e-18	0.000428286509428213
2.5694547922260235e-18	0.0005910056123772521
2.665464635849994e-18	0.0003971671565953345
2.669719404384014e-18	0.0006576817238814936
2.6711391692952624e-18	0.0007291480915375397
2.677395110132074e-18	0.0006077772644439284
2.682524503611636e-18	0.0008058285877384037
2.688950066841002e-18	0.0004474791856354634
2.6953910214909562e-18	0.0004803399137070564
2.7025657342791295e-18	0.000539538917129864
2.734362040008083e-18	0.00038557942246348075
2.7872012933230883e-18	0.0007117491538994291
2.7872012933230883e-18	0.0006407244374862145
2.8169963846131242e-18	0.00041223260724853656
2.8274997406901173e-18	0.0005747209885617828
2.8546885495940482e-18	0.00047798945682869944
2.8546885495940482e-18	0.0004418804730879724
2.8644620684689686e-18	0.0005239380238896415
2.95192480572337e-18	0.0004333061097715574
3.008968277031923e-18	0.00046455249022391227
3.026295308953356e-18	0.000570809965351042
3.03064263471327e-18	0.0005099772592157475
3.136372466468582e-18	0.00044096773524918045
3.1413789252682027e-18	0.0006296071247609519
3.202083438555761e-18	0.0004846378194563692
3.2090554841085865e-18	0.0005418944936370981
3.2251488534697246e-18	0.0007177530305593051
3.311152641717369e-18	0.0006449320273938573
3.327034325037859e-18	0.000588853905071154
3.342992183603765e-18	0.000713867467677144
3.393129990978934e-18	0.00051321983308638
3.4403595989373292e-18	0.00048270047603659206
3.540562920862341e-18	0.0005912941084624494
3.608981330098525e-18	0.0005386119936214544
3.608981330098525e-18	0.0004936983684781066
3.626291525307303e-18	0.0006539515950676669
3.634187218904116e-18	0.0007379953918165852
3.714095899561823e-18	0.0005299093555560575
3.7426398774454935e-18	0.0006131914430534573
3.810098511201205e-18	0.0008087520397268677
3.8406052451189504e-18	0.0006726340168734997
3.853754219937774e-18	0.000741535708323059
3.952466052891058e-18	0.0006109175949215455
3.9991610088490796e-18	0.0009196402819372992
4.042637587896285e-18	0.0010482011438371003
4.067584899309863e-18	0.0007253230067718547
4.07147940481912e-18	0.0006683925176612255
4.082751156818823e-18	0.0008092132530234856
4.141230701254395e-18	0.0005870601758746377
4.146187566305009e-18	0.0006414382687678517
4.198092001928092e-18	0.0010944913183539209
4.226309163921531e-18	0.0009338088360848266
4.299153744856469e-18	0.0007612071873805211
4.3079790442199416e-18	0.0009882233766199437
4.3079790442199416e-18	0.0007032592017027099
4.3227281538933346e-18	0.000847258294553491
4.4760839080845656e-18	0.0006435603282031208
4.562580475846236e-18	0.0008426094348629996
4.562580475846236e-18	0.00077281547645153
4.562580475846236e-18	0.0007199406678843215
4.6020473320041645e-18	0.0009362090243226089
4.763358344808324e-18	0.0010357079122912248
4.8276066567468856e-18	0.0007181143831833437
4.832228844405321e-18	0.0009356231816639122
4.832228844405321e-18	0.000858936097516627
4.832228844405321e-18	0.0007883483060263601
4.9763720220832025e-18	0.0006944516701159413
5.069070014544115e-18	0.0007859054992238348
5.09338341033452e-18	0.0008427159432496888
5.117813423416211e-18	0.001016088439755694
5.117813423416211e-18	0.0009157750862538999
5.15330823438435e-18	0.0012647226713506962
5.167025541519321e-18	0.001132695217780976
5.368651899569448e-18	0.0011789687140945887
5.40014126099308e-18	0.0010459521249565618
5.446273970327255e-18	0.0009034207069167012
5.472396595235451e-18	0.0008126168897939684
5.519733467517894e-18	0.0007640051065550632
5.5781460701422055e-18	0.000963570400518338
5.8050666836356085e-18	0.0010698694074036145
5.809698027456836e-18	0.0008378027294657102
5.871580528249369e-18	0.000941382792295134
6.0444312324468354e-18	0.0012057522277100405
6.0508618357811606e-18	0.001320035089942107
6.1517128751767956e-18	0.0010420117529984633
6.209246004147467e-18	0.0009117657298065865
6.402337675382027e-18	0.0011951368000060044
6.43920529878634e-18	0.0012648326290824563
6.453225680681005e-18	0.0014121395177017686
6.526057481789434e-18	0.0016486505522059303
6.5323058496651415e-18	0.0010707363866572033
6.563637541097874e-18	0.0009661539320488859
6.563637541097874e-18	0.0018742648003482448
6.819762137800222e-18	0.001307128321024624
6.819762137800222e-18	0.001200558424290904
6.834611123842198e-18	0.001475116330787917
6.885339936753376e-18	0.0009711569222527795
6.911747282200231e-18	0.0010675157375012298
6.929408421937952e-18	0.0016632035203565654
7.119868035351958e-18	0.0016669951447897471
7.208013270658148e-18	0.0013948582303393874
7.222809874525955e-18	0.0012613925286443148
7.222809874525955e-18	0.0011585514614314669
7.31722964129891e-18	0.0010774215356828345
7.327240087107987e-18	0.0010030245121263998
7.642360549095059e-18	0.0011002010859292733
7.68636879810189e-18	0.001247943923591568
7.834901429133534e-18	0.0014008603173746692
7.986304328696416e-18	0.0015801312810016575
7.986304328696416e-18	0.0016961813150128578
8.112353059959818e-18	0.0012301712823248143
8.179678868303565e-18	0.0011732437767282323
8.252690241435403e-18	0.0014141681359095388
8.516310680797789e-18	0.0015364329988088038
8.56691300805259e-18	0.0013010583674170691
8.580588009180011e-18	0.0011772314775992884
8.854010173467481e-18	0.001740957138486337
8.945941005099575e-18	0.0015008361314398822
9.001146838244232e-18	0.0019013779595156539
9.044320131376402e-18	0.0016268514228253632
9.079007813935953e-18	0.002083839825858296
9.337482275236893e-18	0.0013690159433924559
9.461701625891293e-18	0.0015020916327829867
9.47853256770689e-18	0.0017329253295239665
9.533114344996681e-18	0.0022856814720430005
9.565752607058718e-18	0.0019504035278716486
9.60178377288916e-18	0.002593554078283262
9.609444177906584e-18	0.0016381098706488917
9.640146962278647e-18	0.0020697110302035837
9.952622207464649e-18	0.0014007991902297648
1.0096521115359104e-17	0.0016691034761525943
1.0103425103497426e-17	0.0015309504491154953
1.01233964883885e-17	0.0018533792958843598
1.0340990902880352e-17	0.0020377226083881346
1.0363005938437809e-17	0.002384345429897786
1.0390590652728922e-17	0.0021337569405270257
1.0591380103269437e-17	0.0015023192846245945
1.0608286675650441e-17	0.0016031503072789367
1.0734236937350791e-17	0.0017909197372585936
1.1046880476062636e-17	0.0020825546428078676
1.1217330348038683e-17	0.002434976179045525
1.1241754364360753e-17	0.002744373034887729
1.1271133391137438e-17	0.002284478043927856
1.1271133391137438e-17	0.002990526009648904
1.1286553034301571e-17	0.003266978778510429
1.137951490130791e-17	0.0018545222754421651
1.1694953238741605e-17	0.002041683121867212
1.1846215200097952e-17	0.0016737914924761733
1.186891035583904e-17	0.0021786978728983875
1.1880274233401261e-17	0.0023609059520419986
1.1951545389193437e-17	0.0026287673963487673
1.1994513149575195e-17	0.002831817869212343
1.2052043888878776e-17	0.0018673015039517907
1.2403069646193426e-17	0.0028115231484837824
1.2582398082400772e-17	0.0025821836930816668
1.2582398082400772e-17	0.002327257551344487
1.2582398082400772e-17	0.002142572336938553
1.2703388515076241e-17	0.0018943899435570428
1.2846015244591124e-17	0.0018288040574028978
1.3326017429706762e-17	0.0025381759871379076
1.3326017429706762e-17	0.0022671505404252917
1.3326017429706762e-17	0.002062726049056954
1.33685949016301e-17	0.003363667157143274
1.3415587261041853e-17	0.0030516748108089507
1.3475634697666655e-17	0.0028779821391977955
1.3648683882074097e-17	0.001923723985219417
1.3979163144234947e-17	0.003476286843986256
1.4046213101203005e-17	0.003147881130396483
1.407985858339477e-17	0.002050224774169266
1.411358465801837e-17	0.0023457326210460277
1.412709769697555e-17	0.0021627401720538866
1.4144314823873682e-17	0.002635003817656097
1.4181279357208963e-17	0.0028911480370891586
1.4828964389086446e-17	0.002126342501904588
1.4947697085777523e-17	0.0022808338078687913
1.498024340350848e-17	0.0025764481292203903
1.5149312046402287e-17	0.0030075748682918814
1.575553534629306e-17	0.0022047044846437856
1.583110553286858e-17	0.0026718789654998805
1.583110553286858e-17	0.002367708039500758
1.6292199589614528e-17	0.0031687914280566797
1.6327673355328197e-17	0.0035791078167143626
1.6339041265123028e-17	0.002922816531175575
1.6370343844040298e-17	0.004229723409986233
1.6607032683615395e-17	0.002407678456863262
1.6847143663086595e-17	0.0026477329513765703
1.725506809414526e-17	0.0033372333846766267
1.725506809414526e-17	0.0030651494496406794
1.7292638358342923e-17	0.0037628902009956156
1.740432645661625e-17	0.0028365345081040223
1.7672869709418645e-17	0.004652364192593651
1.7774638272396146e-17	0.002655303890973782
1.818760667278119e-17	0.00400234384683221
1.822245076087367e-17	0.00368644723437675
1.8274842098262646e-17	0.0033922664124171405
1.8274842098262646e-17	0.0031156956462193887
1.8274842098262646e-17	0.0028616736363443218
1.8837133003835014e-17	0.0026845872391888545
1.9209896949949815e-17	0.003889807158180582
1.9354884715276962e-17	0.00348094535579139
1.9354884715276962e-17	0.0031971446140159985
1.9354884715276962e-17	0.0029784010528699605
1.972890163088254e-17	0.0027875962623907496
2.0425325432844968e-17	0.0031026721747585053
2.0498757818393157e-17	0.003665980332036636
2.0498757818393157e-17	0.00336709372761608
2.0523293900427785e-17	0.0040507527471226774
2.119698546422344e-17	0.0032113678789122534
2.1606599431968278e-17	0.003338815546194142
2.164799367737568e-17	0.0036274494146704738
2.171023378741516e-17	0.003916890885417385
2.175750449157807e-17	0.0044116470811484
2.1874092984045515e-17	0.005508178534948995
2.191899610460007e-17	0.005006413315340253
2.1963991402244888e-17	0.006232266105777127
2.2914854989273957e-17	0.0034673760697979663
2.2946204000489664e-17	0.0031462102217540877
2.2993307949680296e-17	0.004133879103483207
2.2993307949680296e-17	0.003796844810765447
2.3020829894917125e-17	0.004559675102938287
2.392868244159461e-17	0.004961865696049227
2.415877702475773e-17	0.0033127681488995756
2.435221175624977e-17	0.003859457113146429
2.435221175624977e-17	0.003510420706494013
2.4422226759118238e-17	0.0043289687135327
2.4469015225347974e-17	0.005589082283170519
2.4941858424216056e-17	0.006949604810533962
2.5061490087198664e-17	0.0063154133926663246
2.5319779378553918e-17	0.0049453823145275445
2.5791426736816266e-17	0.004112907998831739
2.5865579624243283e-17	0.005338413094249009
2.591513328741651e-17	0.005897611895150852
2.591513328741651e-17	0.004566060258882466
2.6039433186760796e-17	0.00369800308485322
2.711107691888197e-17	0.00644626724337592
2.7315699279341396e-17	0.005670254023133535
2.7315699279341396e-17	0.005207959406775113
2.7315699279341396e-17	0.004783355573129791
2.7315699279341396e-17	0.004393369600620591
2.7315699279341396e-17	0.003986618876471668
2.7622385078016585e-17	0.0038670528305850913
2.8791957920653083e-17	0.004332865725984555
2.8930056283172167e-17	0.005061480065668624
2.8930056283172167e-17	0.004676355629655914
2.899304704344537e-17	0.005718102386258476
2.926820197755723e-17	0.006616616861383088
3.02609966295325e-17	0.00707454752786893
3.063982173725638e-17	0.005984708368581485
3.063982173725638e-17	0.005496776355662348
3.063982173725638e-17	0.004968757986805665
3.082363361445539e-17	0.0045716632034441965
3.153223191502141e-17	0.004420008589078121
3.237308966137863e-17	0.007310024133047642
3.245063427812642e-17	0.006637501973677999
3.245063427812642e-17	0.006097788196919753
3.245063427812642e-17	0.005600636809410651
3.245063427812642e-17	0.005144018069825772
3.345976601508765e-17	0.0048405334989418715
3.43684657855655e-17	0.006529005751583601
3.43684657855655e-17	0.005996697287656577
3.43684657855655e-17	0.005507787820690097
3.45333114296293e-17	0.007256925756319176
3.553912271848111e-17	0.005136476889555928
3.6399641077270924e-17	0.007363649526588229
3.6399641077270924e-17	0.006763292731459903
3.6399641077270924e-17	0.006211882899404078
3.6399641077270924e-17	0.005705429394829617
3.652426152987994e-17	0.008063340673326798
3.683768249400326e-17	0.008677241755239451
3.7320658236483574e-17	0.00519466318218769
3.8550858767475486e-17	0.006794096440944851
3.8550858767475486e-17	0.006240175188941937
3.857721979506197e-17	0.005696691681069706
3.8653475173476966e-17	0.007556083229422237
4.024730210934477e-17	0.008569588282177684
4.03244084909272e-17	0.005895383635891678
4.082921335831115e-17	0.006889839578790566
4.082921335831115e-17	0.006350576329624701
4.102504747015807e-17	0.007594931186542882
4.1419538107907714e-17	0.009765423802363695
4.221993594632554e-17	0.011076010622057706
4.2567681095666555e-17	0.008581582584235749
4.315363289373728e-17	0.0070224365003385015
4.336654426650076e-17	0.006462872338123062
4.3449626538724967e-17	0.007811907043905202
4.369982959728043e-17	0.009107223304941762
4.380750005347197e-17	0.010008357343330089
4.428925413358226e-17	0.00619967699282416
4.5579215331573546e-17	0.010891733718413043
4.579783245443692e-17	0.007498721057857587
4.579783245443692e-17	0.006887351909230748
4.6017498157141503e-17	0.008339678719180968
4.6017498157141503e-17	0.008994569138072303
4.623821746911919e-17	0.009632232646650075
4.6682837159347886e-17	0.006670763405199759
4.8272945583439953e-17	0.013501495607543424
4.8604052935461014e-17	0.00813807710772567
4.8633594381292726e-17	0.007247689481047082
4.8737130910784594e-17	0.012312775881315269
4.8830502232992227e-17	0.011260863375989888
4.892405243737178e-17	0.008774585881862404
4.897089472744539e-17	0.010362239353100915
4.897089472744539e-17	0.009517408160915883
5.0252731042016703e-17	0.007093371760364226
5.1494147790510544e-17	0.007954348137364892
5.161749387817009e-17	0.008455675437374788
5.186507312934706e-17	0.010708750087748641
5.186507312934706e-17	0.009835667948342463
5.186507312934706e-17	0.009033768011892178
5.2042642157411744e-17	0.011785803332597513
5.4407126704378993e-17	0.008092747194377558
5.466808621008365e-17	0.008499205290836738
5.477282014490149e-17	0.012934269246073944
5.4930297387541476e-17	0.011851602617907374
5.4930297387541476e-17	0.010885343952400504
5.4930297387541476e-17	0.009997864152399684
5.4930297387541476e-17	0.009182740393590908
5.797817800943504e-17	0.009410180611149451
5.817667630697666e-17	0.01219018522991238
5.817667630697666e-17	0.011196321995353784
5.817667630697666e-17	0.010283488221002527
5.821645744332612e-17	0.008642859096102445
5.845571616098558e-17	0.013469485534165875
6.09697039740571e-17	0.014238200303286075
6.157281271262071e-17	0.009787328489952025
6.161491612267145e-17	0.012717429803520596
6.161491612267145e-17	0.011680580429912702
6.161491612267145e-17	0.010728265167376013
6.161491612267145e-17	0.015326782340279737
6.250576869953467e-17	0.0091195718196402
6.512267203881688e-17	0.009716496605461703
6.525635580780964e-17	0.011568635176698726
6.525635580780964e-17	0.010625446787081057
6.556935278793416e-17	0.012845773696080249
6.643785706086505e-17	0.009101681858924253
6.683642554237119e-17	0.014198823500905714
6.715700120275172e-17	0.015837876228601895
6.780277274641842e-17	0.01720255003770622
6.91130044685488e-17	0.012496955675034139
6.91130044685488e-17	0.011269847412325855
6.934962476597853e-17	0.01028127794507208
6.994472581238743e-17	0.009682402169682584
7.0601946243744e-17	0.014290438654261696
7.195732590656073e-17	0.01578215477058034
7.215434518094221e-17	0.017735583797610772
7.311007151398771e-17	0.01119489008018819
7.347050293799473e-17	0.012580941460984055
7.354866739102571e-17	0.010546440800556212
7.454069389483776e-17	0.013989224827250384
7.656506882331023e-17	0.010670404352427566
7.752355577600204e-17	0.011562370224517485
7.77889710472174e-17	0.015038967576319758
7.789539141631743e-17	0.012818612888245005
7.985788024655327e-17	0.01410564795857105
8.171326433697178e-17	0.011163249464311024
8.19089955394156e-17	0.016880427264783854
8.228396705511684e-17	0.012252978067997718
8.234125609408075e-17	0.015356284257699306
8.249900670044728e-17	0.018963928585446353
8.409323081908972e-17	0.013816451735928667
8.571826198186653e-17	0.01901884523393766
8.695761016857356e-17	0.017434473583527926
8.695761016857356e-17	0.01601304462393892
8.720762184662269e-17	0.014756094446954407
8.737469550906926e-17	0.012333822071811005
8.906313822505632e-17	0.013655779693369357
9.20338696661599e-17	0.015168606439054643
9.209680230773331e-17	0.01970973875087069
9.209680230773331e-17	0.018102807901355922
9.209680230773331e-17	0.016626889785584697
9.253853737927703e-17	0.022173092698212233
9.54162492341836e-17	0.024923781861587592
9.550760543633151e-17	0.014097712113089085
9.753972054736893e-17	0.020610849035693185
9.753972054736893e-17	0.01893045085442944
9.753972054736893e-17	0.017387055182994594
9.753972054736893e-17	0.015969492235614835
9.800756214832161e-17	0.02284120693509567
1.0204877944559371e-16	0.01496877312036001
1.0330431509086066e-16	0.02055850330508215
1.0330431509086066e-16	0.01888237286021118
1.0330431509086066e-16	0.017342896977519773
1.0330431509086066e-16	0.01610868456876293
1.0370051814834419e-16	0.0230158828703263
1.0379980611632491e-16	0.031083487024577527
1.0379980611632491e-16	0.02854925687360313
1.0379980611632491e-16	0.026221641973132304
1.0836755105387546e-16	0.014854404701460912
1.0888732749256058e-16	0.01557285069397216
1.0940959699806861e-16	0.021346594394620326
1.0940959699806861e-16	0.019606211049190206
1.0940959699806861e-16	0.018007720791390677
1.0940959699806861e-16	0.016539555107669704
1.099343715281981e-16	0.02362864291849432
1.1259624210140888e-16	0.025907108282147876
1.127040472723008e-16	0.028622896033804173
1.1349777879076986e-16	0.01577445342850769
1.1563831863405926e-16	0.017554586080940234
1.1587570088191563e-16	0.021092124656039945
1.1587570088191563e-16	0.019276619155600406
1.1643148957095411e-16	0.02355008076647381
1.192506766147853e-16	0.026773435609431462
1.1965895188492051e-16	0.029476171699953466
1.1982265310958318e-16	0.031401511522210525
1.2051264740137693e-16	0.03440707514498796
1.2239814643103366e-16	0.018186595739424716
1.2260656176787605e-16	0.020219990621506895
1.2272395131034315e-16	0.021874818002349188
1.233125870941466e-16	0.024184752336050868
1.2402267804100177e-16	0.017178028810103184
1.2509548874987147e-16	0.03529208054068528
1.2509548874987147e-16	0.03241472464666659
1.2509548874987147e-16	0.02977195897272007
1.2690416829566332e-16	0.026831510439239873
1.297697871065812e-16	0.01931989565102728
1.2997693313261355e-16	0.02093560823274024
1.3060035727349166e-16	0.023027738747292657
1.3060035727349166e-16	0.018471519838173557
1.3504885999797643e-16	0.03033266826630173
1.3504885999797643e-16	0.027859652210568162
1.3504885999797643e-16	0.025588260633044764
1.3569661123730578e-16	0.03360937976531635
1.373765594706679e-16	0.019711560640697567
1.3765856596189958e-16	0.021477822018264085
1.3831883445070768e-16	0.023904837772653963
1.3964888739592214e-16	0.03895988856714185
1.4303024355208558e-16	0.029271342766842772
1.4303024355208558e-16	0.02688485635556641
1.43167187730337e-16	0.03448606685745627
1.43167187730337e-16	0.031674425089285876
1.4454386170575706e-16	0.020643811388338842
1.4579418305979301e-16	0.022385608052085657
1.4649347339638236e-16	0.024705668730242925
1.5148332663360037e-16	0.027587666914799993
1.5206431066236256e-16	0.03087066069947293
1.5250151050497867e-16	0.021354561711115983
1.534286202478461e-16	0.03959779276607175
1.536735318692073e-16	0.01981798750122696
1.5441061488287956e-16	0.035603575078733234
1.5474682031333233e-16	0.024177872132807025
1.5515123325727747e-16	0.03301079852597786
1.6043598667036986e-16	0.027130310535272793
1.6069208385456307e-16	0.030268381754836822
1.6120550526682686e-16	0.037675417954217125
1.6208947563534382e-16	0.022201374723652946
1.6353627756692267e-16	0.03419587325784181
1.646354744482179e-16	0.024740395688220868
1.6991774864538582e-16	0.027839537635737717
1.7056943421606896e-16	0.031123080835542084
1.7105983810814374e-16	0.023407048842422576
1.7403201289866683e-16	0.02546989869348684
1.7486674376599723e-16	0.03410799894216143
1.7570547835430555e-16	0.03791070577014625
1.8035171750912527e-16	0.02958484601630158
1.8321815247026392e-16	0.02598998090609006
1.85201363050273e-16	0.03828691370506459
1.85201363050273e-16	0.03516538969386178
1.85201363050273e-16	0.032298362877903664
1.858354318763394e-16	0.04195322900349857
1.9105204748895806e-16	0.0287735695765617
1.952104464637971e-16	0.027371003285722444
1.9614675802265702e-16	0.035242197976517085
1.9614675802265702e-16	0.032368908997449826
1.9633455855999104e-16	0.03858859202411233
1.9681830029722654e-16	0.042977367521528975
2.0185969475891062e-16	0.026352962905732004
2.0263388728103156e-16	0.029246204058857077
2.067473779641421e-16	0.04569280488099771
2.077390255079005e-16	0.037645384067200735
2.077390255079005e-16	0.03457616383226767
2.0793792505132873e-16	0.032088901052421154
2.084502559106507e-16	0.041515621289810976
2.1276906653346933e-16	0.051368481531012485
2.139942892903392e-16	0.0307938333163971
2.2001639565201176e-16	0.041466567761977026
2.2001639565201176e-16	0.038085807225144895
2.2001639565201176e-16	0.034980679382897194
2.2001639565201176e-16	0.03266443164785501
2.210716869958891e-16	0.04589953341457721
2.275105829262439e-16	0.05181261701943354
2.31907034144916e-16	0.03122552795952319
2.324625307710341e-16	0.05930037159084286
2.3264799184568456e-16	0.044609455692956906
2.3301935800147193e-16	0.040015672464720264
2.3301935800147193e-16	0.0367532031159169
2.3381713998506784e-16	0.03358590804713463
2.403283810481247e-16	0.0511111619633457
2.4327345223041297e-16	0.03423397089015651
2.456127328707998e-16	0.0359231157899809
2.467907950337422e-16	0.03870687586006839
2.473281441372276e-16	0.043503483692072444
2.511589058371249e-16	0.06010859738448089
2.539787812810339e-16	0.047534432399215315
2.551969705374305e-16	0.05278207429358954
2.61376123579407e-16	0.041502897478420855
2.6313294368169767e-16	0.037742031198149804
2.670071018942488e-16	0.059561657740280646
2.6706518171107983e-16	0.048091635552609965
2.7056665074210654e-16	0.051866005571598574
2.7550202081969627e-16	0.0721928079828709
2.768234446023644e-16	0.04359561165783295
2.7777119743558325e-16	0.0399531012699885
2.781512064903158e-16	0.06544901335521379
2.794853368837731e-16	0.050889800643398694
2.819029178223321e-16	0.03827251380622587
2.831388928797697e-16	0.05995765695987415
2.855685563711078e-16	0.05457524676469187
2.862525906875936e-16	0.04113966615150671
2.9382206437434666e-16	0.044271421078912576
2.982370103025166e-16	0.06633517085181444
2.9884923099835367e-16	0.060455397597785926
3.011048121857531e-16	0.05629880044314845
3.1051084977072023e-16	0.04650505023748558
3.134966750337679e-16	0.060410612743859594
3.1802933268172864e-16	0.06444356667586428
3.290051163929351e-16	0.048277342741892146
3.3043939250946856e-16	0.07181144570824294
3.336168476186548e-16	0.06556631111084105
3.389806487202148e-16	0.08131922756926384
3.4006371341899324e-16	0.09223745159697178
3.482977677841889e-16	0.07205443912840694
3.4848299359801574e-16	0.05153986201810521
3.601614686290121e-16	0.05609645890071692
3.6712128696935753e-16	0.0799769282503139
3.682942627943428e-16	0.0510864644353487
3.742155979624413e-16	0.10075125827897025
3.742155979624413e-16	0.09253702940956149
3.768291988344917e-16	0.06011366803239575
3.8840492427024476e-16	0.05393001624278455
3.9068307961871543e-16	0.08468039206906652
3.9068307961871543e-16	0.09757556356793642
3.944398288911907e-16	0.06654582851510121
3.978517796660265e-16	0.08923486372763928
4.082302207935506e-16	0.05967411792533944
4.146733638640582e-16	0.07244150137533024
4.2553292383394984e-16	0.09627383132310405
4.265036273964427e-16	0.05801066351343826
4.308546425251487e-16	0.06437688031800695
4.3864595589680964e-16	0.07863473883054499
4.403282948071064e-16	0.07090416204740353
4.509900825101313e-16	0.10081115835861802
4.570730494852867e-16	0.08621266782021107
4.570730494852867e-16	0.06708308952205842
4.619100269529455e-16	0.12766532184173676
4.650782986224671e-16	0.07556109425579186
4.663516837541513e-16	0.1164252125353462
4.685885029403304e-16	0.10592578693599006
4.799345626810896e-16	0.09829302918949208
4.831604070158976e-16	0.06692892948557357
4.83286527159268e-16	0.08473288172164527
4.892088956191126e-16	0.14707969971109272
4.892088956191126e-16	0.1350883227684288
4.939130542033501e-16	0.07527957024532915
4.939130542033501e-16	0.12407086641051712
4.962820693359914e-16	0.11314892829564388
5.046634626143247e-16	0.06804363417657147
5.0587230413067e-16	0.10391766520401861
5.0587230413067e-16	0.09544527984485164
5.126955240616857e-16	0.0854517095585003
5.189481814547599e-16	0.07553505671646497
5.256123246706672e-16	0.11048729099571557
5.281333828618826e-16	0.1232657455641614
5.369358976187354e-16	0.0979186615899293
5.42476420514085e-16	0.0847730762444023
5.540186901215357e-16	0.14806783933597004
5.540186901215357e-16	0.13503548347964545
5.566759972113047e-16	0.11230929426892411
5.578187412524377e-16	0.12277406303385702
5.67433294014232e-16	0.09429046310338035
5.701549431969053e-16	0.10498877661698228
5.712472545397081e-16	0.07969104948401567
5.756374667045593e-16	0.08624179587892716
5.793217395808672e-16	0.07676796870406785
5.9183673100153935e-16	0.12364929195223907
5.952448008069331e-16	0.08426919376078393
6.009685845821546e-16	0.09836867307940872
6.038510831494652e-16	0.10965915740743895
6.089287635592892e-16	0.09109505719762664
6.181435615791212e-16	0.14331431489722601
6.265572356857534e-16	0.12728498586798553
6.370952125785991e-16	0.09839709618534893
6.377923873720476e-16	0.10489865563573587
6.395386639572732e-16	0.11734460512865008
6.569072443857087e-16	0.14736059025487983
6.708842583812699e-16	0.13211519764854263
6.708842583812699e-16	0.16811316818164498
6.727211405626878e-16	0.10965892168704747
6.764100068551142e-16	0.11975413882050766
6.963225236721144e-16	0.14784496158715513
7.139415158837942e-16	0.12103387305470134
7.139415158837942e-16	0.11463298929423346
7.165082524004615e-16	0.13373628900428305
7.183472833909191e-16	0.1604287166801061
7.347356536750422e-16	0.20398917519284085
7.347356536750422e-16	0.18735798069920678
7.354391256668796e-16	0.17314242166370275
7.382597554723813e-16	0.12929697095282974
7.382597554723813e-16	0.11584591907152234
7.396741245214607e-16	0.15047107358014325
7.725933240116199e-16	0.1659673316669362
7.744439491400567e-16	0.20579457650017693
7.744439491400567e-16	0.17368778206368318
7.781585086546953e-16	0.18732415358181267
8.202135631844729e-16	0.1775558438052384
8.202135631844729e-16	1e0
