# Equivalence principle tests for dilaton-photon coupling 
# m_phi d_e
1e-30	0.0008112553725101252
2.4705634088740527e-15	0.0008112553725101252
3.576444348892818e-15	0.0008112553725101252
5.177343003941271e-15	0.0008112553725101252
6.7282878103755585e-15	0.0008112553725101252
7.889975676997191e-15	0.0008112553725101252
1.1074985736494894e-14	0.0008491034461879563
1.603240378655472e-14	0.0008759164063632588
2.0835132400147752e-14	0.0009144090320178177
2.4432469670913998e-14	0.0009354961745767405
3.429532158148554e-14	0.0010189964568651547
4.9646695414899484e-14	0.0012077691197216332
7.186969685539937e-14	0.0015488179777037785
1.019238866163972e-13	0.0021179762837250597
1.445460203330702e-13	0.00289029164387575
2.0499171183261234e-13	0.003815575462638351
2.9675071148557857e-13	0.00453180727055816
4.29583147435268e-13	0.005326993055381873
6.218744333806242e-13	0.005763513872634599
9.002397165748877e-13	0.006019913116552873
1.1699189925866989e-12	0.005829591150353807
1.371914022662898e-12	0.0057471119135174544
1.92572561116837e-12	0.005506610077609381
2.787724635944526e-12	0.0055180351471705025
3.567414043140249e-12	0.00545306684566845
4.248333470474011e-12	0.005947054485701188
5.9632924758622756e-12	0.006718889411565575
8.63259918749163e-12	0.007545797984470269
1.2496748907340069e-11	0.008439419616131634
1.6240323130720285e-11	0.0086385156436237
1.904433313485228e-11	0.008990146408320195
2.7047893923333404e-11	0.009517448521628584
3.869802026814586e-11	0.01010705232799293
4.9521340510568514e-11	0.010545746465372947
5.8852503711631e-11	0.01091263399177117
8.151377516296228e-11	0.011552696422823068
1.177416699995355e-10	0.012553162284852763
1.7500926811770583e-10	0.013796651040560064
2.56340182339204e-10	0.015078251635377243
3.7108393705993634e-10	0.016145649236469176
5.371896324926769e-10	0.017288608491947063
6.988299507134192e-10	0.018185422122930305
8.186463850426317e-10	0.018807371876191845
1.1491159680014205e-9	0.02032220080764278
1.6634866748286293e-9	0.022308835995745326
2.408101527076673e-9	0.024899130444925158
3.1326990874174057e-9	0.026794708458901237
3.6698094875906327e-9	0.028108793469491012
5.151231055022516e-9	0.031600936577625215
7.45704041855482e-9	0.035637555755363294
1.079498302638604e-8	0.04027318735038535
1.5627065430677475e-8	0.045795679424321264
2.262209893037954e-8	0.05250897725649989
3.2748270126984244e-8	0.06314598861666733
4.7407148187726856e-8	0.0725529301896163
6.167195535357721e-8	0.07752813667532557
7.224579206597431e-8	0.08114511195638135
1.0140983311078543e-7	0.08250180705468904
1.8404069962022232e-7	0.0867694408343683
3.140304575380756e-7	0.0865299824965802
4.5459770480213426e-7	0.0894476243308848
5.832389859014079e-7	0.08813640522661761
6.927809942237044e-7	0.09682757538034115
9.724414806386827e-7	0.10579859997480448
0.000001407728628039624	0.1251385248111483
0.0000019964070999165084	0.15750931986309405
0.000002860499792467482	0.21776982137118642
0.00000397417310465576	0.319405979925746
0.000005464985165399607	0.5130792001695627
