# H/Quartz/Sapphire
# Comparisons of a bulk acoustic wave quartz oscillator with a H-maser and a cryogenic sapphire oscillator
# https://arxiv.org/pdf/2010.08107.pdf
# mass [eV] 	d_e
4.1403496595254534e-19	1e20
4.1403496595254534e-19	4.795193255963598
4.583009503451627e-19	5.270478514257175
5.07297040389022e-19	5.816724551186931
5.615312099912589e-19	6.419584941453682
6.215603503296179e-19	7.114099247636521
6.822569256951715e-19	7.369988010493698
6.981621265103443e-19	1.5942450464130131
7.7610207268252e-19	1.7236970305040396
8.590736812025106e-19	1.9023454528879575
9.509061364540516e-19	2.116834346369185
1.0525552116557336e-18	2.355506799864164
1.1650819037509117e-18	2.599637622313439
1.2896386122230698e-18	2.8690707951839465
1.4275755633502327e-18	3.0514695932632816
1.5801870875383492e-18	3.381598302008644
1.7491219081379336e-18	3.732075903987993
1.936117231722293e-18	4.118877911919472
2.1431038725954934e-18	4.545769081269117
2.3722190647764176e-18	5.016904356505305
2.815848443627414e-18	5.766763186196744
2.949712840183639e-18	1.5782467138202545
3.2779327086252608e-18	1.6273376420132069
3.628334094873098e-18	1.8108194852430344
4.0163727573369344e-18	1.9418334531210109
4.445955283392247e-18	2.0652839056208454
4.921558710924846e-18	2.169671509942477
5.40260064819216e-18	2.1012355489465184
5.638183108024272e-18	1.6273376420132069
6.1887425626326085e-18	1.6903804806691194
6.908503660276284e-18	1.9023454528879575
7.646887935267649e-18	2.1430900990357187
8.46427557019902e-18	2.394541881871583
9.370893844089093e-18	2.272321736157197
1.0324338787226789e-17	2.4409011494252644
1.1579776379862469e-17	2.6865131080070106
1.2661874045024442e-17	2.751513314900994
1.4069679236608916e-17	3.026495337089847
1.5513736178404442e-17	3.381598302008644
1.738337076406132e-17	4.080973285834541
1.908211438529982e-17	4.010324790862116
2.0941001104586243e-17	4.962232454303036
2.3287606464732337e-17	5.389938205613965
2.604947803922898e-17	6.596062676905802
2.844060878970062e-17	8.52390786728726
3.171759917308807e-17	9.938363070482712
3.51377060124707e-17	11.831596416732264
3.3630806743268715e-17	9.761754185283978
3.916285075226228e-17	11.988195242280916
4.281846850199244e-17	13.270280120189422
4.396358217668582e-17	19.399808291988855
4.8090622430827106e-17	17.271141779938556
4.952191901149323e-17	13.78565629922536
5.448310224339614e-17	15.755214039803205
5.994305674709677e-17	17.57798085226023
6.172816748278962e-17	13.834295058909971
6.808158772139438e-17	13.632031378998414
7.518694764208209e-17	14.90504541945315
8.373683851105226e-17	15.43029567031764
8.196167904985684e-17	11.438242685982363
9.137200927125804e-17	14.246349580596656
9.779718871459775e-17	12.456881013633149
1.0694929179502884e-16	11.522787034145288
1.1701235269871505e-16	10.437344798013292
1.1954921091472532e-16	13.834295058909971
1.2942222998842007e-16	8.014399087201559
1.3154773531134718e-16	13.78565629922536
1.3047772439254778e-16	10.707289381343848
1.4663995740925561e-16	12.277332461399817
1.4082777766696181e-16	10.129512309066158
1.6048264610495847e-16	12.253812787679259
1.682600870614762e-16	10.005412081110688
1.7610118306217495e-16	17.4434227051922
1.8623234475668694e-16	11.857553437834753
1.9517771711251287e-16	9.20658303391564
2.0441618653015103e-16	12.388820419929932
2.160575462590209e-16	9.642159491810459
2.341156314561687e-16	11.696251401905862
2.3871404772074897e-16	8.52390786728726
2.460523790495065e-16	7.261770403956824
2.654466808908405e-16	10.07968856870476
2.841828432239919e-16	7.19050956859169
2.9186288852257007e-16	10.425098526148652
3.124601692121601e-16	7.504446469814625
3.2312344813029497e-16	9.92352441459548
3.4886494810869835e-16	7.24190518449599
3.5770009807763783e-16	10.171220170107375
3.829436271884972e-16	7.321693613524849
3.96224801483943e-16	6.224766408043023
4.267429758459217e-16	8.461095813855044
4.386577798814855e-16	5.986460620746481
4.724388199557272e-16	8.214442192245821
4.873792172235597e-16	5.982947594074431
5.194494032032495e-16	8.559004716376343
5.408241795541942e-16	6.285349391922897
5.778018201001288e-16	8.124925002308103
5.934726023460532e-16	5.8647234254132705
6.309438727386029e-16	12.491051396816722
6.365865015065445e-16	8.772641429612477
6.453402562127957e-16	6.626332700825729
7.07422555550262e-16	9.025261230044075
7.007550614568571e-16	6.30752545608497
7.866125409860916e-16	10.68531380328571
7.73755958595576e-16	7.261770403956824
8.624087126174875e-16	29.241145856731908
8.627574086902916e-16	20.962755272052817
8.630674791132108e-16	15.594196794001247
8.633776609737904e-16	11.600525336201333
8.596656849469811e-16	8.350570614646475
9.552315094797571e-16	18.838697624210756
9.555748146025531e-16	14.014109990888457
9.559182431073798e-16	10.425098526148652
9.504693391637721e-16	7.902283653969855
1.0616605559335552e-15	17.4434227051922
1.058113659194959e-15	11.505582724899497
1.0520552203545623e-15	8.907556611831739
1.1707740772547111e-15	17.55323438986187
1.171316431151384e-15	11.988195242280916
1.1716701484459629e-15	9.349543787175698
1.2630982510423107e-15	23.712859508563817
1.3073037841758461e-15	15.679866797774677
1.2859823599646756e-15	10.350403013025431
1.4433777804940121e-15	19.26363599255385
1.4413771210536463e-15	13.533094422295289
1.3995578698537162e-15	11.318022269761968
1.4951599555228081e-15	46.52056830803984
1.4957301525280088e-15	33.986604303888186
1.5114704242951816e-15	26.56052451210156
1.6017668403194427e-15	19.111584335116035
1.5788203358836923e-15	13.743237682332554
1.6845203852337489e-15	28.179528218152527
1.7333072630640857e-15	51.15065188904627
1.7421468536149895e-15	34.89222750476514
1.7583566666594386e-15	18.2482345620161
1.865130473793725e-15	24.707517762332422
1.8319564001157544e-15	56.19955495230967
1.9121620838404095e-15	37.88079383134856
1.9633953391856427e-15	16.382389080889944
2.0608509469204205e-15	29.31332602988848
2.065311263640031e-15	19.954191628753616
2.1587566943562625e-15	17.125767322867066
2.280954059382628e-15	35.00711413785666
2.266637691890126e-15	23.518785469851792
2.405713481184321e-15	19.468254987087047
2.5043881241728123e-15	43.00156118686674
2.508433805657995e-15	30.845593540291027
2.5706284890711857e-15	66.37520689398168
2.6402815939827943e-15	22.525655778452084
2.775774424569449e-15	43.56048542311127
2.7814211207476677e-15	32.99584386077554
2.942651195575383e-15	23.364670488919806
3.074091703171642e-15	31.615513810244497
3.2591198725394174e-15	64.80316162460669
3.2353889049578205e-15	24.809249976684388
3.409271204587754e-15	29.025669992308142
3.781015770212902e-15	38.826315951861254
3.7362849592431905e-15	27.358052744625205
3.898487143991101e-15	99.5721520045671
3.994444688522253e-15	61.34831103736572
4.183315468421416e-15	42.744862486079754
4.336731533160175e-15	121.5809428939929
4.23704594041957e-15	82.35559796247986
4.202235702340058e-15	68.45257327438212
4.2777769845569335e-15	33.48756021224981
4.7681512864365155e-15	129.151047668718
5.3311719050364476e-15	42026.37708163516
5.8423166122252264e-15	153.79420892052704
6.470287421226395e-15	188.81159104241223
7.0616392224358505e-15	281.57150632209465
7.81392641622676e-15	411.23388423459323
7.463361230964041e-15	315.6681555175965
8.38288625993044e-15	589.0073667613765
9.215071300582613e-15	731.4166920304147
9.477877561239138e-15	1763.3938040642897
9.611346575620976e-15	911.2480735675784
1.0548207467520541e-14	1078.454666598609
1.1699987109095233e-14	5199.339025006388
1.1673507568874116e-14	1408.625727094632
1.1513125756834234e-14	1109.9247241362832
1.2922241866682937e-14	1482.8666608097678
1.4302021216043795e-14	1806.1715762937283
1.582940374677326e-14	2168.55324591948
1.5954278823273047e-14	3602.1198782821284
1.6102705389656185e-14	1885.8035585019995
1.7588399879543974e-14	2498.359173113223
1.926015579825417e-14	17037.414462723973
1.9388422726450295e-14	3478.481934629684
1.9176041382056787e-14	2752.150507462425
2.145820365710468e-14	4307.097765963664
2.133518836072579e-14	3354.1618442868576
2.365546190150017e-14	4189.278452274405
2.6289994499415797e-14	5511.322918463923
2.6718875475487737e-14	10359.956828752878
2.892425183710119e-14	6212.4346647112125
2.9298211074525677e-14	24796.463113991427
2.958266199117198e-14	9325.545907434225
2.984126657655746e-14	7719.450728118711
3.2753624150322844e-14	8346.266671562487
3.625036729812701e-14	10292.069626364553
4.012111994649218e-14	12510.289465567155
4.44061822568335e-14	14928.001396448046
4.9345340090612406e-14	21853.237506138812
4.8387895278510936e-14	15965.82247382531
5.460040936432481e-14	23869.44838680629
5.2147259280057005e-14	19378.43099780476
6.044846821040615e-14	31212.085774745672
5.771531103320521e-14	23603.451467639636
6.172027115231621e-14	42130.11690051071
6.255476316512202e-14	763270.3966128562
6.255476316512202e-14	1e20
