# I2
# Electronic transition of molecular iodine
# https://arxiv.org/pdf/2111.06883.pdf
# mass [eV] 	d_e
4.861653291507192e-14	1e30
4.861653291507192e-14	13313.551669284869
5.2129489525060295e-14	12996.631204719073
5.685425457213092e-14	17493.47536722564
6.086462591478928e-14	15547.134093296683
6.395992173713923e-14	11997.154391812262
7.030199908115725e-14	15822.66786572799
7.699242528482301e-14	13886.871287052203
8.432396752465316e-14	12879.740730201287
9.23694539842872e-14	14311.439730163018
1.0117824511282768e-13	15199.914936935502
1.1168692524087249e-13	18766.94442677423
1.19912520096255e-13	24733.389069916473
1.3096954329993533e-13	18028.30984849467
1.4341442647796887e-13	13748.166135417243
1.5355646570300141e-13	14601.67248978939
1.607625038296648e-13	21010.65067093604
1.727346420112739e-13	28980.350816901
1.7354229302387148e-13	41062.4991724426
1.821475140001373e-13	15664.62754835061
2.003190049129543e-13	20853.059056795217
2.1942342235728128e-13	22259.09095143776
2.404046687043288e-13	30232.662862750632
2.635799940983408e-13	27760.000720347547
2.6828762554884696e-13	22997.26816548365
2.884377989196339e-13	33425.10552349463
3.1592958473766893e-13	33762.33117849347
3.4611077345098325e-13	42106.04736196798
3.705184856824828e-13	36769.6379500365
3.7606118697952027e-13	26137.35529882065
3.873892097148292e-13	12944.549483574981
3.934399301833475e-13	18278.8772608025
4.2771407099513694e-13	19932.02391174901
4.68409405208881e-13	17145.763169541697
5.131425671945739e-13	20748.65520997035
5.620034873119099e-13	19147.533813546943
6.157129403853762e-13	24733.389069916473
6.744046149824929e-13	25234.976604086543
7.387085181271845e-13	26401.054892959262
8.091398975399086e-13	27482.72767376199
8.79792502386502e-13	36539.66652662273
9.709038877386928e-13	33762.33117849347
1.0635040170431643e-12	36220.12091046386
1.1648805313356129e-12	36954.656767376364
1.2759933468488234e-12	40044.814080787866
1.3976449347586614e-12	41476.77843835513
1.5308800780585862e-12	42530.8549782391
1.6769119463088482e-12	46319.19907981722
1.8369961452024903e-12	54117.2150947601
2.012027829956609e-12	53041.54457200119
2.204166285181929e-12	63865.96464130377
2.4142054285082336e-12	63228.05721588239
2.6440962133387933e-12	58642.50967560915
2.896263589292655e-12	62596.52135136507
3.1726912726313027e-12	71681.20872706038
3.4757167615713438e-12	87618.9595737837
3.806562464215095e-12	78458.87332763759
4.0141007203770795e-12	77286.31656061744
5.079572430892702e-12	100840.04531376334
5.563773091057225e-12	102885.05861669358
6.094476864014261e-12	111488.33203704955
6.6758338593895045e-12	121418.9145584552
7.31271647600757e-12	133568.15060651524
8.010586908798603e-12	151425.2834026363
8.773930774085142e-12	149912.81407375986
9.611202781362492e-12	169104.20991516637
1.0528523473019173e-11	193646.45040757337
1.1533231420790809e-11	218436.49724924398
1.2633515633976172e-11	240293.3601296549
1.3838570962964888e-11	260386.74886935053
1.5158931455616845e-11	289331.0774679364
1.6605032908352582e-11	316688.1636056455
1.818951893111517e-11	355441.1255557026
1.9926146910735652e-11	419470.77869873063
2.1826502939386545e-11	447753.88536978024
2.3909004973089555e-11	497525.7560418112
2.6191446764911713e-11	581286.1381411452
2.8689869703505067e-11	633062.9461522431
3.142676856596855e-11	692920.8698154833
3.4270154291912555e-11	799883.0128344892
3.771160859687847e-11	899568.5121075006
4.1309734316573755e-11	999563.6413697994
4.525309881521681e-11	1161997.0603869236
4.95705347322638e-11	1284699.0864730512
5.4302720795349063e-11	1500983.138220927
5.948552783126177e-11	1718822.1214830577
6.516082877478141e-11	1900322.5434526284
7.13803039751756e-11	2187067.8712083898
7.81893279445685e-11	2381876.220908449
8.565194110775834e-11	2727559.980443498
9.382636145988361e-11	3107775.3053452615
1.0278092931630432e-10	3540991.7353837285
1.1258849469765971e-10	3974301.008532535
1.2333191792102336e-10	4460634.106707693
1.340801608727532e-10	5031671.315063931
1.4800402357026018e-10	6119630.724504825
1.6212763920964975e-10	6903047.781697966
1.7760409741702364e-10	8024822.930785174
1.945597643152553e-10	9423010.517799573
2.131331569587386e-10	11009410.72303959
2.3348740247288615e-10	13322852.117955925
2.557830496953511e-10	15961389.731869958
2.8021036577392934e-10	19315405.732819524
3.0697924826359076e-10	24088839.846455537
3.363022020595457e-10	29741871.62096308
3.684243615333793e-10	36537673.09617778
4.0361085660954003e-10	44437931.828311786
4.4219147681574556e-10	58565775.67331679
4.699492895966516e-10	71947629.70691736
4.682035593760857e-10	1413246.7061668066
5.128390555564493e-10	1456454.4195073985
5.617725314611506e-10	1626495.7103191656
6.39189059769199e-10	1892707.3340008135
7.272797054474719e-10	2220249.181257072
7.906139933510359e-10	2350994.745961434
9.132856649978246e-10	2633392.380591767
1.0004142209647305e-9	2896890.9117334876
1.0958445291942768e-9	3154925.2165692304
1.2004008324649803e-9	3505623.5242552445
1.3148517754337177e-9	3649251.783099578
1.4402696863876196e-9	3954403.097506597
1.5658114436941388e-9	4532857.042732744
1.7151738122337692e-9	4931658.398576108
1.9812851230800588e-9	5479856.57626441
2.17035369618638e-9	6181371.635927589
2.359410194212304e-9	6704986.806055254
2.6642241862914486e-9	7670383.616538997
2.8961055829241166e-9	7747770.063003979
3.6926266276524047e-9	9809078.954521049
4.3640605224439524e-9	11810860.61366112
4.927791228384604e-9	13322852.117955925
7.203207161472802e-9	19122479.174656708
7.878492224558846e-9	21184221.57542733
8.643361105898732e-9	23728835.54135059
9.467993200929225e-9	26234501.25845558
1.037120189756085e-8	28715048.86152785
1.136062709014598e-8	31588290.71201673
1.2444562940294354e-8	35099613.274345055
1.3631854074317465e-8	38805985.52813345
1.493234942442207e-8	42688931.44288973
1.6356758112644987e-8	46491355.8643383
1.7917212600516636e-8	51143303.69836605
1.9626349761154833e-8	55698783.07916042
2.1498420691646288e-8	60356328.75638449
2.354939600224268e-8	66395612.567496434
2.5796159445780807e-8	73406711.35852833
2.825647269656151e-8	78750485.1779625
3.095232145174488e-8	87066206.80585064
3.3905210318034527e-8	95778094.09408888
3.71394552971968e-8	104309321.08229248
4.0682604208276925e-8	114746562.82877132
4.4563561993389385e-8	125596180.61191726
4.881567571874722e-8	140259555.16469005
5.3472750166459284e-8	154293994.93783867
5.857467195753064e-8	171445159.92477176
6.416429130013456e-8	193393063.1079557
7.028631036542945e-8	214890441.11044514
7.699353904993167e-8	242400080.91919455
8.434041918807801e-8	272062449.74788815
9.239011009817374e-8	311547108.7875164
1.0120856758746404e-7	358557379.8219942
1.1086872980475765e-7	412661170.64978933
1.2145209036988055e-7	479720397.3663559
1.330450900897631e-7	554884948.2340759
1.4574814329305893e-7	658137747.3844409
1.5966179857511626e-7	768937778.3888317
1.7490702803922677e-7	916610597.2164044
1.9160520870467118e-7	1076314253.0113914
2.0990253454953017e-7	1295962411.7364502
2.2995153407278646e-7	1592080402.619503
2.5191433160244586e-7	1946066910.8760386
2.7597218457630865e-7	2354999946.6357083
3.023304397543281e-7	2878615592.354536
3.312124834020634e-7	3590010530.6054153
3.628536684910259e-7	4477213159.022743
3.9752702682065666e-7	5725572483.542984
4.3056465830930135e-7	6946114851.585942
4.3056465830930135e-7	1e30

