# LIGO O3
# https://arxiv.org/pdf/2401.18076
# See also 2303.13088
# mass [eV] d_e
4.4542647670529695e-14	1.0e20
4.4542647670529695e-14	7.6504127599219665
4.655718388257764e-14	3.637764823788744
4.894725589547248e-14	2.150862022091939
5.60436642480771e-14	2.5375333847756316
6.081381008818149e-14	1.5606861507817058
6.87119209427554e-14	0.9337282936683499
8.644268695331363e-14	0.5397458443061407
1.1008481409578042e-13	0.3624498518713237
1.4019307730505463e-13	0.25242897717831597
1.7853596870464599e-13	0.15847775042646933
2.2736566408302302e-13	0.16390155064405876
2.895503106684005e-13	0.16528626026433493
3.721349257009065e-13	0.19799571487290996
4.707419951853764e-13	0.2440429314539753
5.949066076337888e-13	0.2729731403502285
7.615889902418471e-13	0.28239375575658254
9.698840395075552e-13	0.3322715199791789
1.2351479106765658e-12	0.3887723347881612
1.5729616109811257e-12	0.4460384603716569
2.0031675625513252e-12	0.520423196219462
2.5510351019659854e-12	0.6262357414866587
3.248744744635343e-12	0.8128347760646768
4.461097909078258e-12	1.0772436347711423
5.505600014939233e-12	1.4242351023931925
7.0113849475507966e-12	1.8642313278333675
8.929002969585446e-12	2.4885318166078187
1.1371090679982681e-11	3.4452382094455203
1.478122056585952e-11	5.038310185796407
1.9177304534241555e-11	6.968426966219807
1.9177304534241555e-11	1.0e20
