# PTB Bounds from the comparison of an Yb+ electric-octupole (E3) transition to Yb+ electric-quadrupole (E2) transition, and to that of the 1S0 ↔ 3P0 transition of 87Sr
# https://arxiv.org/pdf/2301.03433.pdf
# mass [eV] 	d_e
1.0161942757441779e-23	 1e0
1.0161942757441779e-23	 1.2295426265956216e-9
2.8411121153323096e-23	 5.071403956558121e-10
3.793759251030775e-23	 4.311370885398926e-10
5.85385364818186e-23	 4.573581371045014e-10
7.569544865646279e-23	 5.707031326057156e-10
9.178901251945093e-23	 6.614740641230159e-10
1.0953045296898868e-22	 5.878016072274923e-10
1.6105593898448965e-22	 9.018373235937234e-10
1.984606541940525e-22	 1.1937766417144357e-9
2.871703086013784e-22	 1.6763279042293361e-9
3.5959525589000176e-22	 2.0309176209047387e-9
3.9598106431746087e-22	 2.2189823414589743e-9
4.2226141174962483e-22	 2.6489692876105297e-9
4.395651528580503e-22	 2.937302790989705e-9
4.763289490929911e-22	 2.7283333764867584e-9
5.460209450679834e-22	 3.4551072945922183e-9
6.309573444801943e-22	 4.1859580509278726e-9
7.060528482051168e-22	 4.710607541983278e-9
8.028809671591666e-22	 4.124626382901365e-9
8.841208405518383e-22	 5.071403956558121e-9
9.427978959857022e-22	 4.641588833612773e-9
1.072093241304693e-21	 5.379838403443676e-9
1.190094355406772e-21	 9.152473108773855e-9
1.2589254117941713e-21	 7.896522868499733e-9
1.3863103483518967e-21	 8.886238162743407e-9
1.4783165599779125e-21	 8.886238162743407e-9
1.5513067222578326e-21	 1.2663801734674021e-8
1.6279006889825384e-21	 1.02996036580999e-8
1.7359406927773204e-21	 1.1590510483144816e-8
1.8811291124922244e-21	 9.709111468707553e-9
2.1391072425080776e-21	 1.125335582600767e-8
2.3180151979656854e-21	 1.125335582600767e-8
2.452081403786391e-21	 1.3043213867190066e-8
2.5939015482175656e-21	 1.4677992676220675e-8
2.766052794917901e-21	 1.511775070615663e-8
2.949629321718365e-21	 1.6517667439704583e-8
3.0952638418789527e-21	 1.8047217668271702e-8
3.1707557646137982e-21	 2.0917646557569948e-8
3.4084595121174656e-21	 1.9718405565126418e-8
3.753346027746595e-21	 2.0917646557569948e-8
4.1000645832177934e-21	 2.0011610959230993e-8
4.26808006865337e-21	 2.4244620170823306e-8
4.5513426717928476e-21	 2.571913809059347e-8
4.932002133747967e-21	 2.3889393726206572e-8
5.3444987120059295e-21	 2.4970997860065484e-8
5.7914951591731594e-21	 2.8100752424979123e-8
6.480789372329292e-21	 3.257020655659783e-8
7.022821465584874e-21	 3.354602185954043e-8
7.3695651146201e-21	 3.558623573050966e-8
8.11525789021195e-21	 3.665241237079626e-8
8.65384878779429e-21	 4.1246263829013564e-8
9.377628485556635e-21	 4.506570337745478e-8
1.0000000000000001e-20	 4.7806525330073854e-8
1.0493738379559319e-20	 4.1246263829013564e-8
1.1555552038422916e-20	 5.707031326057167e-8
1.2930874805859372e-20	 5.707031326057167e-8
1.3900270630715e-20	 6.235507341273912e-8
1.4469886223421848e-20	 4.2482016981626166e-8
1.5934028198236045e-20	 6.235507341273912e-8
1.72666983657251e-20	 4.923882631706742e-8
1.8710828721009718e-20	 5.707031326057167e-8
1.963465414630189e-20	 7.554489609534968e-8
2.093776073187734e-20	 8.756039101412327e-8
2.2507413067086e-20	 7.443803013251697e-8
2.419473837052545e-20	 8.133105582266936e-8
2.559408069451332e-20	 8.886238162743444e-8
2.7074356273894436e-20	 7.896522868499733e-8
2.7512805864989994e-20	 1.1253355826007646e-7
2.9338767159911536e-20	 1.0299603658099899e-7
3.204896091604052e-20	 9.426684551178854e-8
3.4451592553065804e-20	 1.1253355826007646e-7
3.673806507277209e-20	 1.5570684047537316e-7
3.9810717055349855e-20	 1.304321386719004e-7
4.31403556317323e-20	 1.266380173467405e-7
4.750553200655346e-20	 1.3433993325988987e-7
5.2312400724988064e-20	 1.304321386719004e-7
5.489526472146894e-20	 1.4677992676220674e-7
5.948652568326531e-20	 1.4677992676220674e-7
6.142880869624882e-20	 1.603718743751331e-7
6.656651397424911e-20	 1.6517667439704583e-7
6.764451045687677e-20	 2.0309176209047348e-7
7.098437955478294e-20	 2.2854638641349884e-7
7.448915080832315e-20	 2.030917620904739e-7
7.94328234724279e-20	 1.9144819761699575e-7
8.335472682693836e-20	 2.0309176209047348e-7
8.960362532616375e-20	 2.1864703366401695e-7
9.63209883497205e-20	 2.3539371975499857e-7
1.010767252202548e-19	 2.5719138090593415e-7
1.0271358957979011e-19	 2.5719138090593415e-7
1.0953045296898777e-19	 2.894266124716752e-7
1.2256658704505807e-19	 2.9809793965647276e-7
1.3496854252912365e-19	 3.257020655659783e-7
1.4625687137731605e-19	 3.4551072945922185e-7
1.4625687137731605e-19	 3.558623573050966e-7
1.5471587709823282e-19	 4.375479375074189e-7
1.6366412327064065e-19	 4.2482016981626166e-7
1.802245515249993e-19	 4.2482016981626166e-7
1.9218563819475413e-19	 4.5065703377454686e-7
2.0494055452373408e-19	 4.923882631706742e-7
2.1163202882234068e-19	 5.223345074266844e-7
2.3304611127119366e-19	 5.223345074266844e-7
2.445524922053576e-19	 5.878016072274911e-7
2.650060653189823e-19	 6.235507341273913e-7
2.871703086013784e-19	 6.812920690579622e-7
3.162277660168379e-19	 7.443803013251696e-7
3.318411444933196e-19	 8.133105582266936e-7
3.595952558899988e-19	 8.133105582266936e-7
3.834607613682373e-19	 9.152473108773893e-7
4.155321692206886e-19	 9.152473108773893e-7
4.431100782683902e-19	 0.0000010608183551394505
4.725182693586861e-19	 0.000001092600861117378
5.120381568180034e-19	 0.0000011590510483144817
5.373194457999895e-19	 0.0000012663801734674021
5.638489690474893e-19	 0.0000013043213867190067
5.916883566768593e-19	 0.000001383648068032458
6.309573444801943e-19	 0.0000014677992676220705
6.621101301636645e-19	 0.0000016037187437513308
7.174868627189068e-19	 0.0000016037187437513308
7.90086095073899e-19	 0.0000017012542798525926
8.561663200837598e-19	 0.0000018587918911465674
9.129880986460722e-19	 0.000002030917620904735
9.580658250843255e-19	 0.0000021544346900318822
1.0216504381250894e-18	 0.0000024244620170823257
1.0720932413046843e-18	 0.0000024244620170823257
1.1250265992745114e-18	 0.0000024970997860065434
1.1805734802832043e-18	 0.0000027283333764867692
1.2793127970541083e-18	 0.0000027283333764867692
1.2793127970541083e-18	 0.000002810075242497918
1.3642178286594616e-18	 0.00000307029062975785
1.4547578108480427e-18	 0.000003257020655659783
1.5513067222578198e-18	 0.000003455107294592218
1.6279006889825385e-18	 0.0000035586235730509655
1.764052995031681e-18	 0.000003888155180308085
1.8811291124922088e-18	 0.000004248201698162608
2.0384606182624393e-18	 0.000004641588833612782
2.2089508182145375e-18	 0.0000047806525330073754
2.3180151979656852e-18	 0.000005071403956558131
2.4324645047294302e-18	 0.000005541020330009492
2.6359079051426292e-18	 0.000005707031326057167
2.8108470166017556e-18	 0.000006054123584037269
2.9973964322973603e-18	 0.000006812920690579622
3.2480888972387126e-18	 0.000007017038286703837
3.408459512117438e-18	 0.000007666822074546222
3.634671087010062e-18	 0.000007896522868499733
3.814128748283207e-18	 0.000008133105582266935
4.002446923044004e-18	 0.000008886238162743407
4.2000630888495964e-18	 0.000009152473108773893
4.478811562345967e-18	 0.000009709111468707553
4.699947678660391e-18	 0.000010608183551394482
4.932002133747927e-18	 0.000010926008611173779
5.34449871200593e-18	 0.000011590510483144816
5.699200731013702e-18	 0.000012295426265956215
5.980592144385102e-18	 0.00001383648068032458
6.2758769318024905e-18	 0.00001383648068032458
6.692392369209931e-18	 0.000014677992676220705
7.022821465584816e-18	 0.000015570684047537318
7.488909884200872e-18	 0.000016517667439704584
8.24667861422109e-18	 0.000017012542798525893
8.65384878779429e-18	 0.000018587918911465674
9.081122515537983e-18	 0.00001971840556512646
9.683815614496428e-18	 0.000020917646557569992
1.0493738379559232e-17	 0.00002218982341458974
1.1011854517863622e-17	 0.000023539371975499904
1.1742685834509238e-17	 0.000024970997860065434
1.2522020735407944e-17	 0.00002571913809059347
1.3140280958078902e-17	 0.00002810075242497918
1.4239291215083142e-17	 0.0000307029062975785
1.543021910679046e-17	 0.00003257020655659783
1.6454287062615017e-17	 0.000034551072945922186
1.7830469985278475e-17	 0.00003775053205324391
1.9321752360711955e-17	 0.00004248201698162608
2.093776073187717e-17	 0.00004641588833612772
2.093776073187717e-17	 1e0
