# Polarisation haloscope (post-discovery mode) https://arxiv.org/abs/2209.12901
# data direct from author
# m_a [eV]	1/fa [GeV^-1]
4.706224849841282201e-07 1.0
4.706224849841282201e-07 6.550568070374445269e-14
4.738879609717650886e-07 6.587031789071711146e-14
4.771760948938750944e-07 6.623932935872714256e-14
4.804870439655133784e-07 6.661277069800869042e-14
4.838209664925956740e-07 6.699069825247055382e-14
4.871780218794630529e-07 6.737316913058934531e-14
4.905583706365045857e-07 6.776024121646932104e-14
4.939621743878326255e-07 6.815197318107170852e-14
4.973895958790067955e-07 6.854842449361522339e-14
5.008407989848212921e-07 6.894965543315229402e-14
5.043159487171359161e-07 6.935572710032159959e-14
5.078152112327670320e-07 6.976670142928142778e-14
5.113387538414331605e-07 7.018264119982619959e-14
5.148867450137498046e-07 7.060361004968831974e-14
5.184593543892914036e-07 7.102967248703050222e-14
5.220567527846975439e-07 7.146089390312874774e-14
5.223368823763891712e-07 7.149428986597561585e-14
5.256791122018419569e-07 7.185330143536916246e-14
5.293266058360566796e-07 7.224677415713697290e-14
5.329994080844093658e-07 7.264502173854986080e-14
5.366976945540476201e-07 7.304810568891423122e-14
5.404216420705915059e-07 7.345608836330931640e-14
5.441714286865887343e-07 7.386903297497080253e-14
5.479472336900292506e-07 7.428700360786579017e-14
5.517492376129128676e-07 7.471006522946130939e-14
5.555776222398877301e-07 7.513828370369180473e-14
5.594325706169378030e-07 7.557172580412584213e-14
5.633142670601351570e-07 7.601045922733738964e-14
5.672228971644549341e-07 7.645455260648452438e-14
5.711586478126433593e-07 7.690407552509753466e-14
5.751217071841613499e-07 7.735909853108286719e-14
5.791122647641758759e-07 7.781969315094255310e-14
5.831305113526218361e-07 7.828593190421568894e-14
5.871766390733262972e-07 7.875788831814402982e-14
5.912508413831881072e-07 7.923563694256517845e-14
5.953533130814370245e-07 7.971925336503892359e-14
5.994842503189409159e-07 8.020881422620764928e-14
5.999550880703262897e-07 8.026433522257173926e-14
6.036438506075864348e-07 8.065631406369311048e-14
6.078323128297236501e-07 8.110318175055393763e-14
6.120498372476702854e-07 8.155555492754094899e-14
6.162966255132942029e-07 8.201350575440708557e-14
6.205728806776500970e-07 8.247710740060406798e-14
6.248788072006888211e-07 8.294643406029737295e-14
6.292146109610350070e-07 8.342156096761582337e-14
6.335804992658254581e-07 8.390256441213919982e-14
6.379766808606282228e-07 8.438952175462965423e-14
6.424033659394190549e-07 8.488251144300822578e-14
6.468607661546320942e-07 8.538161302858242923e-14
6.513490946272810636e-07 8.588690718252822235e-14
6.558685659571435694e-07 8.639847571263030333e-14
6.604193962330305293e-07 8.691640158028617798e-14
6.650018030431117152e-07 8.744076891777634440e-14
6.696160054853215532e-07 8.797166304580640122e-14
6.742622241778349095e-07 8.850917049132526975e-14
6.789406812696112741e-07 8.905337900562295053e-14
6.836516004510238597e-07 8.960437758271470588e-14
6.879571248513451098e-07 9.011018251664999723e-14
6.883952069645495809e-07 9.015656664078037020e-14
6.931717276155400310e-07 9.065969923495670424e-14
6.979813907830666803e-07 9.116912459851921757e-14
7.028244264308353190e-07 9.168492659832025329e-14
7.077010661181889092e-07 9.220719029398039503e-14
7.126115430111744941e-07 9.273600195587522759e-14
7.175560918936920574e-07 9.327144908340695851e-14
7.225349491787221566e-07 9.381362042356531804e-14
7.275483529196232249e-07 9.436260598978099400e-14
7.325965428215229999e-07 9.491849708107952792e-14
7.376797602527730560e-07 9.548138630153693482e-14
7.427982482564912163e-07 9.605136758004434176e-14
7.479522515621828447e-07 9.662853619038634070e-14
7.531420165974375239e-07 9.721298877163691774e-14
7.583677914997191190e-07 9.780482334888101162e-14
7.636298261282241323e-07 9.840413935426321588e-14
7.689283720758305860e-07 9.901103764837228345e-14
7.742636826811279011e-07 9.962562054196538403e-14
7.796360130405236458e-07 1.002479918180370749e-13
7.850456200204508681e-07 1.008782567542415929e-13
7.874985766198617814e-07 1.011637979766207052e-13
7.904927622696420267e-07 1.014779819029537989e-13
7.959777002314977897e-07 1.020537303100717897e-13
8.015006961565414897e-07 1.026367993964190201e-13
8.070620141149507638e-07 1.032272884680705312e-13
8.126619200091945450e-07 1.038252982671805609e-13
8.183006815867389787e-07 1.044309309939416044e-13
8.239785684528511741e-07 1.050442903288951549e-13
8.296958520834914679e-07 1.056654814555990226e-13
8.354528058382870053e-07 1.062946110836562413e-13
8.412497049736118343e-07 1.069317874721141852e-13
8.470868266557402682e-07 1.075771204532361789e-13
8.529644499741016815e-07 1.082307214566552575e-13
8.588828559546259365e-07 1.088927035339142154e-13
8.648423275731726679e-07 1.095631813833985585e-13
8.708431497690722689e-07 1.102422713756710314e-13
8.768856094587426870e-07 1.109300915792107475e-13
8.829699955494083929e-07 1.116267617865664143e-13
8.890965989529167589e-07 1.123324035409297126e-13
8.952657125996399866e-07 1.130471401631344085e-13
8.997956058524029135e-07 1.135733358343102883e-13
9.014776314524917028e-07 1.137494885211940753e-13
9.077326525210223283e-07 1.144026680154987278e-13
9.140310748756223386e-07 1.150642879166446168e-13
9.203731996618230385e-07 1.157344646528385222e-13
9.267593301146882874e-07 1.164133163618747204e-13
9.331897715733238557e-07 1.171009629176038297e-13
9.396648314954690500e-07 1.177975259568264545e-13
9.461848194721991931e-07 1.185031289066217251e-13
9.527500472427299601e-07 1.192178970121165144e-13
9.593608287093147819e-07 1.199419573647021718e-13
9.660174799522646456e-07 1.206754389307088221e-13
9.727203192450537620e-07 1.214184725805409651e-13
9.794696670695385247e-07 1.221711911182850528e-13
9.862658461312830882e-07 1.229337293117959133e-13
9.931091813749800272e-07 1.237062239232686062e-13
9.999999999999999547e-07 1.244888137403077792e-13
1.006938631476027116e-06 1.252816396074973517e-13
1.013925407558814200e-06 1.260848444584831715e-13
1.020960662306047480e-06 1.268985733485753871e-13
1.026189589478331414e-06 1.275051240713012859e-13
1.028044732093309784e-06 1.276991702724279883e-13
1.035177955630176236e-06 1.284431310476360198e-13
1.042360673976401061e-06 1.291968652119834825e-13
1.049593230558226563e-06 1.299605098306800112e-13
1.056875971184804981e-06 1.307342040111981542e-13
1.064209244064724734e-06 1.315180889352579341e-13
1.071593399822671139e-06 1.323123078913334204e-13
1.079028791516183681e-06 1.331170063076857813e-13
1.086515774652537176e-06 1.339323317859346795e-13
1.094054707205743622e-06 1.347584341351763169e-13
1.101645949633656974e-06 1.355954654066555501e-13
1.109289864895222755e-06 1.364435799290053548e-13
1.116986818467822540e-06 1.373029343440580310e-13
1.124737178364750789e-06 1.381736876432414531e-13
1.132541315152812586e-06 1.390560012045688710e-13
1.140399601970032987e-06 1.399500388302308715e-13
1.148312414543511196e-06 1.408559667848037109e-13
1.156280131207375345e-06 1.417739538340785634e-13
1.164303132920875317e-06 1.427041712845265536e-13
1.168113929793979787e-06 1.431458937523475525e-13
1.172381803286599682e-06 1.435920624969039556e-13
1.180516528568805485e-06 1.444428952710065159e-13
1.188707697711903258e-06 1.453050938020617743e-13
1.196955702359042833e-06 1.461788200942740021e-13
1.205260936870841443e-06 1.470642385994956535e-13
1.213623798344241863e-06 1.479615162559742185e-13
1.222044686631488693e-06 1.488708225277326649e-13
1.230524004359261563e-06 1.497923294445975273e-13
1.239062156947915701e-06 1.507262116428805784e-13
1.247659552630868398e-06 1.516726464067288216e-13
1.256316602474121423e-06 1.526318137101529053e-13
1.265033720395903716e-06 1.536038962597435750e-13
1.273811323186478410e-06 1.545890795380923694e-13
1.282649830528059960e-06 1.555875518479225192e-13
1.291549665014882683e-06 1.565995043569458499e-13
1.300511252173409911e-06 1.576251311434573523e-13
1.309535020482667643e-06 1.586646292426776926e-13
1.318621401394748467e-06 1.597181986938603517e-13
1.327086896465448704e-06 1.607052818261638418e-13
1.327770829355428974e-06 1.607772183009726305e-13
1.336983741824945150e-06 1.617412831425266203e-13
1.346260579298911120e-06 1.627184328672687485e-13
1.355601785329368979e-06 1.637088567940155068e-13
1.365007806546013744e-06 1.647127471377650816e-13
1.374479092677536677e-06 1.657302990559746613e-13
1.384016096573130180e-06 1.667617106956019668e-13
1.393619274224143468e-06 1.678071832409228687e-13
1.403289084785873119e-06 1.688669209621360742e-13
1.413025990599533632e-06 1.699411312647731333e-13
1.422830457214351858e-06 1.710300247399209591e-13
1.432702953409829350e-06 1.721338152152752141e-13
1.442643951218158886e-06 1.732527198070373614e-13
1.452653925946781160e-06 1.743869589726671945e-13
1.462733356201129952e-06 1.755367565645111919e-13
1.472882723907501804e-06 1.767023398843138407e-13
1.483102514336102726e-06 1.778839397386329063e-13
1.493393216124253090e-06 1.790817904951709928e-13
1.503755321299738418e-06 1.802961301400381605e-13
1.504805731277402138e-06 1.804186409392068331e-13
1.514189325304352035e-06 1.814060741076968751e-13
1.524695727017573021e-06 1.825177530700440661e-13
1.535275028780421201e-06 1.836447750790850783e-13
1.545927736419478793e-06 1.847873655368444350e-13
1.556654359271061967e-06 1.859457533363821861e-13
1.567455410205595074e-06 1.871201709180894699e-13
1.578331405652116359e-06 1.883108543269134937e-13
1.589282865622976392e-06 1.895180432705345483e-13
1.600310313738701654e-06 1.907419811785087151e-13
1.611414277253020128e-06 1.919829152623903007e-13
1.622595287078087214e-06 1.932410965768567933e-13
1.633853877809860288e-06 1.945167800818458838e-13
1.645190587753660682e-06 1.958102247057264877e-13
1.656605958949915221e-06 1.971216934095205303e-13
1.668100537200059127e-06 1.984514532521901600e-13
1.679674872092653225e-06 1.997997754570153076e-13
1.691329517029647040e-06 2.011669354790714340e-13
1.703039800695579431e-06 2.025501939230666325e-13
1.703065029252842653e-06 2.025528831877248863e-13
1.714881969870540874e-06 2.038049715848905253e-13
1.726780903884356185e-06 2.050745987993750920e-13
1.738762400216250434e-06 2.063620258877542742e-13
1.750827031735723228e-06 2.076675179918950716e-13
1.762975375287203917e-06 2.089913444053254284e-13
1.775208011717636075e-06 2.103337786407095327e-13
1.787525525904235186e-06 2.116950984984472617e-13
1.799928506782476521e-06 2.130755861364214512e-13
1.812417547374235695e-06 2.144755281409052073e-13
1.824993244816150497e-06 2.158952155986546294e-13
1.837656200388172474e-06 2.173349441702053987e-13
1.850407019542302094e-06 2.187950141643911286e-13
1.863246311931559818e-06 2.202757306141107667e-13
1.876174691439119582e-06 2.217774033533580972e-13
1.889192776207664635e-06 2.233003470955403069e-13
1.902301188668946019e-06 2.248448815131064374e-13
1.915500555573527830e-06 2.264113313185047846e-13
1.923784419605057685e-06 2.273965752357922788e-13
1.928791508020777896e-06 2.279340905408056028e-13
1.942174681489024486e-06 2.293693105848626329e-13
1.955650715865946999e-06 2.308249468159441794e-13
1.969220255479173340e-06 2.323013071697428769e-13
1.982883949127071257e-06 2.337987044503336595e-13
1.996642450109793374e-06 2.353174564098415934e-13
2.010496416260497127e-06 2.368578858294407516e-13
2.024446509976801877e-06 2.384203206017120498e-13
2.038493398252464128e-06 2.400050938143815505e-13
2.052637752709252226e-06 2.416125438354611481e-13
2.066880249629081940e-06 2.432430143998203104e-13
2.081221569986337122e-06 2.448968546972073546e-13
2.095662399480430927e-06 2.465744194617473709e-13
2.110203428568596572e-06 2.482760690629448630e-13
2.124845352498883082e-06 2.500021695982092814e-13
2.139588871343421664e-06 2.517530929869407598e-13
2.154434690031882236e-06 2.535292170661897360e-13
2.169054993832367648e-06 2.552908068239516440e-13
2.169383518385181950e-06 2.553265421188642108e-13
2.184436071149428344e-06 2.569545242994740654e-13
2.199593068030074676e-06 2.586059957875072109e-13
2.214855233726359433e-06 2.602813151011648346e-13
2.230223297965936432e-06 2.619808464777229784e-13
2.245697995539771724e-06 2.637049599677056681e-13
2.261280066337279372e-06 2.654540315306425298e-13
2.276970255381679993e-06 2.672284431324343193e-13
2.292769312865648563e-06 2.690285828443629684e-13
2.308677994187167203e-06 2.708548449437627567e-13
2.324697059985645631e-06 2.727076300163897188e-13
2.340827276178294449e-06 2.745873450605142762e-13
2.357069413996727979e-06 2.764944035927653691e-13
2.373424250023866521e-06 2.784292257557631925e-13
2.389892566231047836e-06 2.803922384275601299e-13
2.406475150015421527e-06 2.823838753329297151e-13
2.423172794237600930e-06 2.844045771565310895e-13
2.439986297259550047e-06 2.864547916579801046e-13
2.441238882686348927e-06 2.866067616948244180e-13
2.456916462982790237e-06 2.883242885888333080e-13
2.473964100886811470e-06 2.902042855680571426e-13
2.491130026067785964e-06 2.921118059047869826e-13
2.508415059277541444e-06 2.940472747020765300e-13
2.525820026962784695e-06 2.960111239039233984e-13
2.543345761304648260e-06 2.980037924085982595e-13
2.560993100258456944e-06 3.000257261838828050e-13
2.578762887593798400e-06 3.020773783842571673e-13
2.596655972934872394e-06 3.041592094700674442e-13
2.614673211801092052e-06 3.062716873287035182e-13
2.632815465648020122e-06 3.084152873978317523e-13
2.651083601908536042e-06 3.105904927907044210e-13
2.669478494034318111e-06 3.127977944235919224e-13
2.688001021537607292e-06 3.150376911453688203e-13
2.706652070033241224e-06 3.173106898692906730e-13
2.725432531281028316e-06 3.196173057070049662e-13
2.742796666615101137e-06 3.217641750250735297e-13
2.744343303228362398e-06 3.219368771229922655e-13
2.763385290053166867e-06 3.240527558660491475e-13
2.782559402207125977e-06 3.262000000889361668e-13
2.801866556459194808e-06 3.283790990648301060e-13
2.821307675939470909e-06 3.305905499973357175e-13
2.840883690183301427e-06 3.328348581524989832e-13
2.860595535175739201e-06 3.351125369930609919e-13
2.880444153396297871e-06 3.374241083149863612e-13
2.900430493863991580e-06 3.397701023863025544e-13
2.920555512182745261e-06 3.421510580882995715e-13
2.940820170587060722e-06 3.445675230591162647e-13
2.961225437988031288e-06 3.470200538397656364e-13
2.981772290019673234e-06 3.495092160226366799e-13
3.002461709085549440e-06 3.520355844025112356e-13
3.023294684405776334e-06 3.545997431301512458e-13
3.044272212064305695e-06 3.572022858684853382e-13
3.065395295056523666e-06 3.598438159514459815e-13
3.076500408375758530e-06 3.612342699709423202e-13
3.086664943337274561e-06 3.623839213682873108e-13
3.108082173869063814e-06 3.648079281249435080e-13
3.129648010670750519e-06 3.672683276618663545e-13
3.151363484866482632e-06 3.697656933107236119e-13
3.173229634734973124e-06 3.723006077617725193e-13
3.195247505759213607e-06 3.748736632203948377e-13
3.217418150676371776e-06 3.774854615662746935e-13
3.239742629528195378e-06 3.801366145152994934e-13
3.262222009711673251e-06 3.828277437842023387e-13
3.284857366030040257e-06 3.855594812580036473e-13
3.307649780744242162e-06 3.883324691603117586e-13
3.330600343624588972e-06 3.911473602264999394e-13
3.353710152002929200e-06 3.940048178798493057e-13
3.376980310825094755e-06 3.969055164106766419e-13
3.400411932703702440e-06 3.998501411585101270e-13
3.424006137971425965e-06 4.028393886973772863e-13
3.445229349531425203e-06 4.055460735840827546e-13
3.447764054734464061e-06 4.058381398995865866e-13
3.471686818926559579e-06 4.085821651571375780e-13
3.495775574363278632e-06 4.113678606412669732e-13
3.520031472796675139e-06 4.141958885502678421e-13
3.544455673970435632e-06 4.170669219576901916e-13
3.569049345675229049e-06 4.199816449949600691e-13
3.593813663804625731e-06 4.229407530371308853e-13
3.618749812411284082e-06 4.259449528917869501e-13
3.643858983763540840e-06 4.289949629911664684e-13
3.669142378402493475e-06 4.320915135875727621e-13
3.694601205199302815e-06 4.352353469520943147e-13
3.720236681413065301e-06 4.384272175767350676e-13
3.746050032748996951e-06 4.416678923799791025e-13
3.772042493416992980e-06 4.449581509158592782e-13
3.798215306190736308e-06 4.482987855866092916e-13
3.824569722466998750e-06 4.516906018589155689e-13
3.851107002325569028e-06 4.551344184838873804e-13
3.852339611961678178e-06 4.552935074866938597e-13
3.877828414589461564e-06 4.582663907499518936e-13
3.904735236885555569e-06 4.614287936686447816e-13
3.931828755705770305e-06 4.646397760246888646e-13
3.959110266468458876e-06 4.679001164673173731e-13
3.986581073580438997e-06 4.712106065096073992e-13
4.014242490499326145e-06 4.745720507453438928e-13
4.042095839796309714e-06 4.779852670695892106e-13
4.070142453219439079e-06 4.814510869030282907e-13
4.098383671757261184e-06 4.849703554201365093e-13
4.126820845702951947e-06 4.885439317812530163e-13
4.155455334718879651e-06 4.921726893686171076e-13
4.184288507901584231e-06 4.958575160264352842e-13
4.213321743847289341e-06 4.995993143050626060e-13
4.242556430717776958e-06 5.033990017093453946e-13
4.271993966306776970e-06 5.072575109512193927e-13
4.301393863006293762e-06 5.111433483440166206e-13
4.301635758106799779e-06 5.111722454615541352e-13
4.331483223376402566e-06 5.147164936034029840e-13
4.361537789208005296e-06 5.183157124218566813e-13
4.391800892596086187e-06 5.219707892263856107e-13
4.422273980505897255e-06 5.256826260559826256e-13
4.452958509942660131e-06 5.294521399282618467e-13
4.483855948021190477e-06 5.332802630928142287e-13
4.514967772036101769e-06 5.371679432889102674e-13
4.546295469532399562e-06 5.411161440076029612e-13
4.577840538376616169e-06 5.451258447583233161e-13
4.609604486828439149e-06 5.491980413400405914e-13
4.641588833612781958e-06 5.533337461170595827e-13
4.673795107992463609e-06 5.575339882995529900e-13
4.706224849841281354e-06 5.617998142288869288e-13
4.738879609717650886e-06 5.661322876678400553e-13
4.771760948938750521e-06 5.705324900957932472e-13
4.796389551642163884e-06 5.738441648302381506e-13
4.804870439655133784e-06 5.748750630229561114e-13
4.838209664925956952e-06 5.789180909996868968e-13
4.871780218794630952e-06 5.830244349071972310e-13
4.905583706365045857e-06 5.871951239013798221e-13
4.939621743878325620e-06 5.914312043027636497e-13
4.973895958790067320e-06 5.957337398876688175e-13
5.008407989848212285e-06 6.001038121843656873e-13
5.043159487171358525e-06 6.045425207742980710e-13
5.078152112327670320e-06 6.090509835984813501e-13
5.113387538414331605e-06 6.136303372691539793e-13
5.148867450137497411e-06 6.182817373867676985e-13
5.184593543892912765e-06 6.230063588624317644e-13
5.220567527846975439e-06 6.278053962458713830e-13
5.256791122018419569e-06 6.326800640590255514e-13
5.293266058360566796e-06 6.376315971353646835e-13
5.329994080844093235e-06 6.426612509650285902e-13
5.341514002973826357e-06 6.442363508721369526e-13
5.366976945540475778e-06 6.473841665101611021e-13
5.404216420705915271e-06 6.520068574943005408e-13
5.441714286865887343e-06 6.567026018844639542e-13
5.479472336900292930e-06 6.614725947699867910e-13
5.517492376129128041e-06 6.663180512579803725e-13
5.555776222398877724e-06 6.712402068138320270e-13
5.594325706169377607e-06 6.762403176075359796e-13
5.633142670601352205e-06 6.813196608659822238e-13
5.672228971644549552e-06 6.864795352312960705e-13
5.711586478126434016e-06 6.917212611253278329e-13
5.751217071841612652e-06 6.970461811204180578e-13
5.791122647641757912e-06 7.024556603165217080e-13
5.831305113526219844e-06 7.079510867248170081e-13
5.871766390733262549e-06 7.135338716579105311e-13
5.912508413831880860e-06 7.192054501267401053e-13
5.941529977420130455e-06 7.232633896483518577e-13
5.953533130814370033e-06 7.247811063194526772e-13
5.994842503189408736e-06 7.299950863856743320e-13
6.036438506075863713e-06 7.352921229294435414e-13
6.078323128297236501e-06 7.406735822602393180e-13
6.120498372476703066e-06 7.461408536574804315e-13
6.162966255132942877e-06 7.516953497621535242e-13
6.205728806776500758e-06 7.573385069751615641e-13
6.248788072006888211e-06 7.630717858625317789e-13
6.292146109610350494e-06 7.688966715675946454e-13
6.335804992658254581e-06 7.748146742302463207e-13
6.379766808606282652e-06 7.808273294134406231e-13
6.424033659394190549e-06 7.869361985370050757e-13
6.468607661546320942e-06 7.931428693189286367e-13
6.513490946272809365e-06 7.994489562242457182e-13
6.558685659571435694e-06 8.058561009216369561e-13
6.601565266227198409e-06 8.119844993184008651e-13
6.604193962330304870e-06 8.123242912305847315e-13
6.650018030431117999e-06 8.182158796315394096e-13
6.696160054853215108e-06 8.242020202298095723e-13
6.742622241778348883e-06 8.302842764519675536e-13
6.789406812696113165e-06 8.364642380968934843e-13
6.836516004510238809e-06 8.427435217863716314e-13
6.883952069645496021e-06 8.491237714234229762e-13
6.931717276155400522e-06 8.556066586585495249e-13
6.979813907830666803e-06 8.621938833640007160e-13
7.028244264308352554e-06 8.688871741162079332e-13
7.077010661181888244e-06 8.756882886865453509e-13
7.126115430111745365e-06 8.825990145405285866e-13
7.175560918936921209e-06 8.896211693456240300e-13
7.225349491787221566e-06 8.967566014878097053e-13
7.275483529196232884e-06 9.040071905970281243e-13
7.325965428215230423e-06 9.113748480817148005e-13
7.327440214804173830e-06 9.115888299750798989e-13
7.376797602527730984e-06 9.180668708247769374e-13
7.427982482564910469e-06 9.248432818721048492e-13
7.479522515621828658e-06 9.317292522734334953e-13
7.531420165974376510e-06 9.387266027403482295e-13
7.583677914997190766e-06 9.458371847972082792e-13
7.636298261282241959e-06 9.530628813086733056e-13
7.689283720758305013e-06 9.604056070163356142e-13
7.742636826811276894e-06 9.678673090846070544e-13
7.796360130405236247e-06 9.754499676560116657e-13
7.850456200204509316e-06 9.831555964160739013e-13
7.904927622696420267e-06 9.909862431679341002e-13
7.959777002314978321e-06 9.989439904168840680e-13
8.015006961565413626e-06 1.007030955964987961e-12
8.070620141149507638e-06 1.015249293515949424e-12
8.125365849036343910e-06 1.023411402105452720e-12
8.126619200091945026e-06 1.023580455844650831e-12
8.183006815867388940e-06 1.031140741765255257e-12
8.239785684528511741e-06 1.038823997930083205e-12
8.296958520834915102e-06 1.046632276211113641e-12
8.354528058382871747e-06 1.054567663295830429e-12
8.412497049736117495e-06 1.062632281284271643e-12
8.470868266557402259e-06 1.070828288296365725e-12
8.529644499741016815e-06 1.079157879089760080e-12
8.588828559546258094e-06 1.087623285688317993e-12
8.648423275731726255e-06 1.096226778021453914e-12
8.708431497690724595e-06 1.104970664574531681e-12
8.768856094587426870e-06 1.113857293050469668e-12
8.829699955494083082e-06 1.122889051042783474e-12
8.890965989529167165e-06 1.132068366720249944e-12
8.952657125996400501e-06 1.141397709523386381e-12
9.002298478266314744e-06 1.148951000187306364e-12
9.014776314524917239e-06 1.150668864306309955e-12
9.077326525210224130e-06 1.159252858828327186e-12
9.140310748756222539e-06 1.167977313625431630e-12
9.203731996618229962e-06 1.176844581785685558e-12
9.267593301146882451e-06 1.185857056425776562e-12
9.331897715733238134e-06 1.195017171378564177e-12
9.396648314954690500e-06 1.204327401892478263e-12
9.461848194721992990e-06 1.213790265343018120e-12
9.527500472427300024e-06 1.223408321956543403e-12
9.593608287093146548e-06 1.233184175546563012e-12
9.660174799522645609e-06 1.243120474262776218e-12
9.727203192450536350e-06 1.253219911353028389e-12
9.794696670695385670e-06 1.263485225938457379e-12
9.862658461312830035e-06 1.273919203802032723e-12
9.931091813749799848e-06 1.284524678190716266e-12
9.965662500728457717e-06 1.289890261253308176e-12
1.000000000000000082e-05 1.294712942999377343e-12
1.006938631476027116e-05 1.304472875001209911e-12
1.013925407558814327e-05 1.314393397059552414e-12
1.020960662306047607e-05 1.324477209354940801e-12
1.028044732093309699e-05 1.334727058108009644e-12
1.035177955630176194e-05 1.345145736371437809e-12
1.042360673976401146e-05 1.355736084835557341e-12
1.049593230558226690e-05 1.366500992647913758e-12
1.056875971184804981e-05 1.377443398246997264e-12
1.064209244064724650e-05 1.388566290210383986e-12
1.071593399822671096e-05 1.399872708117573408e-12
1.079028791516183512e-05 1.411365743427725950e-12
1.086515774652537261e-05 1.423048540372596767e-12
1.094054707205743495e-05 1.434924296864922033e-12
1.101645949633656847e-05 1.446996265422497218e-12
1.102354994099692209e-05 1.448118227674535917e-12
1.109289864895222712e-05 1.458049506274334933e-12
1.116986818467822625e-05 1.469160873031987954e-12
1.124737178364750747e-05 1.480456004511881741e-12
1.132541315152812671e-05 1.491938000921500062e-12
1.140399601970033156e-05 1.503610015441255843e-12
1.148312414543511069e-05 1.515475255136884506e-12
1.156280131207375302e-05 1.527536981887593730e-12
1.164303132920875528e-05 1.539798513330293760e-12
1.172381803286599682e-05 1.552263223820175021e-12
1.180516528568805612e-05 1.564934545407892166e-12
1.188707697711903513e-05 1.577815968833702490e-12
1.196955702359042875e-05 1.590911044538779450e-12
1.205260936870841401e-05 1.604223383694050055e-12
1.213623798344241821e-05 1.617756659246847746e-12
1.218552577554442922e-05 1.625755666443793447e-12
1.222044686631488650e-05 1.630885359018707277e-12
1.230524004359261647e-05 1.643343559002475978e-12
1.239062156947915659e-05 1.656008709469388751e-12
1.247659552630868525e-05 1.668884311799562722e-12
1.256316602474121465e-05 1.681973927308796794e-12
1.265033720395903801e-05 1.695281178281997301e-12
1.273811323186478452e-05 1.708809749024542944e-12
1.282649830528059917e-05 1.722563386931818422e-12
1.291549665014882683e-05 1.736545903577294993e-12
1.300511252173409911e-05 1.750761175819458283e-12
1.309535020482667473e-05 1.765213146927888877e-12
1.318621401394748424e-05 1.779905827728893326e-12
1.327770829355429101e-05 1.794843297770939636e-12
1.336983741824945150e-05 1.810029706510306171e-12
1.346091564284742845e-05 1.825183494319038769e-12
1.346260579298911035e-05 1.825438048876473481e-12
1.355601785329368979e-05 1.839419941433002904e-12
1.365007806546013744e-05 1.853635045172664555e-12
1.374479092677536677e-05 1.868087316172481217e-12
1.384016096573130180e-05 1.882780778340216932e-12
1.393619274224143468e-05 1.897719524585139685e-12
1.403289084785873161e-05 1.912907718009056875e-12
1.413025990599533632e-05 1.928349593118027070e-12
1.422830457214351858e-05 1.944049457055036033e-12
1.432702953409829478e-05 1.960011690854056240e-12
1.442643951218159013e-05 1.976240750715844139e-12
1.452653925946781202e-05 1.992741169305828533e-12
1.462733356201129868e-05 2.009517557074543275e-12
1.472882723907501804e-05 2.026574603600904763e-12
1.483102514336102853e-05 2.043917078958794693e-12
1.486147211032716794e-05 2.049074689815846163e-12
1.493393216124253386e-05 2.060186744143800038e-12
1.503755321299738461e-05 2.076155824775611834e-12
1.514189325304351951e-05 2.092392336301699100e-12
1.524695727017576197e-05 2.108900826995150451e-12
1.535275028780421074e-05 2.125685923239041602e-12
1.545927736419478539e-05 2.142752330876006387e-12
1.556654359271061883e-05 2.160104836581071830e-12
1.567455410205594862e-05 2.177748309258435407e-12
1.578331405652119409e-05 2.195687701462385643e-12
1.589282865622976477e-05 2.213928050842863646e-12
1.600310313738701696e-05 2.232474481616172864e-12
1.611414277253019959e-05 2.251332206061071344e-12
1.622595287078087002e-05 2.270506526040933089e-12
1.633853877809863804e-05 2.290002834552245920e-12
1.639863026392271808e-05 2.300430119772921506e-12
1.645190587753660725e-05 2.308799913356331426e-12
1.656605958949915094e-05 2.326754322911734509e-12
1.668100537200059254e-05 2.345010451478186879e-12
1.679674872092653225e-05 2.363573441768807884e-12
1.691329517029650513e-05 2.382448524936082292e-12
1.703065029252842484e-05 2.401641022101085806e-12
1.714881969870540916e-05 2.421156345909327791e-12
1.726780903884356100e-05 2.441000002113442223e-12
1.738762400216250392e-05 2.461177591183484988e-12
1.750827031735726955e-05 2.481694809945087537e-12
1.762975375287203833e-05 2.502557453246029524e-12
1.775208011717636033e-05 2.523771415651820532e-12
1.787525525904235524e-05 2.545342693170558645e-12
1.799928506782476860e-05 2.567277385007866018e-12
1.808562521880066203e-05 2.582618760682674751e-12
1.812417547374239337e-05 2.588820893525366120e-12
1.824993244816150412e-05 2.609022987478766977e-12
1.837656200388172051e-05 2.629565653361098963e-12
1.850407019542302264e-05 2.650454707818716902e-12
1.863246311931559903e-05 2.671696067651763820e-12
1.876174691439123267e-05 2.693295751547276692e-12
1.889192776207664550e-05 2.715259881842370387e-12
1.902301188668945850e-05 2.737594686318116960e-12
1.915500555573528338e-05 2.760306500024416750e-12
1.928791508020777557e-05 2.783401767136692505e-12
1.942174681489028298e-05 2.806887042844731274e-12
1.955650715865946999e-05 2.830768995274306954e-12
1.969220255479173340e-05 2.855054407442264486e-12
1.982883949127071257e-05 2.879750179245385569e-12
1.993700066367021847e-05 2.899422853882869208e-12
1.996642450109793374e-05 2.904268878441012642e-12
2.010496416260501278e-05 2.927016185381585607e-12
2.024446509976801623e-05 2.950148094986220836e-12
2.038493398252464128e-05 2.973671188013853310e-12
2.052637752709252056e-05 2.997592158662883611e-12
2.066880249629082024e-05 3.021917816535642614e-12
2.081221569986341357e-05 3.046655088636872770e-12
2.095662399480430758e-05 3.071811021406906144e-12
2.110203428568596656e-05 3.097392782790259356e-12
2.124845352498882828e-05 3.123407664339965711e-12
2.139588871343421495e-05 3.149863083358648203e-12
2.154434690031886725e-05 3.176766585076648837e-12
2.169383518385182289e-05 3.204125844867998236e-12
2.184436071149428344e-05 3.231948670504979200e-12
2.196869016754811232e-05 3.255088599835056648e-12
2.199593068030074845e-05 3.259679810822159844e-12
2.214855233726359179e-05 3.285309763355517736e-12
2.230223297965941006e-05 3.311374222605274838e-12
2.245697995539771554e-05 3.337880635746349914e-12
2.261280066337279372e-05 3.364836578461700448e-12
2.276970255381680078e-05 3.392249757168941792e-12
2.292769312865648647e-05 3.420128011285847850e-12
2.308677994187171946e-05 3.448479315535093154e-12
2.324697059985645546e-05 3.477311782289017075e-12
2.326174823827772628e-05 3.654383070957261569e-12
2.326174823827772628e-05 1.0