# Polarisation haloscope (scanning) https://arxiv.org/abs/2209.12901
# data direct from author
# m_a [eV]	1/fa [GeV^-1]
4.706224849841281142e-07 1.0
4.706224849841281142e-07 7.837796443964342522e-12
4.738879609717650886e-07 7.896405554204579380e-12
4.771760948938750944e-07 7.955901110308281057e-12
4.804870439655133784e-07 8.016296929722743202e-12
4.838209664925956740e-07 8.077607053190809897e-12
4.871780218794630529e-07 8.139845748507604885e-12
4.905583706365045857e-07 8.203027514343204593e-12
4.911662014394170359e-07 8.214343584919421424e-12
4.939621743878326255e-07 8.261395348993675068e-12
4.973895958790067955e-07 8.319393224622317329e-12
5.008407989848212921e-07 8.378271138889668532e-12
5.043159487171359161e-07 8.438042864130852308e-12
5.078152112327670320e-07 8.498722396272881409e-12
5.113387538414331605e-07 8.560323958614974885e-12
5.148867450137498046e-07 8.622862005675393839e-12
5.184593543892912977e-07 8.686351227106296623e-12
5.220567527846975439e-07 8.750806551677503680e-12
5.256791122018419569e-07 8.816243151330672895e-12
5.293266058360566796e-07 8.882676445305150482e-12
5.329994080844093658e-07 8.950122104336655754e-12
5.366976945540476201e-07 9.018596054930459018e-12
5.404216420705915059e-07 9.088114483710046146e-12
5.441714286865887343e-07 9.158693841842901596e-12
5.475118124382943587e-07 9.221978823334341760e-12
5.479472336900292506e-07 9.229436083984367350e-12
5.517492376129128676e-07 9.294238559690589057e-12
5.555776222398877301e-07 9.360031458021953234e-12
5.594325706169378030e-07 9.426830416011149426e-12
5.633142670601351570e-07 9.494651327115197858e-12
5.672228971644549341e-07 9.563510345596920134e-12
5.711586478126434652e-07 9.633423890984224674e-12
5.751217071841613499e-07 9.704408652609132704e-12
5.791122647641758759e-07 9.776481594227451104e-12
5.831305113526219420e-07 9.849659958720977546e-12
5.871766390733261913e-07 9.923961272883672522e-12
5.912508413831881072e-07 9.999403352293168314e-12
5.953533130814370245e-07 1.007600430626965376e-11
5.994842503189409159e-07 1.015378254292314133e-11
6.036438506075864348e-07 1.023275677429128137e-11
6.078323128297236501e-07 1.031294602156913727e-11
6.099339925445385674e-07 1.035321843295661566e-11
6.120498372476703913e-07 1.038987325502147937e-11
6.162966255132942029e-07 1.046351713077504605e-11
6.205728806776500970e-07 1.053829579295744246e-11
6.248788072006888211e-07 1.061422733420826926e-11
6.292146109610350070e-07 1.069133014712023485e-11
6.335804992658254581e-07 1.076962292942227232e-11
6.379766808606282228e-07 1.084912468925612464e-11
6.424033659394190549e-07 1.092985475054774850e-11
6.468607661546320942e-07 1.101183275847560347e-11
6.513490946272808518e-07 1.109507868503753225e-11
6.558685659571435694e-07 1.117961283471794955e-11
6.604193962330305293e-07 1.126545585025761099e-11
6.650018030431118211e-07 1.135262871852735324e-11
6.696160054853215532e-07 1.144115277650813803e-11
6.742622241778348036e-07 1.153104971737928242e-11
6.789406812696112741e-07 1.162234159671675258e-11
6.789862248133982032e-07 1.162322468679849602e-11
6.836516004510237539e-07 1.170501749689967568e-11
6.883952069645495809e-07 1.178887971016906116e-11
6.931717276155400310e-07 1.187404537517187912e-11
6.979813907830666803e-07 1.196053548603008800e-11
7.028244264308353190e-07 1.204837138880897967e-11
7.077010661181889092e-07 1.213757478766734321e-11
7.126115430111744941e-07 1.222816775111923989e-11
7.175560918936920574e-07 1.232017271840981930e-11
7.225349491787221566e-07 1.241361250600721046e-11
7.275483529196233307e-07 1.250851031421253343e-11
7.325965428215229999e-07 1.260488973389068410e-11
7.376797602527730560e-07 1.270277475332365161e-11
7.427982482564910045e-07 1.280218976518899844e-11
7.479522515621828447e-07 1.290315957366582823e-11
7.531420165974375239e-07 1.300570940167047871e-11
7.553341778999962095e-07 1.304901978014401483e-11
7.583677914997190131e-07 1.310321668462136915e-11
7.636298261282241323e-07 1.319744513780242427e-11
7.689283720758305860e-07 1.329315067538707261e-11
7.742636826811277952e-07 1.339035732310087932e-11
7.796360130405236458e-07 1.348908951369253832e-11
7.850456200204509740e-07 1.358937209412074057e-11
7.904927622696420267e-07 1.369123033287261898e-11
7.959777002314977897e-07 1.379468992741681538e-11
8.015006961565413838e-07 1.389977701179342969e-11
8.070620141149507638e-07 1.400651816434346058e-11
8.126619200091945450e-07 1.411494041558075853e-11
8.183006815867389787e-07 1.422507125620857413e-11
8.239785684528511741e-07 1.433693864528397284e-11
8.296958520834914679e-07 1.445057101853275308e-11
8.354528058382870053e-07 1.456599729681755910e-11
8.396097282625019738e-07 1.464971398307287854e-11
8.412497049736118343e-07 1.467958293672144212e-11
8.470868266557402682e-07 1.478567205550171630e-11
8.529644499741016815e-07 1.489343902193653361e-11
8.588828559546259365e-07 1.500291140363279341e-11
8.648423275731726679e-07 1.511411724018291735e-11
8.708431497690723748e-07 1.522708505158416827e-11
8.768856094587426870e-07 1.534184384681359223e-11
8.829699955494081811e-07 1.545842313256206342e-11
8.890965989529167589e-07 1.557685292213026921e-11
8.952657125996400925e-07 1.569716374448964979e-11
9.014776314524918087e-07 1.581938665351184355e-11
9.077326525210223283e-07 1.594355323736929426e-11
9.140310748756223386e-07 1.606969562811077140e-11
9.203731996618231444e-07 1.619784651141494108e-11
9.267593301146882874e-07 1.632803913652533190e-11
9.325402200119689612e-07 1.644676177994662842e-11
9.331897715733238557e-07 1.645882727852387312e-11
9.396648314954690500e-07 1.657852267254264376e-11
9.461848194721991931e-07 1.670012867014751487e-11
9.527500472427299601e-07 1.682367698740703098e-11
9.593608287093147819e-07 1.694919988916060956e-11
9.660174799522646456e-07 1.707673019890576303e-11
9.727203192450537620e-07 1.720630130886969155e-11
9.794696670695385247e-07 1.733794719026934702e-11
9.862658461312830882e-07 1.747170240376343524e-11
9.931091813749800272e-07 1.760760211009983955e-11
9.999999999999997430e-07 1.774568208096287963e-11
1.006938631476027116e-06 1.788597871002336526e-11
1.013925407558814200e-06 1.802852902419605917e-11
1.020960662306047480e-06 1.817337069510834561e-11
1.028044732093309572e-06 1.832054205078388831e-11
1.034903825665194284e-06 1.846424942895539016e-11
1.035177955630176236e-06 1.846944478481079710e-11
1.042360673976401061e-06 1.860479060855700762e-11
1.049593230558226563e-06 1.874231760061169186e-11
1.056875971184804981e-06 1.888206234784554364e-11
1.064209244064724734e-06 1.902406207684927132e-11
1.071593399822671139e-06 1.916835466557199357e-11
1.079028791516183681e-06 1.931497865517848565e-11
1.086515774652537176e-06 1.946397326213016522e-11
1.094054707205743622e-06 1.961537839049400512e-11
1.101645949633656974e-06 1.976923464448340570e-11
1.109289864895222755e-06 1.992558334123647773e-11
1.116986818467822540e-06 2.008446652383517052e-11
1.124737178364750789e-06 2.024592697457075770e-11
1.132541315152812586e-06 2.041000822846021078e-11
1.140399601970032987e-06 2.057675458701814565e-11
1.147529941563651620e-06 2.072921779595370057e-11
1.148312414543511196e-06 2.074435436327767281e-11
1.156280131207375345e-06 2.089775024131342947e-11
1.164303132920875528e-06 2.105364262804749114e-11
1.172381803286599682e-06 2.121207384278351832e-11
1.180516528568805485e-06 2.137308695248385497e-11
1.188707697711903258e-06 2.153672578550029698e-11
1.196955702359042833e-06 2.170303494556514455e-11
1.205260936870841443e-06 2.187205982604836126e-11
1.213623798344241863e-06 2.204384662448578011e-11
1.222044686631488693e-06 2.221844235738341024e-11
1.230524004359261563e-06 2.239589487530399957e-11
1.239062156947915701e-06 2.257625287824033515e-11
1.247659552630868398e-06 2.275956593128165622e-11
1.256316602474121423e-06 2.294588448057873115e-11
1.265033720395903716e-06 2.313525986961300731e-11
1.271298654310802643e-06 2.327202478960411682e-11
1.273811323186478410e-06 2.332165618322511931e-11
1.282649830528059960e-06 2.349592570098359204e-11
1.291549665014882683e-06 2.367306019948714137e-11
1.300511252173409911e-06 2.385310875986269741e-11
1.309535020482667643e-06 2.403612133923755340e-11
1.318621401394748467e-06 2.422214878697380635e-11
1.327770829355428974e-06 2.441124286121296445e-11
1.336983741824945150e-06 2.460345624573750045e-11
1.346260579298911120e-06 2.479884256715543837e-11
1.355601785329368979e-06 2.499745641241395458e-11
1.365007806546013744e-06 2.519935334664935061e-11
1.374479092677536677e-06 2.540458993137881627e-11
1.384016096573130180e-06 2.561322374304164434e-11
1.393619274224143468e-06 2.582531339189643656e-11
1.403289084785873119e-06 2.604091854128101233e-11
1.407138955005016983e-06 2.612675225563326679e-11
1.413025990599533632e-06 2.624552975575938982e-11
1.422830457214351858e-06 2.644400294307441426e-11
1.432702953409829350e-06 2.664577274877020602e-11
1.442643951218158886e-06 2.685089624740779860e-11
1.452653925946781160e-06 2.705943154241918496e-11
1.462733356201129952e-06 2.727143778534170312e-11
1.472882723907501804e-06 2.748697519542251712e-11
1.483102514336102938e-06 2.770610507960132964e-11
1.493393216124253301e-06 2.792888985287868029e-11
1.503755321299738207e-06 2.815539305907694790e-11
1.514189325304352035e-06 2.838567939200279717e-11
1.524695727017573021e-06 2.861981471701789056e-11
1.535275028780420990e-06 2.885786609302661568e-11
1.545927736419478581e-06 2.909990179488907057e-11
1.556039132678819063e-06 2.933166278390036467e-11
1.556654359271061967e-06 2.934442573363924270e-11
1.567455410205595074e-06 2.956730035652416255e-11
1.578331405652116359e-06 2.979391310831015531e-11
1.589282865622976392e-06 3.002432934369337143e-11
1.600310313738701654e-06 3.025861560623189114e-11
1.611414277253019705e-06 3.049683965074409514e-11
1.622595287078087214e-06 3.073907046614204844e-11
1.633853877809860288e-06 3.098537829870725768e-11
1.645190587753660894e-06 3.123583467581853447e-11
1.656605958949915221e-06 3.149051243014061112e-11
1.668100537200058916e-06 3.174948572428230430e-11
1.679674872092653225e-06 3.201283007593474707e-11
1.691329517029647040e-06 3.228062238349747011e-11
1.703065029252842653e-06 3.255294095220349260e-11
1.714881969870540874e-06 3.282986552075274136e-11
1.719144833212887844e-06 3.292971255097148496e-11
1.726780903884355973e-06 3.309161684873503416e-11
1.738762400216250434e-06 3.334670714458866254e-11
1.750827031735723651e-06 3.360612115136644991e-11
1.762975375287203917e-06 3.386993524912351960e-11
1.775208011717636287e-06 3.413822722048537549e-11
1.787525525904235609e-06 3.441107627728345378e-11
1.799928506782476521e-06 3.468856308771136558e-11
1.812417547374235695e-06 3.497076980401047688e-11
1.824993244816150497e-06 3.525778009069676195e-11
1.837656200388172474e-06 3.554967915333906313e-11
1.850407019542302094e-06 3.584655376789956192e-11
1.863246311931560030e-06 3.614849231064892096e-11
1.876174691439119582e-06 3.645558478866561581e-11
1.889192776207664423e-06 3.676792287093287243e-11
1.897544587105649890e-06 3.696912707195031791e-11
1.902301188668945808e-06 3.707287356832439051e-11
1.915500555573527830e-06 3.736068008785673895e-11
1.928791508020777896e-06 3.765341317866102770e-11
1.942174681489024486e-06 3.795116070282063744e-11
1.955650715865946999e-06 3.825401214958566785e-11
1.969220255479173340e-06 3.856205866649288100e-11
1.982883949127071257e-06 3.887539309109567756e-11
1.996642450109793374e-06 3.919410998331814851e-11
2.010496416260497127e-06 3.951830565844337398e-11
2.024446509976801877e-06 3.984807822075048377e-11
2.038493398252464128e-06 4.018352759781266744e-11
2.052637752709252226e-06 4.052475557546915575e-11
2.066880249629081940e-06 4.087186583348598493e-11
2.081221569986337122e-06 4.122496398191731195e-11
2.092482646044732045e-06 4.150404757850472554e-11
2.095662399480430927e-06 4.157540441404298392e-11
2.110203428568596572e-06 4.190087796491489030e-11
2.124845352498883082e-06 4.223197800377916568e-11
2.139588871343421664e-06 4.256880581559262944e-11
2.154434690031882236e-06 4.291146457645428047e-11
2.169383518385181950e-06 4.326005939001637248e-11
2.184436071149428344e-06 4.361469732461361781e-11
2.199593068030074676e-06 4.397548745112446541e-11
2.214855233726359433e-06 4.434254088158100967e-11
2.230223297965936432e-06 4.471597080854007337e-11
2.245697995539771724e-06 4.509589254523268698e-11
2.261280066337279372e-06 4.548242356650685362e-11
2.276970255381679569e-06 4.587568355057914789e-11
2.292769312865648139e-06 4.627579442161299144e-11
2.305298100361739892e-06 4.659525668664667921e-11
2.308677994187167203e-06 4.667330622949359750e-11
2.324697059985645631e-06 4.704223783059987870e-11
2.340827276178294449e-06 4.741760996007403347e-11
2.357069413996727979e-06 4.779953961675571125e-11
2.373424250023866098e-06 4.818814600121605215e-11
2.389892566231047836e-06 4.858355055841667060e-11
2.406475150015421527e-06 4.898587702121479969e-11
2.423172794237600507e-06 4.939525145473105548e-11
2.439986297259550047e-06 4.981180230159655266e-11
2.456916462982790237e-06 5.023566042809908131e-11
2.473964100886811470e-06 5.066695917124384832e-11
2.491130026067785540e-06 5.110583438674924298e-11
2.508415059277541020e-06 5.155242449799577322e-11
2.525820026962784695e-06 5.200687054594682916e-11
2.537411596147436435e-06 5.231099308056257999e-11
2.543345761304648260e-06 5.245201713348004001e-11
2.560993100258456944e-06 5.287118991216586160e-11
2.578762887593798400e-06 5.329775159031597733e-11
2.596655972934872394e-06 5.373183758702614305e-11
2.614673211801092052e-06 5.417358588891719267e-11
2.632815465648020122e-06 5.462313710017978191e-11
2.651083601908536042e-06 5.508063449361415912e-11
2.669478494034318111e-06 5.554622406268747828e-11
2.688001021537607292e-06 5.602005457462768552e-11
2.706652070033241224e-06 5.650227762457543429e-11
2.725432531281028316e-06 5.699304769081655043e-11
2.744343303228361975e-06 5.749252219111455059e-11
2.763385290053166867e-06 5.800086154016776429e-11
2.782559402207126400e-06 5.851822920821255355e-11
2.790324463240341897e-06 5.872786613189488850e-11
2.801866556459195231e-06 5.901016304677806729e-11
2.821307675939470909e-06 5.948753244455659103e-11
2.840883690183301004e-06 5.997339738026139356e-11
2.860595535175739201e-06 6.046791489249013766e-11
2.880444153396297871e-06 6.097124501857347336e-11
2.900430493863991580e-06 6.148355085335120933e-11
2.920555512182745261e-06 6.200499860912507124e-11
2.940820170587060722e-06 6.253575767680892037e-11
2.961225437988031288e-06 6.307600068830335456e-11
2.981772290019672810e-06 6.362590358011821455e-11
3.002461709085549016e-06 6.418564565826808256e-11
3.023294684405776334e-06 6.475540966446857398e-11
3.044272212064305695e-06 6.533538184365713917e-11
3.065395295056523666e-06 6.592575201286635723e-11
3.065615978322570124e-06 6.593188271333542124e-11
3.086664943337274561e-06 6.646171970712766336e-11
3.108082173869063814e-06 6.700662734217924287e-11
3.129648010670750519e-06 6.756132378881444261e-11
3.151363484866482632e-06 6.812599148941609911e-11
3.173229634734973124e-06 6.870081639384941982e-11
3.195247505759213607e-06 6.928598802857360823e-11
3.217418150676371353e-06 6.988169956713681943e-11
3.239742629528195378e-06 7.048814790209050583e-11
3.262222009711673251e-06 7.110553371834546119e-11
3.284857366030040257e-06 7.173406156800161610e-11
3.307649780744242585e-06 7.237393994668393557e-11
3.330600343624588548e-06 7.302538137140796735e-11
3.353710152002929200e-06 7.368860246001577979e-11
3.365217618890742119e-06 7.401959996915621388e-11
3.376980310825094755e-06 7.432621253181424325e-11
3.400411932703702440e-06 7.493854602548714327e-11
3.424006137971425541e-06 7.556197357668065150e-11
3.447764054734464061e-06 7.619306677540179122e-11
3.471686818926559579e-06 7.670916364543468635e-11
3.495775574363278209e-06 7.723290589868250968e-11
3.520031472796675139e-06 7.776441273291735781e-11
3.544455673970435632e-06 7.830380527720167432e-11
3.569049345675229049e-06 7.885120662402779669e-11
3.593813663804625307e-06 7.940674186200567843e-11
3.618749812411284082e-06 7.997053810910191414e-11
3.643858983763540840e-06 8.054272454644229431e-11
3.669142378402493899e-06 8.112343245268944447e-11
3.694601205199302392e-06 8.171279523899941331e-11
3.720236681413065725e-06 8.231094848457473544e-11
3.746050032748996951e-06 8.291802997281827300e-11
3.753777696657383058e-06 8.309941949353385832e-11
3.772042493416993404e-06 8.348667585273841320e-11
3.798215306190736308e-06 8.404370647195213301e-11
3.824569722466998750e-06 8.460907008967428698e-11
3.851107002325569028e-06 8.518289762101067422e-11
3.877828414589461564e-06 8.576532211382906632e-11
3.904735236885555569e-06 8.635647878438360159e-11
3.931828755705770305e-06 8.695650505354654959e-11
3.959110266468458876e-06 8.756554058365101313e-11
3.986581073580438997e-06 8.818372731596372226e-11
4.014242490499326145e-06 8.881120950879204305e-11
4.042095839796309714e-06 8.944813377623821649e-11
4.070142453219439079e-06 9.009464912761423032e-11
4.098383671757261184e-06 9.075090700752448416e-11
4.126820845702951947e-06 9.141706133663093024e-11
4.155455334718879651e-06 9.209326855311122359e-11
4.184288507901584231e-06 9.277968765482095796e-11
4.205757876954660037e-06 9.329304026284695888e-11
4.213321743847289341e-06 9.345643675792438957e-11
4.242556430717776958e-06 9.408648095823947593e-11
4.271993966306776970e-06 9.472606018715537070e-11
4.301635758106799779e-06 9.537532557818859219e-11
4.331483223376402566e-06 9.603443074243559849e-11
4.361537789208005296e-06 9.670353181013072921e-11
4.391800892596086187e-06 9.738278747291005533e-11
4.422273980505897255e-06 9.807235902679563886e-11
4.452958509942660131e-06 9.877241041591186014e-11
4.483855948021190477e-06 9.948310827694522546e-11
4.514967772036101769e-06 1.002046219843638497e-10
4.546295469532399562e-06 1.009371236964049499e-10
4.577840538376616169e-06 1.016807884018474635e-10
4.609604486828438302e-06 1.024357939675812917e-10
4.641588833612781958e-06 1.032023211869865865e-10
4.673795107992463609e-06 1.039805538291401664e-10
4.704865061356613410e-06 1.047370897959448749e-10
4.706224849841281354e-06 1.047670086140546669e-10
4.738879609717651733e-06 1.054815627926494965e-10
4.771760948938750521e-06 1.062070508282261082e-10
4.804870439655133784e-06 1.069436474660746056e-10
4.838209664925956952e-06 1.076915303326561340e-10
4.871780218794630952e-06 1.084508799841118137e-10
4.905583706365045857e-06 1.092218799556002388e-10
4.939621743878325620e-06 1.100047168114773026e-10
4.973895958790067320e-06 1.107995801963314843e-10
5.008407989848212285e-06 1.116066628868925984e-10
5.043159487171357678e-06 1.124261608448245168e-10
5.078152112327670320e-06 1.132582732704209908e-10
5.113387538414331605e-06 1.141032026572179759e-10
5.148867450137498258e-06 1.149611548475381771e-10
5.184593543892912765e-06 1.158323390889868255e-10
5.220567527846976286e-06 1.167169680919100215e-10
5.255586219523285317e-06 1.175849554052153289e-10
5.256791122018419569e-06 1.176119470792762542e-10
5.293266058360566796e-06 1.184244499608987717e-10
5.329994080844093235e-06 1.192495160056574827e-10
5.366976945540475778e-06 1.200873475492799759e-10
5.404216420705915271e-06 1.209381502812110898e-10
5.441714286865887343e-06 1.218021333012734405e-10
5.479472336900292930e-06 1.226795091772969918e-10
5.517492376129128888e-06 1.235704940037330729e-10
5.555776222398877724e-06 1.244753074612737060e-10
5.594325706169377607e-06 1.253941728774885715e-10
5.633142670601352205e-06 1.263273172885001383e-10
5.672228971644549552e-06 1.272749715017152052e-10
5.711586478126434863e-06 1.282373701596281078e-10
5.751217071841613499e-06 1.292147518047188541e-10
5.791122647641757912e-06 1.302073589454599910e-10
5.831305113526218997e-06 1.312154381234543834e-10
5.862764318452110145e-06 1.320088400831416754e-10
5.871766390733261702e-06 1.322140654436781374e-10
5.912508413831880860e-06 1.331402337874852398e-10
5.953533130814370033e-06 1.340808646018200095e-10
5.994842503189407889e-06 1.350361924786083620e-10
6.036438506075863713e-06 1.360064559169570120e-10
6.078323128297236501e-06 1.369918973893710911e-10
6.120498372476702219e-06 1.379927634091048987e-10
6.162966255132942029e-06 1.390093045986701901e-10
6.205728806776500758e-06 1.400417757595151824e-10
6.248788072006888211e-06 1.410904359429001041e-10
6.292146109610350494e-06 1.421555485219872515e-10
6.335804992658255428e-06 1.432373812651659236e-10
6.379766808606281805e-06 1.443362064106375654e-10
6.424033659394191396e-06 1.454523007422773038e-10
6.468607661546320942e-06 1.465859456667974648e-10
6.513490946272809365e-06 1.477374272922355364e-10
6.531606642595964356e-06 1.482020705798860072e-10
6.558685659571435694e-06 1.488300087326804196e-10
6.604193962330304023e-06 1.498882314636185310e-10
6.650018030431117999e-06 1.509631323593956167e-10
6.696160054853215108e-06 1.520549837405465185e-10
6.742622241778348883e-06 1.531640624832096232e-10
6.789406812696113165e-06 1.542906500965508911e-10
6.836516004510238809e-06 1.554350328015202387e-10
6.883952069645496021e-06 1.565975016109565109e-10
6.931717276155400522e-06 1.577783524110700182e-10
6.979813907830666803e-06 1.589778860443238375e-10
7.028244264308352554e-06 1.601964083937366476e-10
7.077010661181889092e-06 1.614342304686373965e-10
7.126115430111745365e-06 1.626916684918891188e-10
7.175560918936920362e-06 1.639690439886128711e-10
7.225349491787221566e-06 1.652666838764364712e-10
7.267852321384628830e-06 1.663816886076127472e-10
7.275483529196232884e-06 1.665627145125808139e-10
7.325965428215229576e-06 1.677555620184025533e-10
7.376797602527730984e-06 1.689673629719144220e-10
7.427982482564910469e-06 1.701984286152822089e-10
7.479522515621828658e-06 1.714490754171058003e-10
7.531420165974376510e-06 1.727196251614581422e-10
7.583677914997190766e-06 1.740104050384596041e-10
7.636298261282241959e-06 1.753217477364049612e-10
7.689283720758305013e-06 1.766539915354765735e-10
7.742636826811276894e-06 1.780074804030699716e-10
7.796360130405236247e-06 1.793825640907555802e-10
7.850456200204509316e-06 1.807795982329132345e-10
7.904927622696420267e-06 1.821989444470589509e-10
7.959777002314978321e-06 1.836409704358996287e-10
8.015006961565413626e-06 1.851060500911435441e-10
8.070620141149507638e-06 1.865945635990952031e-10
8.078004195910567687e-06 1.867913599020777050e-10
8.126619200091945026e-06 1.879631559374084344e-10
8.183006815867388940e-06 1.893318132782924449e-10
8.239785684528511741e-06 1.907223945250713638e-10
8.296958520834915102e-06 1.921352617238330218e-10
8.354528058382871747e-06 1.935707830226227724e-10
8.412497049736117495e-06 1.950293327756450887e-10
8.470868266557402259e-06 1.965112916492558761e-10
8.529644499741016815e-06 1.980170467297806310e-10
8.588828559546258094e-06 1.995469916331904737e-10
8.648423275731726255e-06 2.011015266166641525e-10
8.708431497690724595e-06 2.026810586920757507e-10
8.768856094587426870e-06 2.042860017414327809e-10
8.829699955494083082e-06 2.059167766343052789e-10
8.890965989529167165e-06 2.075738113472776113e-10
8.952657125996400501e-06 2.092575410854554914e-10
8.969075635065217351e-06 2.097046401323230488e-10
9.014776314524917239e-06 2.108303233518538844e-10
9.077326525210224130e-06 2.123788268175856295e-10
9.140310748756222539e-06 2.139523111895488943e-10
9.203731996618229962e-06 2.155511909952844670e-10
9.267593301146882451e-06 2.171758877708229659e-10
9.331897715733238134e-06 2.188268301806050649e-10
9.396648314954690500e-06 2.205044541394635175e-10
9.461848194721992990e-06 2.222092029367111314e-10
9.527500472427300024e-06 2.239415273623674703e-10
9.593608287093144854e-06 2.257018858355598512e-10
9.660174799522645609e-06 2.274907445351435901e-10
9.727203192450536350e-06 2.293085775325685601e-10
9.794696670695385670e-06 2.311558669270415634e-10
9.862658461312830035e-06 2.330331029830179400e-10
9.931091813749799848e-06 2.349407842700629464e-10
9.948634601098495925e-06 2.354286414322420067e-10
1.000000000000000251e-05 2.367208993977065966e-10
1.006938631476027116e-05 2.384757385751096206e-10
1.013925407558814327e-05 2.402590743445309885e-10
1.020960662306047607e-05 2.420713816795502375e-10
1.028044732093309699e-05 2.439131436072985826e-10
1.035177955630176194e-05 2.457848513465086911e-10
1.042360673976401146e-05 2.476870044479411031e-10
1.049593230558226690e-05 2.496201109372378060e-10
1.056875971184805150e-05 2.515846874602404460e-10
1.064209244064724650e-05 2.535812594308147412e-10
1.071593399822671096e-05 2.556103611812316064e-10
1.079028791516183681e-05 2.576725361151392671e-10
1.086515774652537261e-05 2.597683368631786799e-10
1.094054707205743495e-05 2.618983254412858940e-10
1.101645949633656847e-05 2.640630734117247819e-10
1.102509339282140202e-05 2.643081486974102757e-10
1.109289864895222712e-05 2.660495484201280824e-10
1.116986818467822625e-05 2.680412511320816840e-10
1.124737178364750747e-05 2.700654950911590984e-10
1.132541315152812671e-05 2.721228249057396240e-10
1.140399601970032987e-05 2.742137944426760269e-10
1.148312414543511069e-05 2.763389669862579230e-10
1.156280131207375302e-05 2.784989153999160237e-10
1.164303132920875528e-05 2.806942222907210627e-10
1.172381803286599682e-05 2.829254801767266732e-10
1.180516528568805612e-05 2.851932916571989704e-10
1.188707697711903343e-05 2.874982695857945675e-10
1.196955702359043044e-05 2.898410372467245589e-10
1.205260936870841401e-05 2.922222285339653192e-10
1.213623798344241821e-05 2.946424881335679730e-10
1.220787435779743121e-05 2.967302408188860610e-10
1.222044686631488650e-05 2.970618000735559098e-10
1.230524004359261647e-05 2.992889722078797508e-10
1.239062156947915659e-05 3.015527259512868605e-10
1.247659552630868525e-05 3.038536756807817139e-10
1.256316602474121465e-05 3.061924462412759521e-10
1.265033720395903801e-05 3.085696731255607557e-10
1.273811323186478452e-05 3.109860026573970705e-10
1.282649830528059917e-05 3.134420921777642136e-10
1.291549665014882683e-05 3.159386102343326764e-10
1.300511252173409741e-05 3.184762367742133882e-10
1.309535020482667643e-05 3.210556633400367968e-10
1.318621401394748594e-05 3.236775932694293342e-10
1.327770829355429101e-05 3.263427418979332283e-10
1.336983741824945150e-05 3.290518367654398166e-10
1.346260579298911035e-05 3.318056178261928158e-10
1.350715395750800863e-05 3.331294787934669409e-10
1.355601785329368979e-05 3.344436332599659684e-10
1.365007806546013913e-05 3.369781533614506009e-10
1.374479092677536677e-05 3.395545226173243670e-10
1.384016096573130350e-05 3.421734462988182256e-10
1.393619274224143468e-05 3.448356417200245139e-10
1.403289084785873161e-05 3.475418384452278553e-10
1.413025990599533632e-05 3.502927784998292882e-10
1.422830457214351858e-05 3.530892165849145383e-10
1.432702953409829478e-05 3.559319202955378316e-10
1.442643951218159013e-05 3.588216703427838552e-10
1.452653925946781202e-05 3.617592607796688178e-10
1.462733356201129868e-05 3.647454992309599683e-10
1.472882723907501804e-05 3.677812071269637721e-10
1.483102514336102853e-05 3.708672199413658765e-10
1.493358810420321389e-05 3.739937302478801677e-10
1.493393216124253386e-05 3.740032229807788626e-10
1.503755321299738461e-05 3.768439444613352388e-10
1.514189325304351951e-05 3.797317841023599165e-10
1.524695727017576197e-05 3.826675383184589999e-10
1.535275028780421074e-05 3.856520171487267917e-10
1.545927736419478539e-05 3.886860444915876946e-10
1.556654359271061883e-05 3.917704583436822491e-10
1.567455410205594862e-05 3.949061110429124956e-10
1.578331405652119747e-05 3.980938695156819159e-10
1.589282865622976477e-05 4.013346155284177420e-10
1.600310313738701696e-05 4.046292459434629487e-10
1.611414277253019959e-05 4.079786729793768098e-10
1.622595287078087002e-05 4.113838244757668001e-10
1.633853877809863804e-05 4.148456441626953242e-10
1.645190587753660725e-05 4.183650919347501410e-10
1.650038915565250777e-05 4.198707084443906752e-10
1.656605958949915094e-05 4.217167004060277043e-10
1.668100537200059254e-05 4.249568839839170075e-10
1.679674872092653225e-05 4.282510528724954350e-10
1.691329517029650513e-05 4.316001222041787231e-10
1.703065029252842484e-05 4.350050227952672230e-10
1.714881969870540916e-05 4.384667014165872473e-10
1.726780903884356100e-05 4.419861210687973032e-10
1.738762400216250392e-05 4.455642612624886629e-10
1.750827031735726616e-05 4.492021183031266993e-10
1.762975375287203833e-05 4.529007055809280599e-10
1.775208011717636033e-05 4.566610538657779554e-10
1.787525525904235524e-05 4.604842116072321279e-10
1.799928506782476521e-05 4.643712452397452042e-10
1.812417547374239337e-05 4.683232394931728427e-10
1.822006924451217465e-05 4.713753134116709440e-10
1.824993244816150412e-05 4.722357498825282602e-10
1.837656200388172389e-05 4.758746219938798195e-10
1.850407019542302264e-05 4.795743560724613694e-10
1.863246311931559903e-05 4.833359863740036696e-10
1.876174691439123267e-05 4.871605649070942119e-10
1.889192776207664550e-05 4.910491617397930137e-10
1.902301188668945850e-05 4.950028653115830033e-10
1.915500555573527999e-05 4.990227827507008012e-10
1.928791508020777896e-05 5.031100401969967904e-10
1.942174681489027959e-05 5.072657831303774151e-10
1.955650715865946999e-05 5.114911767049415835e-10
1.969220255479173340e-05 5.157874060889296693e-10
1.982883949127071257e-05 5.201556768105369132e-10
1.996642450109793374e-05 5.245972151097548001e-10
2.010496416260501278e-05 5.291132682962960390e-10
2.010757588029085771e-05 5.291978735958435781e-10
2.024446509976801623e-05 5.332126245526530438e-10
2.038493398252464128e-05 5.373713891545817763e-10
2.052637752709252056e-05 5.415999757552238231e-10
2.066880249629082024e-05 5.458995737480081857e-10
2.081221569986341357e-05 5.502713929729011751e-10
2.095662399480430758e-05 5.547166640698737154e-10
2.110203428568596656e-05 5.592366388385182186e-10
2.124845352498882828e-05 5.638325906038733466e-10
2.139588871343421495e-05 5.685058145886263352e-10
2.154434690031887064e-05 5.732576282917531618e-10
2.169383518385182289e-05 5.780893718737273544e-10
2.184436071149428344e-05 5.830024085484345469e-10
2.199593068030074845e-05 5.879981249818505801e-10
2.214855233726359179e-05 5.930779316976706081e-10
2.217976479060578291e-05 5.941133984965039838e-10
2.230223297965941006e-05 5.977920157071340014e-10
2.245697995539771554e-05 6.024704401501698679e-10
2.261280066337279372e-05 6.072276672134775418e-10
2.276970255381680078e-05 6.120650420441732607e-10
2.292769312865648647e-05 6.169839329430176348e-10
2.308677994187171946e-05 6.219857317649954360e-10
2.324697059985645546e-05 6.270718543268446347e-10
2.324697059985645546e-05 1.0