# Mainz
# 10.1103/PhysRevLett.111.100801
# lambda [m]   g_p_N * g_s_N [dimensionless]
0.0000894086443406474	1.9759440716631235e-15
0.00010793595041756717	5.95179394616392e-17
0.00014985473193107818	4.303311824915579e-19
0.00018460993298047312	1e-20
0.00023911296547683206	8.503103488959756e-22
0.00030970711779182707	7.230276894396077e-23
0.00041634005574746227	6.999554872984434e-24
0.000581277565538187	6.776195315271124e-25
0.000704259920219161	4.033051825545565e-25
0.000823213059707977	1.626550702753615e-25
0.0010577606834149022	6.55996328108289e-26
0.0014125061684721653	2.3237916299956202e-26
0.0019602932730244478	7.230276894396076e-27
0.0025154599266535653	3.779764908822376e-27
0.0035553132383571383	1.3389382961641627e-27
0.007497193281271217	2.8229567558496e-28
0.013298091326686256	1.0000000000000001e-28
0.02355597581461669	4.5916822950702696e-29
0.05862308728575503	2.4003893439847445e-29
0.09965407906999528	2.108354629886178e-29
0.1570524666312486	1.8518492662458252e-29
0.28777857672138957	1.8518492662458252e-29
0.5174316392756286	1.8518492662458252e-29
