# Moon
# https://arxiv.org/pdf/2302.09096.pdf
# mass [eV]  g_s_nucleon * g_p_nucleon
4.171702195281037e-18	3.17448375803208e-33
9.418429137680734e-18	3.097053066407039e-33
1.1195802711418032e-17	3.203185026342402e-33
1.3357979939624521e-17	3.217632824999254e-33
1.5937725294626143e-17	3.217632824999254e-33
1.9015681166991335e-17	3.217632824999254e-33
2.2688063921304454e-17	3.217632824999254e-33
2.7069671602967685e-17	3.217632824999254e-33
3.229747250511054e-17	3.217632824999254e-33
3.853488677358034e-17	3.217632824999254e-33
4.59768948922459e-17	3.217632824999254e-33
5.4856132738968043e-17	3.217632824999254e-33
6.545016374263214e-17	3.217632824999254e-33
7.809015546760078e-17	3.221584431189944e-33
9.317123185410642e-17	3.261368394252169e-33
1.1116482472382042e-16	3.261368394252169e-33
1.3263341065649993e-16	3.289509132208794e-33
1.5824809390992735e-16	3.3260471595210244e-33
1.8880958502214345e-16	3.375396619814171e-33
2.2527323088343154e-16	3.450797095130948e-33
2.687788787137472e-16	3.51577878445053e-33
3.2068650748832725e-16	3.678215698447968e-33
3.826187406436317e-16	3.8680456334419955e-33
4.565115690034038e-16	4.128025704597082e-33
5.446748695147016e-16	4.4873372163291364e-33
6.498646115990248e-16	5.005284138732595e-33
7.753690082765095e-16	5.778215282072865e-33
9.251113051323404e-16	6.929194560057228e-33
1.1037724202905705e-15	8.749016235356982e-33
1.2959661993431916e-15	1.1344484338399343e-32
1.497395064827881e-15	1.5108404164127113e-32
1.7025807020436018e-15	2.053496772518014e-32
1.9050553664131156e-15	2.7743644503457045e-32
2.1145686574218876e-15	3.8583122424449376e-32
2.3723763638495986e-15	5.530367876948272e-32
2.5798226993887e-15	7.555498405001567e-32
2.75581535601986e-15	1.0268145500291805e-31
2.9438140374043613e-15	1.4059774007754625e-31
3.155071267420658e-15	1.9611696880289677e-31
3.3145255617911346e-15	2.6479235990024483e-31
3.478048338379812e-15	3.5238185818863566e-31
3.6538255860475486e-15	4.789999924749594e-31
3.86055551717827e-15	6.721686961183778e-31
4.051016790013558e-15	9.612972593136207e-31
4.2508745075544045e-15	1.3778893850585956e-30
4.460592245265804e-15	1.9928743663699508e-30
4.718375202518397e-15	2.7929572011919917e-30
4.872314348787666e-15	3.67524441729635e-30
5.031275830021196e-15	5.002264000340342e-30
5.189469890517241e-15	7.033103516242924e-30
5.408159464914542e-15	9.649781844514908e-30
5.539959747022107e-15	1.2870719201773434e-29
5.732193775150491e-15	1.8510805152964702e-29
5.970901032776657e-15	2.728960961542447e-29
6.2237101435476e-15	3.949182436429012e-29
6.426761529883646e-15	5.901230588569488e-29
6.636437560449935e-15	8.803290858890575e-29
6.852954367290497e-15	1.3154684579103527e-28
7.076535133856021e-15	1.9656936155976723e-28
7.258698183285064e-15	2.808061620858428e-28
7.45551694381795e-15	3.94555250177728e-28
7.698756589684749e-15	6.10997278223225e-28
7.949932040106414e-15	1.0120055478560742e-27
8.209302204331449e-15	1.690406367759654e-27
8.477134438640986e-15	2.823575121911063e-27
8.753704821936814e-15	4.7163667986185484e-27
9.039298440321147e-15	7.87799680146502e-27
9.334209680960396e-15	1.1839766086001155e-26
9.485254023350766e-15	1.5678384447633013e-26
9.690455339426004e-15	2.1503258221872607e-26
9.847264378887847e-15	2.993346158107566e-26
1.0006610871337777e-14	4.1950901918495546e-26
1.0168535877340257e-14	5.879300551352998e-26
