# Union of nucleon-nucleon limits 
#  m [eV] 	 g_s*g_p [dimensionless]
2.265218962954004471e-19 1.000000000000000000e+00
2.350254163062517474e-19 3.007473795603102372e-34
2.438481542547858249e-19 3.007477112134071234e-34
2.530020934245808756e-19 3.007480553165973572e-34
2.624996669457631915e-19 3.007484123372512242e-34
2.723537746820179357e-19 3.007487827602839781e-34
2.825778007515297741e-19 3.007491670888142823e-34
2.931856317056703760e-19 3.007495658448475816e-34
3.041916753900858894e-19 3.007499795699853049e-34
3.156108805138181356e-19 3.007504088261601530e-34
3.274587569530643657e-19 3.007508541963996118e-34
3.397513968171075661e-19 3.007513162856177316e-34
3.525054963050501631e-19 3.007517957214366282e-34
3.657383783830637945e-19 3.007522931550392020e-34
3.794680163129072426e-19 3.007528092620532882e-34
3.937130580636917291e-19 3.007533447434695915e-34
4.084928516400800397e-19 3.007539003265935320e-34
4.238274713612661779e-19 3.007544767660333561e-34
4.397377451264527843e-19 3.007550748447247672e-34
4.562452827038933947e-19 3.007556953749946007e-34
4.733725050818596331e-19 3.007563391996640129e-34
4.911426749214282555e-19 3.007570071931932798e-34
5.095799281524846081e-19 3.007577002628694023e-34
5.287093067557918421e-19 3.007584193500385719e-34
5.485567927756786150e-19 3.007591654313846071e-34
5.691493436095871440e-19 3.007599395202555431e-34
5.905149286223344245e-19 3.007607426680400838e-34
6.126825671348520643e-19 3.007615759655954147e-34
6.356823678390489296e-19 3.007624405447290688e-34
6.595455696922397165e-19 3.007633375797360013e-34
6.843045843467600138e-19 3.007642682889936533e-34
7.099930401723354443e-19 3.007652339366167565e-34
7.366458279310841666e-19 3.007662358341743170e-34
7.642991481670878493e-19 3.007672753424708743e-34
7.929905603749389360e-19 3.007683538733950706e-34
8.227590340141091827e-19 3.007694728918369858e-34
8.536450014383157921e-19 3.007706339176780850e-34
8.856904128118268112e-19 3.007718385278552777e-34
9.189387930873607120e-19 3.007730883585031060e-34
9.534353011228460580e-19 3.007743851071756040e-34
9.892267910173918221e-19 3.007757305351522302e-34
1.026361875749849184e-18 3.007771264698300565e-34
1.064890993206265726e-18 3.007785748072055901e-34
1.104866474685972372e-18 3.007800775144502932e-34
1.146342615979433913e-18 3.007816366325821065e-34
1.189375751114250908e-18 3.007832542792378555e-34
1.234024328869542592e-18 3.007849326515494440e-34
1.280348992162733540e-18 3.007866740291279430e-34
1.328412660416391047e-18 3.007884807771599345e-34
1.378280615017071208e-18 3.007903553496198760e-34
1.430020587982342877e-18 3.007923002926033586e-34
1.483702853956234395e-18 3.007943182477849799e-34
1.539400325658135391e-18 3.007964119560066062e-34
1.597188652914915324e-18 3.007985842609998703e-34
1.657146325410549814e-18 3.008008381132487656e-34
1.719354779292910483e-18 3.008031765739969548e-34
1.783898507782644925e-18 3.008056028194056503e-34
1.850865175934137656e-18 3.008081201448676278e-34
1.920345739704534444e-18 3.008107319694830598e-34
1.992434569492695008e-18 3.008134418407034543e-34
2.067229578315605719e-18 3.008162534391499018e-34
2.144832354796456516e-18 3.008191705836121712e-34
2.225348301145186226e-18 3.008221972362355415e-34
2.308886776318593062e-18 3.008253375079022101e-34
2.395561244554597009e-18 3.008285956638149337e-34
2.485489429482578629e-18 3.008319761292900428e-34
2.578793474018773447e-18 3.008354834957679973e-34
2.675600106264049269e-18 3.008391225270497808e-34
2.776040811629600142e-18 3.008428981657670012e-34
2.880252011423961547e-18 3.008468155400952338e-34
2.988375248144082973e-18 3.008508799707192893e-34
3.100557377722352147e-18 3.008550969780598562e-34
3.216950768990267515e-18 3.008594722897713543e-34
3.337713510629860947e-18 3.008640118485216897e-34
3.463009625894220159e-18 3.008687218200634485e-34
3.593009295388275999e-18 3.008736086016086737e-34
3.727889088212654331e-18 3.008786788305173600e-34
3.867832201784824160e-18 3.008839393933129675e-34
4.013028710662717923e-18 3.008893974350354733e-34
4.163675824709245685e-18 3.008950603689462008e-34
4.319978156947984796e-18 3.009009358865965743e-34
4.482148001474409423e-18 3.009070319682751218e-34
4.650405621799251639e-18 3.009133568938463697e-34
4.824979550016664249e-18 3.009199192539970248e-34
5.006106897202605922e-18 3.009267279619037676e-34
5.194033675465662539e-18 3.009337922653395940e-34
5.389015132087234334e-18 3.009411217592343122e-34
5.591316096205619080e-18 3.009487263987066873e-34
5.801211338514058415e-18 3.009566165125856372e-34
6.018985944461648503e-18 3.009648028174393389e-34
6.244935701464462733e-18 3.009732964321305070e-34
6.479367500651961230e-18 3.009821088929185403e-34
6.722599753694742990e-18 3.009912521691283376e-34
6.974962825280277758e-18 3.010007386794072504e-34
7.236799481823103361e-18 3.010105813085925799e-34
7.508465357019338835e-18 3.010207934252120708e-34
7.790329434878439414e-18 3.010313888996413060e-34
8.082774550887177502e-18 3.010423821229429778e-34
8.386197911987057204e-18 3.010537880264131791e-34
8.701011636072013389e-18 3.010656221018613591e-34
9.027643311738006744e-18 3.010779004226519516e-34
9.366536579045300313e-18 3.010906396655355174e-34
9.718151732082934761e-18 3.011038571332995486e-34
1.008296634415252823e-17 3.011175707782696822e-34
1.046147591642111493e-17 3.011317992266929694e-34
1.085419455092484869e-17 3.011465618040365554e-34
1.126165564883619284e-17 3.011618785612360679e-34
1.168441263494367434e-17 3.011777703019293364e-34
1.212303970932908771e-17 3.011942586107125181e-34
1.257813262726145986e-17 3.012113658824567776e-34
1.305030950836781565e-17 3.012291153527257179e-34
1.354021167618073055e-17 3.012475311293344879e-34
1.404850452920117990e-17 3.012666382250937159e-34
1.457587844466059562e-17 3.012864625917825727e-34
1.512304971621075506e-17 3.013070311553972359e-34
1.569076152681304556e-17 3.013283718527223500e-34
1.627978495814947282e-17 3.013505136692757332e-34
1.689092003792759056e-17 3.013734866786772602e-34
1.752499682649964146e-17 3.013973220834955069e-34
1.818287654427274028e-17 3.014220522576280910e-34
1.886545274144278803e-17 3.014477107902728424e-34
1.957365251163834397e-17 3.014743325315493308e-34
2.030843775112402527e-17 3.015019536398334436e-34
2.107080646527520375e-17 3.015306116308686886e-34
2.186179412409572297e-17 3.015603454287209784e-34
2.268247506862097091e-17 3.015911954186463431e-34
2.353396397011826358e-17 3.016232035019435471e-34
2.441741734406310145e-17 3.016564131528652028e-34
2.533403512095044433e-17 3.016908694776660287e-34
2.628506227607225428e-17 3.017266192758671496e-34
2.727179052047836302e-17 3.017637111038206418e-34
2.829556005541202142e-17 3.018021953406599813e-34
2.935776139260931334e-17 3.018421242567264126e-34
3.045983724292930970e-17 3.018835520845639937e-34
3.160328447588380824e-17 3.019265350925797088e-34
3.278965615272536984e-17 3.019711316614686309e-34
3.402056363585930214e-17 3.020174023635083073e-34
3.529767877743797563e-17 3.020654100448296654e-34
3.662273619011794893e-17 3.021152199107762646e-34
3.799753560305717562e-17 3.021668996144681302e-34
3.942394430635684300e-17 3.022205193486898645e-34
4.090389968726454052e-17 3.022761519412285487e-34
4.243941186158871774e-17 3.023338729537904131e-34
4.403256640389028060e-17 3.023937607846307254e-34
4.568552718016920862e-17 3.024558967750365654e-34
4.740053928688512940e-17 3.025203653198066882e-34
4.917993210030934744e-17 3.025872539818788753e-34
5.102612244034571799e-17 3.026566536112603530e-34
5.294161785312378687e-17 3.027286584684226245e-34
5.492902001681529483e-17 3.028033663523287812e-34
5.699102827530312511e-17 3.028808787332665734e-34
5.913044330450652466e-17 3.029613008906682610e-34
6.135017091633432673e-17 3.030447420561038674e-34
6.365322600543649889e-17 3.031313155616426710e-34
6.604273664411933047e-17 3.032211389937836691e-34
6.852194833097727342e-17 3.033143343531650722e-34
7.109422839901595365e-17 3.034110282202685315e-34
7.376307058925918135e-17 3.035113519273446222e-34
7.653209979604177527e-17 3.036154417367915352e-34
7.940507699043817401e-17 3.037234390262306050e-34
8.238590432851961681e-17 3.038354904805291450e-34
8.547863045136742349e-17 3.039517482910319207e-34
8.868745598404563529e-17 3.040723703622714897e-34
9.201673924100880473e-17 3.041975205264384971e-34
9.547100214568178650e-17 3.043273687659031925e-34
9.905493637225712168e-17 3.044620914440897444e-34
1.027734097180596397e-16 3.046018715450182656e-34
1.066314727151191644e-16 3.047468989218384891e-34
1.106343654899403944e-16 3.048973705546934467e-34
1.147875248807866640e-16 3.050534908182634298e-34
1.190965918221434843e-16 3.052154717593533029e-34
1.235674190063871657e-16 3.053835333848999634e-34
1.282060788330725090e-16 3.055579039607920982e-34
1.330188716566335353e-16 3.057388203219069981e-34
1.380123343436936083e-16 3.059265281937862151e-34
1.431932491516177371e-16 3.061212825263864718e-34
1.485686529403615951e-16 3.063233478403601065e-34
1.541458467301231886e-16 3.065329985863337926e-34
1.599324056177897159e-16 3.067505195176750992e-34
1.659361890656427837e-16 3.069762060772523634e-34
1.721653515762910329e-16 3.072103647987130214e-34
1.786283537683398882e-16 3.074533137228260688e-34
1.853339738678371779e-16 3.077053828294539508e-34
1.922913196310949649e-16 3.079669144857398810e-34
1.995098407150950060e-16 3.082382639111203636e-34
2.069993415122733803e-16 3.085197996597940762e-34
2.147699944671091626e-16 3.088119041213020908e-34
2.228323538926185912e-16 3.091149740398996833e-34
2.311973703055138676e-16 3.094294210534255557e-34
2.398764052994888943e-16 3.097556722523993103e-34
2.488812469768481902e-16 3.100941707601074408e-34
2.582241259594327292e-16 3.104453763344657267e-34
2.679177320005784097e-16 3.108097659924747429e-34
2.779752312206883481e-16 3.111878346581174407e-34
2.884102839898206521e-16 3.115800958345785449e-34
2.992370634815691162e-16 3.119870823016983569e-34
3.104702749234582009e-16 3.124093468396090893e-34
3.221251755699880957e-16 3.128474629795359402e-34
3.342175954254469100e-16 3.133020257827826216e-34
3.467639587446586380e-16 3.137736526489600984e-34
3.597813063408584473e-16 3.142629841545556110e-34
3.732873187309824242e-16 3.147706849229810505e-34
3.873003401498323356e-16 3.152974445272824765e-34
4.018394034657209534e-16 3.158439784267375103e-34
4.169242560314244430e-16 3.164110289386111322e-34
4.325753865055802963e-16 3.169993662463916365e-34
4.488140526809483720e-16 3.176097894458747321e-34
4.656623103573151739e-16 3.182431276305172694e-34
4.831430432982882289e-16 3.189002410175345511e-34
5.012799943126545808e-16 3.195820221162710721e-34
5.200977975025006030e-16 3.202893969404308159e-34
5.396220117219275692e-16 3.210233262658143414e-34
5.598791552917915556e-16 3.217848069352711788e-34
5.808967420175960034e-16 3.225748732126382289e-34
6.027033185595115936e-16 3.233945981875060217e-34
6.253285032052130729e-16 3.242450952327174689e-34
6.488030260982530980e-16 3.251275195165816585e-34
6.731587709765905736e-16 3.260430695718553765e-34
6.984288184779384467e-16 3.269929889236221846e-34
7.246474910707961538e-16 3.279785677782826167e-34
7.518503996721732773e-16 3.290011447759480844e-34
7.800744920152882155e-16 3.300621088086175096e-34
8.093581028330125506e-16 3.311629009066094393e-34
8.397410059251304443e-16 3.323050161958078005e-34
8.712644681802084951e-16 3.334900059283831537e-34
9.039713056254210900e-16 3.347194795897461574e-34
9.379059415804268450e-16 3.359951070845936562e-34
9.731144669943448278e-16 3.373186210050194227e-34
1.009644703047751402e-15 3.386918189837683628e-34
1.047546266104690553e-15 3.401165661358295305e-34
1.086870635102985330e-15 3.415947975916867530e-34
1.127671221474350678e-15 3.431285211256660970e-34
1.170003441689231690e-15 3.447198198829488076e-34
1.213924792524980007e-15 3.463708552089564377e-34
1.259494929159561378e-15 3.480838695849498948e-34
1.306775746196818235e-15 3.498611896738274737e-34
1.355831461733424334e-15 3.517052294802624814e-34
1.406728704581675069e-15 3.536184936294711167e-34
1.459536604766525637e-15 3.556035807690613366e-34
1.514326887419894591e-15 3.576631870985877025e-34
1.571173970199715643e-15 3.598001100316040263e-34
1.630155064365996384e-15 3.620172519951852848e-34
1.691350279651276060e-15 3.644006889975440367e-34
1.754842733067874376e-15 3.669640943491515127e-34
1.820718661799644925e-15 3.696237286704957465e-34
1.889067540331693722e-15 3.723832043495316735e-34
1.959982201977090876e-15 3.752462693814733147e-34
2.033558964965565081e-15 3.782168124594212843e-34
2.109897763265577121e-15 3.812988682560930168e-34
2.189102282317387375e-15 3.844966229038261645e-34
2.271280099861404714e-15 3.878144196802960555e-34
2.356542832053233075e-15 3.912567649076750536e-34
2.445006285063810705e-15 3.948283340732431743e-34
2.536790612370459018e-15 3.985339781797607173e-34
2.632020477952640926e-15 4.023787303342334224e-34
2.730825225614016112e-15 4.063678125840175367e-34
2.833339054660662980e-15 4.105066430095441651e-34
2.939701202174270066e-15 4.148008430833055513e-34
3.050056132127781121e-15 4.192562453050937876e-34
3.164553731600233768e-15 4.238789011238586862e-34
3.283349514357519419e-15 4.286750891569520781e-34
3.406604832075465525e-15 4.336513237179190628e-34
3.534487093492009648e-15 4.388143636644136010e-34
3.667169991786355789e-15 4.441712215782645214e-34
3.804833740493821462e-15 4.497291732901574603e-34
3.947665318276775720e-15 4.554957677618660076e-34
4.095858722884045190e-15 4.614788373394530150e-34
4.249615234644147100e-15 4.676865083913848326e-34
4.409143689849636623e-15 4.741272123459830219e-34
4.574660764404148045e-15 4.808096971432161784e-34
4.746391268117739195e-15 4.877430391163991594e-34
4.924568450049611218e-15 4.949366553199131938e-34
5.109434315313225004e-15 5.024003163197007895e-34
5.301239953774492891e-15 5.101441594639250883e-34
5.500245881088775704e-15 5.181787026517881725e-34
5.706722392540222964e-15 5.265148586192234944e-34
5.920949930164472088e-15 5.351639497608825205e-34
6.143219463652525151e-15 5.441377235085138426e-34
6.373832885553704574e-15 5.534483682866451828e-34
6.613103421314394806e-15 5.631085300672357332e-34
6.861356054709484470e-15 5.731313295457838379e-34
7.118927969244040377e-15 5.835303799622079858e-34
7.386169006125228094e-15 5.943198055907234622e-34
7.663442139426284488e-15 6.055142609238213697e-34
7.951123969087636400e-15 6.171289505763928401e-34
8.249605232425308311e-15 6.291796499370562236e-34
8.559291334841116362e-15 6.416827265947243432e-34
8.880602900455153269e-15 6.537242044251695922e-34
9.213976343409055850e-15 6.599053688940849354e-34
9.559864460615715289e-15 6.663185712216424225e-34
9.918737046760191318e-15 6.729725219943520690e-34
1.029108153238778305e-14 6.798762587898354075e-34
1.067740364594563404e-14 6.870391584519127450e-34
1.107822810067667749e-14 6.944709498264838660e-34
1.149409930729959391e-14 7.021817269755141694e-34
1.192558211344247029e-14 7.101819628870682312e-34
1.237326257083399297e-14 7.184825237000028151e-34
1.283774873129503216e-14 7.270946834626557777e-34
1.331967147261139730e-14 7.360301394455695050e-34
1.381968535540895534e-14 7.453010280290371751e-34
1.433846951219589979e-14 7.549199411870689806e-34
1.487672856977923818e-14 7.648999435901579504e-34
1.543519360630782252e-14 7.752545903500659190e-34
1.601462314424281907e-14 7.859979454307496175e-34
1.661580418060381382e-14 7.971446007504239459e-34
1.723955325588928296e-14 8.087096960006970568e-34
1.788671756312436972e-14 8.207089392097153819e-34
1.855817609854181158e-14 8.331586280772420227e-34
1.925484085545818003e-14 8.460756721106278454e-34
1.997765806296833454e-14 8.594776155917712112e-34
2.072760947113984098e-14 8.733826614062445478e-34
2.150571368445225194e-14 8.878096957669421556e-34
2.231302754529375451e-14 9.027783138658540698e-34
2.315064756939363383e-14 9.183088464887962509e-34
2.401971143513933227e-14 9.344223876292294602e-34
2.492139952880257060e-14 9.511408231387004776e-34
2.585693654777250991e-14 9.684868604528113653e-34
2.682759316397259818e-14 9.864840594330648334e-34
2.783468774972214731e-14 1.005156864366518606e-33
2.887958816838584771e-14 1.024530637166687157e-33
2.996371363224307358e-14 1.044631691820783314e-33
3.108853663009986655e-14 1.065487330130079172e-33
3.225558492726488447e-14 1.087125878791983265e-33
3.346644364060129313e-14 1.109576727874123533e-33
3.472275739147491735e-14 1.132870370732722716e-33
3.602623253952548321e-14 1.157038445429537758e-33
3.737863950029012685e-14 1.182113777703524804e-33
3.878181514982916707e-14 1.208130425555637004e-33
4.023766531962313095e-14 1.235123725507364557e-33
4.174816738512423592e-14 1.263130340595746445e-33
4.331537295148070482e-14 1.292188310170090913e-33
4.494141064008485678e-14 1.322337101558093085e-33
4.662848897972371872e-14 1.353617663671417403e-33
4.837889940626284936e-14 1.386072482623623856e-33
5.019501937493746997e-14 1.419745639435972130e-33
5.207931558947770070e-14 1.455607506425932404e-33
5.403434735245172230e-14 1.504089190105974543e-33
5.606277004138094483e-14 1.554390852225514155e-33
5.816733871534701368e-14 1.606580813875515502e-33
6.035091185698691698e-14 1.660729960886907723e-33
6.261645525496275069e-14 1.716911840109670956e-33
6.496704603217771361e-14 1.775202759306196881e-33
6.740587682520688041e-14 1.835681890794536623e-33
6.993626012062416032e-14 1.898431378982423963e-33
7.256163275411279889e-14 1.963536451938073374e-33
7.528556057846785665e-14 2.031085537149228570e-33
7.811174330683554252e-14 2.101170381627809692e-33
8.104401953776571235e-14 2.173886176523236231e-33
8.408637196889926108e-14 2.249331686413595910e-33
8.724293280637773663e-14 2.327609383450415706e-33
9.051798937731964743e-14 2.408825586539162791e-33
9.391598995298310262e-14 2.492364006866324486e-33
9.744154979053032863e-14 2.574944630621504947e-33
1.010994574015971430e-13 2.660625290170563680e-33
1.048946810561778819e-13 2.749522359324759708e-33
1.088323755306664629e-13 2.841756580510698706e-33
1.129178891092158310e-13 2.937453228766025771e-33
1.171567708479208800e-13 3.036742281891341540e-33
1.215547781116992283e-13 3.139758596989628085e-33
1.261178843941029166e-13 3.246642093632884967e-33
1.308522874306776305e-13 3.357537943904642302e-33
1.357644176168976343e-13 3.472596769576684090e-33
1.408609467421062542e-13 3.591974846687688001e-33
1.461487970513190208e-13 3.715834317801532904e-33
1.516351506472074626e-13 3.844343412233793855e-33
1.573274592450289126e-13 3.977676674545434793e-33
1.632334542937460262e-13 4.116015201613912772e-33
1.693611574770935685e-13 4.259546888603941745e-33
1.757188916088504818e-13 4.408466684171884721e-33
1.823152919371086402e-13 4.562976855250249469e-33
1.891593178729045954e-13 4.723287261772201807e-33
1.962602651591378170e-13 4.889615641709090960e-33
2.036277784963020267e-13 5.062187906808103185e-33
2.112718646421747923e-13 5.241238449431619010e-33
2.192029060032790960e-13 5.427010460915555171e-33
2.274316747365466391e-13 5.619756261878365760e-33
2.359693473803497786e-13 5.819737644929663414e-33
2.448275200347920426e-13 6.027226230244342348e-33
2.540182241118428854e-13 6.242503834484401104e-33
2.635539426767232875e-13 6.465862853569870557e-33
2.734476274027582393e-13 6.697606659819229755e-33
2.837127161626871005e-13 6.938050013997829688e-33
2.943631512803423232e-13 7.187519492834398259e-33
3.054133984675078155e-13 7.446353932586784885e-33
3.168784664716360496e-13 7.714904889258439783e-33
3.287739274611370888e-13 7.993537116091336435e-33
3.411159381759251970e-13 8.282629058983844213e-33
3.539212618719484708e-13 8.582573370506375578e-33
3.672072910894926691e-13 8.889703568074890324e-33
3.809920712762078822e-13 9.205257341050849253e-33
3.952943252969335026e-13 9.532656846677350681e-33
4.101334788635950203e-13 9.872346767902384255e-33
4.255296869197407032e-13 1.022478848085198529e-32
4.415038610155417384e-13 1.059046068148400689e-32
4.580776977104203960e-13 1.096986003576581235e-32
4.752737080419141032e-13 1.136350185425965012e-32
4.931152481007875656e-13 1.177192079203168697e-32
5.116265507539013562e-13 1.219567157483483728e-32
5.308327585579589622e-13 1.263532975255256899e-32
5.507599579088199859e-13 1.309149248092659847e-32
5.714352144727431636e-13 1.356477933262985934e-32
5.928866099477188461e-13 1.405583313878713897e-32
6.151432802048058174e-13 1.456532086208606061e-32
6.382354548612524241e-13 1.509393450266366347e-32
6.621944983391948049e-13 1.564239203800005790e-32
6.870529524656798741e-13 1.621143839809521864e-32
7.128445806718475422e-13 1.680184647725289682e-32
7.396044138513521244e-13 1.741441818384694304e-32
7.673687979402881697e-13 1.804998552949535910e-32
7.961754432832151155e-13 1.870941175912078780e-32
8.260634758523857941e-13 1.939359252343354552e-32
8.570734903897202259e-13 2.010345709542908667e-32
8.892476055436731850e-13 2.083996963255153250e-32
9.226295210759412101e-13 2.160413048623882053e-32
9.572645772156843711e-13 2.239697756062764285e-32
9.931998162418417128e-13 2.321958772226265434e-32
1.030484046377247783e-12 2.407307826272624021e-32
1.069167908081308992e-12 2.495860841617480832e-32
1.109303942831231130e-12 2.587738093384164108e-32
1.150946664485301880e-12 2.683064371764675190e-32
1.194152633325114863e-12 2.781969151513168979e-32
1.238980532877261711e-12 2.884586767802036626e-32
1.285491249618912604e-12 2.991056598679632299e-32
1.333747955675508805e-12 3.101523254377385350e-32
1.383816194622836982e-12 3.216136773723290025e-32
1.435763970510118167e-12 3.335052827928774251e-32
1.489661840224976272e-12 3.458432932025616917e-32
1.545583009325725788e-12 3.586444664240064888e-32
1.603603431471114420e-12 3.719261893602051563e-32
1.663801911582731555e-12 3.857065016099034811e-32
1.726260212879968604e-12 4.000041199694667940e-32
1.791063167933012990e-12 4.148384638545341443e-32
1.858298793884844353e-12 4.302296816760178715e-32
1.928058411998482230e-12 4.461986782062164432e-32
2.000436771691969488e-12 4.627671429722356185e-32
2.075532179229712317e-12 4.799575797153177436e-32
2.153446631244689718e-12 4.977933369560278995e-32
2.234285953273009340e-12 5.159875870671501422e-32
2.318159943489145744e-12 5.347841425359493639e-32
2.405182521836757435e-12 5.542863114053889780e-32
2.495471884757856634e-12 5.745205820537225596e-32
2.589150665730458268e-12 5.955144372198291659e-32
2.686346101832753881e-12 6.172963913310268996e-32
2.787190206559920785e-12 6.398960292321329344e-32
2.891819949128486528e-12 6.633440463684140501e-32
3.000377440511694251e-12 6.876722904769862480e-32
3.113010126458438925e-12 7.129138048432662697e-32
3.229870987758140142e-12 7.391028731812704377e-32
3.351118748023469342e-12 7.662750661987009902e-32
3.476918089273017415e-12 7.944672899100347811e-32
3.607439875606943122e-12 8.237178357632878412e-32
3.742861385279308499e-12 8.540664326485167564e-32
3.883366551482152833e-12 8.855543008586609593e-32
4.029146212168622770e-12 9.182242080760809507e-32
4.180398369254335722e-12 9.521205274608022755e-32
4.337328457548895882e-12 9.872892979193320809e-32
4.500149623783105591e-12 1.023778286635968932e-31
4.669083016110732489e-12 1.061637053951509793e-31
4.844358084477861983e-12 1.100917020677434209e-31
5.026212892268128653e-12 1.141671537937064026e-31
5.214894439646970649e-12 1.183955959628533483e-31
5.410658999043874247e-12 1.232587535352058061e-31
5.613772463228645173e-12 1.290035005598539998e-31
5.824510706454298255e-12 1.349639025480198014e-31
6.043159959156863776e-12 1.411480550804287609e-31
6.270017196721447806e-12 1.475643576419049631e-31
6.505390542842386293e-12 1.542215250297827749e-31
6.749599688025109902e-12 1.611285991905784368e-31
7.002976323798588028e-12 1.682949615010105734e-31
7.265864593227908807e-12 1.757303455100448333e-31
7.538621558338618457e-12 1.834448501592610093e-31
7.821617685088195612e-12 1.914489534995135463e-31
8.115237346543122300e-12 1.997535269225090461e-31
8.419879344944696888e-12 2.083698499266220012e-31
8.735957453373213063e-12 2.173096254370201481e-31
9.063900977745966133e-12 2.265849957008997888e-31
9.404155339912063030e-12 2.362085587794118650e-31
9.757182682636636591e-12 2.461933856586951810e-31
1.012346249729588841e-11 2.565530380032499978e-31
1.050349227513514529e-11 2.673015865757550766e-31
1.089778818297514829e-11 2.784536303483640321e-31
1.130688576428402267e-11 2.900243163314310727e-31
1.173134066656700711e-11 3.020293601465930423e-31
1.217172939606172680e-11 3.144850673721461931e-31
1.262865010076527330e-11 3.274083556897438382e-31
1.310272338285487606e-11 3.408167778624460656e-31
1.359459314160639672e-11 3.547285455753522095e-31
1.410492744795653865e-11 3.691625541712268869e-31
1.463441945189473378e-11 3.841384083146619094e-31
1.518378832391801354e-11 3.996764486196565956e-31
1.575378023182872258e-11 4.157977792768148678e-31
1.634516935419966902e-11 4.325242967176242937e-31
1.695875893188418370e-11 4.498787193547748773e-31
1.759538235900056945e-11 4.678846184389497898e-31
1.825590431487030125e-11 4.865664500739298493e-31
1.894122193844899856e-11 5.059495884335377427e-31
1.965226604684518400e-11 5.260603602255381967e-31
2.039000239958175511e-11 5.469260804492986907e-31
2.115543301031644935e-11 5.685750894957529190e-31
2.194959750780438068e-11 5.910367916401009579e-31
2.277357454795048844e-11 6.143416949795058138e-31
2.362848327886889920e-11 6.385214528700095954e-31
2.451548486094071329e-11 6.636089069189931014e-31
2.543578404393403496e-11 6.896381315915513119e-31
2.639063080332742879e-11 7.166444804913473266e-31
2.738132203806101370e-11 7.446646343788488630e-31
2.840920333202036593e-11 7.737366509921485064e-31
2.947567078164462291e-11 8.039000167380045340e-31
3.058217289214310572e-11 8.351957003233651701e-31
3.173021254489504659e-11 8.676662084001966750e-31
3.292134903870334576e-11 9.033474580866457873e-31
3.415720020767715456e-11 9.415362765178107307e-31
3.543944461861875489e-11 9.811586843150901952e-31
3.676982385089800748e-11 1.022268497714620549e-30
3.815014486191338801e-11 1.064921553187439736e-30
3.958228244135135963e-11 1.109175783278121354e-30
4.106818175757596528e-11 1.155091295290309278e-30
4.260986099961009352e-11 1.202730452926114315e-30
4.420941411829540255e-11 1.252157960990211372e-30
4.586901367035253657e-11 1.303440953273642064e-30
4.759091376920746316e-11 1.356649083736776450e-30
4.937745314659045845e-11 1.411854621115243169e-30
5.123105832906427747e-11 1.469132547077264331e-30
5.315424693379932790e-11 1.528560658065820155e-30
5.514963108807070026e-11 1.590219670963924186e-30
5.721992097711950265e-11 1.654193332726457036e-30
5.936792852520105316e-11 1.720568534127586554e-30
6.159657121481791702e-11 1.789435427778212780e-30
6.390887604932263394e-11 1.860887550573653368e-30
6.630798366427830629e-11 1.935021950738070722e-30
6.879715259315373810e-11 2.011939319637962362e-30
7.137976369315340597e-11 2.091744128543951826e-30
7.405932473719080472e-11 2.174544770526542657e-30
7.683947517823978343e-11 2.260453707678498645e-30
7.972399109253968762e-11 2.349587623863950799e-30
8.271679030836623230e-11 2.442067583201639018e-30
8.582193772733098894e-11 2.538019194497447659e-30
8.904365084544252183e-11 2.637572781849737567e-30
9.238630548142588572e-11 2.740863561659134416e-30
9.585444172007686155e-11 2.848031826283070837e-30
9.945277007873011944e-11 2.959223134584719432e-30
1.031861779052137986e-10 3.074588509635068908e-30
1.070597360159762884e-10 3.194284643836491972e-30
1.110787055834087684e-10 3.318474111746692116e-30
1.152485452817146295e-10 3.447325590891945500e-30
1.195749187010270801e-10 3.581014090869439443e-30
1.240637020398532393e-10 3.719721191050127178e-30
1.287209920862889223e-10 3.863635287204834024e-30
1.335531144988397418e-10 4.012951847388446848e-30
1.385666323981045679e-10 4.167873677430003786e-30
1.437683552809869196e-10 4.328611196389165473e-30
1.491653482695363276e-10 4.393739303180189920e-30
1.547649417069914179e-10 4.393739303180189920e-30
1.605747411140543361e-10 4.393739303180189920e-30
1.666026375189121785e-10 4.393739303180189920e-30
1.728568181750521454e-10 4.393739303180189920e-30
1.793457776814080643e-10 4.393739303180189920e-30
1.860783295199585504e-10 4.393739303180189920e-30
1.930636180264412787e-10 4.393739303180189920e-30
2.003111308104348295e-10 4.393739303180189920e-30
2.078307116416914328e-10 4.393725191670250945e-30
2.156325738202161800e-10 4.393705943784635579e-30
2.237273140482451538e-10 4.393685973342909405e-30
2.321259268229780354e-10 4.393665253220671945e-30
2.408398193696073014e-10 4.393643755275288809e-30
2.498808271349174617e-10 4.393621450307663572e-30
2.592612298625146116e-10 4.393598308022578930e-30
2.689937682715126499e-10 4.393574296987552467e-30
2.790916613613199475e-10 4.393549384590139802e-30
2.895686243660478376e-10 4.393523536993643740e-30
3.004388873829200347e-10 4.393496719091152385e-30
3.117172146999721168e-10 4.393468894457858561e-30
3.234189248493139289e-10 4.393440025301584865e-30
3.355599114131823862e-10 4.393410072411455508e-30
3.481566646110309801e-10 4.393378995104637161e-30
3.612262936969996533e-10 4.393346751171083659e-30
3.747865501981757157e-10 4.393313296816203272e-30
3.888558520251938002e-10 4.393278586601378488e-30
4.034533084879490451e-10 4.393242573382247232e-30
4.185987462503888322e-10 4.393205208244671923e-30
4.343127362596174595e-10 4.393166440438302522e-30
4.506166216859317922e-10 4.393126217307646652e-30
4.675325469116856388e-10 4.393084484220548734e-30
4.850834876083997643e-10 4.393041184493991228e-30
5.032932819429520890e-10 4.392996259317103091e-30
5.221866629552153831e-10 4.392949647671282266e-30
5.417892921511528612e-10 4.392901286247319383e-30
5.621277943569829843e-10 4.392851109359406379e-30
5.832297938817322323e-10 4.392799048855925637e-30
6.051239520373326064e-10 4.392745034026878803e-30
6.278400060672049517e-10 4.392688991507850203e-30
6.514088095361810128e-10 4.392630845180361203e-30
6.758623742366643025e-10 4.392570516068481714e-30
7.012339136679290563e-10 4.392507922231564295e-30
7.275578881475853984e-10 4.392442978652950925e-30
7.548700516165317900e-10 4.392375597124499709e-30
7.832075002009431155e-10 4.392305686126779458e-30
8.126087225972238057e-10 4.392233150704763310e-30
8.431136523484149995e-10 4.392157892338861625e-30
8.747637220830336327e-10 4.392079808811105690e-30
9.076019197899796911e-10 4.391998794066316874e-30
9.416728472060055697e-10 4.391914738068055950e-30
9.770227803950254576e-10 4.391827526649171811e-30
1.013699732601505527e-09 4.391737041356734484e-30
1.051753519463374206e-09 4.391643159291147845e-30
1.091235826672996116e-09 4.391545752939227652e-30
1.132200280178063950e-09 4.391444690001006657e-30
1.174702519017837942e-09 4.391339833210044002e-30
1.218800270893622378e-09 4.391231040146981760e-30
1.264553430576072690e-09 4.391118163046111091e-30
1.312024141255947430e-09 4.391001048594672677e-30
1.361276878948651204e-09 4.390879537724620264e-30
1.412378540067334308e-09 4.390753465396571968e-30
1.465398532283445515e-09 4.390622660375650164e-30
1.520408868798091946e-09 4.390486944998903077e-30
1.577484266152351609e-09 4.390346134934001186e-30
1.636702245709339342e-09 4.390200038928868629e-30
1.698143238945801167e-09 4.390048458551923104e-30
1.761890696696359767e-09 4.389891187922557831e-30
1.828031202498739247e-09 4.389728013431508939e-30
1.896654590193847332e-09 4.389558713450727831e-30
1.967854065940571561e-09 4.389383058032357749e-30
2.041726334810953713e-09 4.389200808596413775e-30
2.118371732137611771e-09 4.389011717606734662e-30
2.197894359791950976e-09 4.388815528234777003e-30
2.280402227578194987e-09 4.388611974010777390e-30
2.366007399935199270e-09 4.388400778461831353e-30
2.454826148145456831e-09 4.388181654736377602e-30
2.546979108257958657e-09 4.387954305214589410e-30
2.642591444939310789e-09 4.387718421104138542e-30
2.741793021475831362e-09 4.387473682020785220e-30
2.844718576157443676e-09 4.387219755553224509e-30
2.951507905282838229e-09 4.386956296811594252e-30
3.062306053034650555e-09 4.386682947959037812e-30
3.177263508482470132e-09 4.386399337725681216e-30
3.296536409981118574e-09 4.386105080904360488e-30
3.420286757242124856e-09 4.385799777827426545e-30
3.548682631366069470e-09 4.385483013823903898e-30
3.681898423134957721e-09 4.385154358656275165e-30
3.820115069874592386e-09 4.384813365936116489e-30
3.963520301208498541e-09 4.384459572517805439e-30
4.112308894037465320e-09 4.384092497869460616e-30
4.266682937090906971e-09 4.383711643420272877e-30
4.426852105409188505e-09 4.383316491883328553e-30
4.593033945130043034e-09 4.382906506553022223e-30
4.765454168965729432e-09 4.382481130576083736e-30
4.944346962772092228e-09 4.382039786195245579e-30
5.129955303626239126e-09 4.381581873964519945e-30
5.322531289844703024e-09 4.381106771935012093e-30
5.522336483390139991e-09 4.380613834810171393e-30
5.729642265131980528e-09 4.380102393069337985e-30
5.944730203443416888e-09 4.379571752058372953e-30
6.167892436635111159e-09 4.379021191046166863e-30
6.399432069745493911e-09 4.378449962245719985e-30
6.639663586226382059e-09 4.377857289798479063e-30
6.888913275082838577e-09 4.377242368720543356e-30
7.147519674047880420e-09 4.376604363809314119e-30
7.415834029393758899e-09 4.375942408509101459e-30
7.694220773004069190e-09 4.375255603734140825e-30
7.983058017355163823e-09 4.374543016647435666e-30
8.282738069078944484e-09 4.373803679393746797e-30
8.593667961804209720e-09 4.373036587785030106e-30
8.916270009001118308e-09 4.372240699936516328e-30
9.250982377578629856e-09 4.371414934851598578e-30
9.598259683014864597e-09 4.370558170953592457e-30
9.958573606828377385e-09 4.369669244562376787e-30
1.033241353722865042e-08 4.368746948313855759e-30
1.072028723381662403e-08 4.367790029520082398e-30
1.112272151723779245e-08 4.366797188467822288e-30
1.154026298472412697e-08 4.365767076653249613e-30
1.197347875249748193e-08 4.364698294950370892e-30
1.242295722604248727e-08 4.363589391710694006e-30
1.288930889929465450e-08 4.362438860791561316e-30
1.337316718383004383e-08 4.361245139510464803e-30
1.387518926918233175e-08 4.360006606522564448e-30
1.439605701545525794e-08 4.358721579618539984e-30
1.493647787944378490e-08 4.357388313439763239e-30
1.549718587552143382e-08 4.356004997107706117e-30
1.607894257259826858e-08 4.354569751764354898e-30
1.668253812850477417e-08 4.353080628020295806e-30
1.730879236320600018e-08 4.351535603307000088e-30
1.795855587230301318e-08 4.349932579129716409e-30
1.863271118233526627e-08 4.348269378217236779e-30
1.933217394945247826e-08 4.346543741564669139e-30
2.005789420308335812e-08 4.344753325365194186e-30
2.081085763629173987e-08 4.342895697826643863e-30
2.159208694457207008e-08 4.340968335868572916e-30
2.240264321490185486e-08 4.338968621695344264e-30
2.324362736693920547e-08 4.336893839240568161e-30
2.411618164832226416e-08 4.334741170478061378e-30
2.502149118610047778e-08 4.332507691594334969e-30
2.596078559640729104e-08 4.330190369017383790e-30
2.693534065455765554e-08 4.327786055296410787e-30
2.794648002784118390e-08 4.325291484826872460e-30
2.899557707336355962e-08 4.322703269415042021e-30
3.008405670337697789e-08 4.320017893676079374e-30
3.121339732063520381e-08 4.317231710259331507e-30
3.238513282640094275e-08 4.314340934894406812e-30
3.360085470383164875e-08 4.311341641251273971e-30
3.486221417957580908e-08 4.308229755607412560e-30
3.617092446651446241e-08 4.305001051314771347e-30
3.752876309069287511e-08 4.301651143059023332e-30
3.893757430560536224e-08 4.298175480903307391e-30
4.039927159711124429e-08 4.294569344108382231e-30
4.191584028238260472e-08 4.290827834720789089e-30
4.348934020641676999e-08 4.286945870920318996e-30
4.512190853977455385e-08 4.282918180117740622e-30
4.681576268134263284e-08 4.278739291793433651e-30
4.857320327006573772e-08 4.274403530067173927e-30
5.039661730973791097e-08 4.269905005988997157e-30
5.228848141109508211e-08 4.265237609540670649e-30
5.425136515561590815e-08 4.260395001336899028e-30
5.628793458559820635e-08 4.255370604014993968e-30
5.840095582524909638e-08 4.250157593301323237e-30
6.059329883771103307e-08 4.244748888742398176e-30
6.286794132312488655e-08 4.239137144088003364e-30
6.522797276302180865e-08 4.233314737313325171e-30
6.767659861654353173e-08 4.228204964767651504e-30
7.021714467418255240e-08 4.228263449329333817e-30
7.285306157496242446e-08 4.228324129372550984e-30
7.558792949319079211e-08 4.228387087314595114e-30
7.842546300114814108e-08 4.228452408666661372e-30
8.136951611432210256e-08 4.228520182149993902e-30
8.442408752603755645e-08 4.228590499816388390e-30
8.759332603858916699e-08 4.228663457173219411e-30
9.088153619825878531e-08 4.228739153313160734e-30
9.429318414186899424e-08 4.228817691048777233e-30
9.783290366280981146e-08 4.228899177052165687e-30
1.015055025047844700e-07 4.228983721999839923e-30
1.053159688918194616e-07 4.229071440723057220e-30
1.092694783034041684e-07 4.229162452363782122e-30
1.133714005039695936e-07 4.229256880536510488e-30
1.176273068362503998e-07 4.229005877909789266e-30
1.220429777884320835e-07 4.228128053220398007e-30
1.266244108453691507e-07 4.227217275426100458e-30
1.313778286345342829e-07 4.226272307483627239e-30
1.363096873777579643e-07 4.225291865911717626e-30
1.414266856602466796e-07 4.224365465267476823e-30
1.467357735287859351e-07 4.223491108038289768e-30
1.522441619314803040e-07 4.222583927870938293e-30
1.579593325118614857e-07 4.221642692608549425e-30
1.638890477706629523e-07 4.220666123839688119e-30
1.700413616090558574e-07 4.219939468086835789e-30
1.764246302676828206e-07 4.220191424311973709e-30
1.830475236763272764e-07 4.220452838849253235e-30
1.899190372296509575e-07 4.220724066759038164e-30
1.970485040049868342e-07 4.221005476430481049e-30
2.044456074387749585e-07 4.230768624969642680e-30
2.121203944788725610e-07 4.243060934639945599e-30
2.200832892305954974e-07 4.255814691538842276e-30
2.283451071150176397e-07 4.269047218167186872e-30
2.369170695587735157e-07 4.282776487303951878e-30
2.458108192353093611e-07 4.297021146417352527e-30
2.550384358782744077e-07 4.310755829838634854e-30
2.646124526885476160e-07 4.318771180014100742e-30
2.745458733571765799e-07 4.327087422472943735e-30
2.848521897273396340e-07 4.335715852562741823e-30
2.955454001193384312e-07 4.344668189652836770e-30
3.066400283435025590e-07 4.353956593051905472e-30
3.181511434268183574e-07 4.371414605356802823e-30
3.300943800800959315e-07 4.398570778891144633e-30
3.424859599334647158e-07 4.426746381755917144e-30
3.553427135690261449e-07 4.455979682824248080e-30
3.686821033806139854e-07 4.486310387563846803e-30
3.825222472916987298e-07 4.515637928898529818e-30
3.968819433636372776e-07 4.544699280573311052e-30
4.117806953277173436e-07 4.574851581024124944e-30
4.272387390756630026e-07 4.606135783928744955e-30
4.432770701445634790e-07 4.638594380345748328e-30
4.599174722335989745e-07 4.672271456427061995e-30
4.771825467912429762e-07 4.707212753296953059e-30
4.950957437131721443e-07 4.741454319490451467e-30
5.136813931925608723e-07 4.772370849513432349e-30
5.329647387660019746e-07 4.804447970790574928e-30
5.529719715999735642e-07 4.837729251343843990e-30
5.737302660644026696e-07 4.872259894717223326e-30
5.952678166416239383e-07 4.908086801373381815e-30
6.176138762209008599e-07 4.945258632395170693e-30
6.407987958305072720e-07 4.983825875578451366e-30
6.648540658613073613e-07 5.023840914005970497e-30
6.898123588378715296e-07 5.065358097195507253e-30
7.157075737951998563e-07 5.140112783830486370e-30
7.425748823213010235e-07 5.219746760708684472e-30
7.704507763282104733e-07 5.302370157713590049e-30
7.993731176163124170e-07 5.388095196199025247e-30
8.293811892992515566e-07 5.477038310252930986e-30
8.605157491593397256e-07 5.575085388811551416e-30
8.928190850058998356e-07 5.682850679430371368e-30
9.263350721117019266e-07 5.794661425787640026e-30
9.611092328055666891e-07 5.910669492291982959e-30
9.971887983020479041e-07 6.031032444266897475e-30
1.034622772852133601e-06 6.179947545767854684e-30
1.073462000302169879e-06 6.345947429342737874e-30
1.113759233151373958e-06 6.518178866488678983e-30
1.155569204201693462e-06 6.696875786646286177e-30
1.198948700897404853e-06 6.882280900851728120e-30
1.243956642455385795e-06 7.083024076319642187e-30
1.290654159890770161e-06 7.309578794928059777e-30
1.339104679046801693e-06 7.544638265680760384e-30
1.389374006741510568e-06 7.788521752769080050e-30
1.441530420148345439e-06 8.041560505404272114e-30
1.495644759532112420e-06 8.304098207729320901e-30
1.551790524466121856e-06 8.699216693973093507e-30
1.610043973661333463e-06 9.119209618114559097e-30
1.670484228543038856e-06 9.554968869014152390e-30
1.733193380715703562e-06 1.000708630678459177e-29
1.798256603462043790e-06 1.047617600967465010e-29
1.865762267427727303e-06 1.096287510812715891e-29
1.935802060648754411e-06 1.159072982269670663e-29
2.008471113084671583e-06 1.246854883789283069e-29
2.083868125826706657e-06 1.337932074498915239e-29
2.162095505156235774e-06 1.432428257925796609e-29
2.243259501635816098e-06 1.530471781366419420e-29
2.327470354421626726e-06 1.632195810211371804e-29
2.414842440993248569e-06 1.737738508814145435e-29
2.505494432504305319e-06 1.847243228149761962e-29
2.599549454964895344e-06 1.960858700518020263e-29
2.697135256474640808e-06 2.110152072639270307e-29
2.798384380733673100e-06 2.280857670608049994e-29
2.903434347067141541e-06 2.302996520864616995e-29
3.012427837207646552e-06 2.325966452615965835e-29
3.125512889089497962e-06 2.349798664250581121e-29
3.242843097917918650e-06 2.374525525329036891e-29
3.364577824786157077e-06 2.400180620549199791e-29
3.490882413124180060e-06 2.455197271804281065e-29
3.621928413272539675e-06 2.512512089865463986e-29
3.757893815486768405e-06 2.571978477864347585e-29
3.898963291688652392e-06 2.633677204672824760e-29
4.045328446292588157e-06 2.697692071186295550e-29
4.197188076447968377e-06 2.764110024144344257e-29
4.354748442050958522e-06 2.833021274224202871e-29
4.518223545892211531e-06 2.904519418567311312e-29
4.687835424321352440e-06 2.978701567905528899e-29
4.863814448822871144e-06 3.055668478459610670e-29
5.046399638912847660e-06 3.135524688789007034e-29
5.235838986781839878e-06 3.218378661779012485e-29
5.432389794124713639e-06 3.304342931958047305e-29
5.636319021614706213e-06 3.393534258345072846e-29
5.847903651496756193e-06 3.486073783034901952e-29
6.067431063792432621e-06 3.582087195736735337e-29
6.295199426627178477e-06 3.681704904489293120e-29
6.531518101210474529e-06 3.785062212784604966e-29
6.776708062018757203e-06 3.892299503340941262e-29
7.031102332751562061e-06 4.003562428774385395e-29
7.295046438653478860e-06 4.119002109428227375e-29
7.568898875816066179e-06 4.238775338628780817e-29
7.853031598096857883e-06 4.363044795646283249e-29
8.147830522317324499e-06 4.491979266650357177e-29
8.453696052425748115e-06 4.656892689673784101e-29
8.771043623336564223e-06 4.922538454060099148e-29
9.100304265185672634e-06 5.198156429125412175e-29
9.441925188767098096e-06 5.484120966729043002e-29
9.796370392946999867e-06 5.780820471714049664e-29
1.016412129487972860e-05 6.088657929449406160e-29
1.054567738388150667e-05 6.408051453175526283e-29
1.094155689985057441e-05 6.739434851897180979e-29
1.135229753715490326e-05 7.083258219594846800e-29
1.177845717494311004e-05 7.439988546554423975e-29
1.222061463487126812e-05 7.810110353646296332e-29
1.267937046727444187e-05 8.194126350414928495e-29
1.315534776685025666e-05 8.592558117872462668e-29
1.364919301896326746e-05 9.005946816924394968e-29
1.416157697771920370e-05 9.434853923389244231e-29
1.469319557700118980e-05 9.879861990610066724e-29
1.524477087570629127e-05 1.064797908356379024e-28
1.581705203846582621e-05 1.155674392813592445e-28
1.641081635318084576e-05 1.249962335574553837e-28
1.702687028675597646e-05 1.347789801097597229e-28
1.766605058046498384e-05 1.449289661317548155e-28
1.832922538643522010e-05 1.554599776115950284e-28
1.901729544679573898e-05 1.663863180566151756e-28
1.973119531709009204e-05 1.777228279207484874e-28
2.047189463561472288e-05 1.894849047612290657e-28
2.124039944040839571e-05 2.016885241519779998e-28
2.203775353568079918e-05 2.143502613820683586e-28
2.286503990953540896e-05 2.274873139687272242e-28
2.372338220491374778e-05 2.411175250154770842e-28
2.461394624575820447e-05 2.552594074471307921e-28
2.553794162046526810e-05 2.699321691545411264e-28
2.649662332478231120e-05 2.888180814606465978e-28
2.749129346637637096e-05 3.248388764617221728e-28
2.852330303339262733e-05 3.622118743010526727e-28
2.959405372940374025e-05 4.009878360047629371e-28
3.070499987724124792e-05 4.412194281427936147e-28
3.185765039429684035e-05 4.829612943620854495e-28
3.305357084197560767e-05 5.262701296050883156e-28
3.429438555208347842e-05 5.712047571143510062e-28
3.558177983303941540e-05 6.178262083278694890e-28
3.691750225890776235e-05 6.661978057736678521e-28
3.830336704435843744e-05 7.163852490761546348e-28
3.974125650878323985e-05 7.684567041911611320e-28
4.123312363291394109e-05 8.224828959908215683e-28
4.278099471141306494e-05 8.785372043239910314e-28
4.438697210504312108e-05 9.366957636827768015e-28
4.605323709615091385e-05 9.970375666105035776e-28
4.778205285134373492e-05 1.059644570991504679e-27
4.957576749538455984e-05 1.124601811368577041e-27
5.143681730047981016e-05 1.191997514439240065e-27
5.336772999528962544e-05 1.261923218887604383e-27
5.537112819815849849e-05 1.334473899714730478e-27
5.744973297922781476e-05 1.546980861425505273e-27
5.960636755626628466e-05 1.776442241992833456e-27
6.184396112924204158e-05 2.014517489357487004e-27
6.416555285884277841e-05 2.261529963821014905e-27
6.657429599434507212e-05 2.517815164470736491e-27
6.907346215644562129e-05 2.783721184863969456e-27
7.166644578086404655e-05 3.059609185818019702e-27
7.435676872875887568e-05 3.345853885948736111e-27
7.714808507021646972e-05 3.642844070623670046e-27
8.004418604730704438e-05 4.029735232590620321e-27
8.304900522345395008e-05 4.496491198593018502e-27
8.616662382610801362e-05 4.980768952828736980e-27
8.940127628998007783e-05 5.483226254566492862e-27
9.275735600836678167e-05 6.004545555032797930e-27
9.623942130037851982e-05 6.545434924336031542e-27
9.985220160217059130e-05 7.106629013186238288e-27
1.036006038905936836e-04 8.441083493953531775e-27
1.074897193479850283e-04 1.003604660186047086e-26
1.115248302771488571e-04 1.169088383640359328e-26
1.157114172759253918e-04 1.340784284269916747e-26
1.200551666810900067e-04 1.518925564135065355e-26
1.245619782916883018e-04 1.703754179586160384e-26
1.292379733823055402e-04 1.895521169895339988e-26
1.340895030171505528e-04 2.094486998224986613e-26
1.391231566762415634e-04 2.300921905395783590e-26
1.443457712054191746e-04 2.745639417723339928e-26
1.497644401023389966e-04 3.235643813033121823e-26
1.553865231510503453e-04 3.744042731120024247e-26
1.612196564182575751e-04 4.271526693276117539e-26
1.672717626248363331e-04 4.818812142621609104e-26
1.735510619066848081e-04 5.386642417197037510e-26
1.800660829795422305e-04 5.975788759585786224e-26
1.868256747229184612e-04 6.614668950539621675e-26
1.938390181988859868e-04 7.895484318169495661e-26
2.011156391220512366e-04 9.224380861557655310e-26
2.086654207976359077e-04 1.060316352427406467e-25
2.164986175452539741e-04 1.203370500657805102e-25
2.246258686266113381e-04 1.351794830897141947e-25
2.330582126960365006e-04 1.505790937123387190e-25
2.418071027934845778e-04 1.753556589158365206e-25
2.508844219003719981e-04 2.293173936239046049e-25
2.603024990793604827e-04 2.853048251781261589e-25
2.700741262200295214e-04 3.433939972367415737e-25
2.802125754131731166e-04 4.035843778478354523e-25
2.907316169773097557e-04 4.522667063070103394e-25
3.016455381619078486e-04 5.027765453115071672e-25
3.129691625527220608e-04 5.551824987038196286e-25
3.247178702055848114e-04 6.095557456807584379e-25
3.369076185360214519e-04 6.659701374709957895e-25
3.495549639930522882e-04 1.153889661776877832e-24
3.626770845466052284e-04 1.770824523619247608e-24
3.762918030191076497e-04 2.410918815207037149e-24
3.904176112929351613e-04 3.075041930084685125e-24
4.050736954265819778e-04 3.764095898400300317e-24
4.202799617136939976e-04 4.479016612067853447e-24
4.360570637203453007e-04 5.220775095921362423e-24
4.524264303372656812e-04 5.990378826586870440e-24
4.694102948851499560e-04 6.788873100864933265e-24
4.870317253125668088e-04 1.225875097674488431e-23
5.053146555274633462e-04 1.957622653714223914e-23
5.242839179048680619e-04 2.716839651284596587e-23
5.439652770148861683e-04 3.504557279641667955e-23
5.643854646168486137e-04 4.321845438376429129e-23
5.855722159671240910e-04 5.169814190581907095e-23
6.075543074898881023e-04 6.049615270570626655e-23
6.303615958620544316e-04 6.962443648191856773e-23
6.540250585654372494e-04 1.425071690417182850e-22
6.785768359611968207e-04 2.440677707716298005e-22
7.040502749437636213e-04 3.494409072862389930e-22
7.304799742335089940e-04 4.587696992567444241e-22
7.579018313696556878e-04 5.722026400335588706e-22
7.863530914673028593e-04 6.898937973340616843e-22
8.158723978047694152e-04 8.120030225016248539e-22
8.464998443099298192e-04 1.652832564382306728e-21
8.782770300168913236e-04 2.846359525086851807e-21
9.112471155669484924e-04 4.084690897902787759e-21
9.454548818305239443e-04 5.369508618312572822e-21
9.809467907297792985e-04 6.702557760825241289e-21
1.017771048344478374e-03 8.085648909184693953e-21
1.055977670386778035e-03 9.520660615553120639e-21
1.095618550133944718e-03 5.558036663089549209e-20
1.136747528911234272e-03 1.253261844675629184e-19
1.179420469220624846e-03 1.976902258285207632e-19
1.223695330614802800e-03 2.727707775306006304e-19
1.269632248419427095e-03 3.506698160291789877e-19
1.317293615410534795e-03 5.095119073593653830e-19
1.366744166558154019e-03 6.223882382549374596e-18
1.418051066951071457e-03 1.215276750060568825e-17
1.471284003022304198e-03 1.830422003518021762e-17
1.526515277199135380e-03 2.468659505706919943e-17
1.583819906106209143e-03 3.130856128229432378e-17
1.643275722455174708e-03 3.817911284619141543e-17
1.704963480759222674e-03 4.530758151949315330e-17
1.768966967016029172e-03 5.270364938299022505e-17
1.835373112508204094e-03 9.714565252261588258e-17
1.904272111875757179e-03 4.457327171580390044e-16
1.975757545620875598e-03 8.074055678835898752e-16
2.049926507211538053e-03 1.182655438640380091e-15
2.126879734956540428e-03 1.571992004048967796e-15
2.206721748830972954e-03 1.975944071663119133e-15
