# Union of astro (g_p^N) x lab (g_s^N) limits 
#  m [eV] 	 g^N_s*g^N_p [dimensionless]
2.653561939985576600e-20 9.088454199999999872e-10
2.781693251136824585e-20 3.136938917303021644e-33
2.916011579312202664e-20 3.136835159353039501e-33
3.056815674125050652e-20 3.136726391291187506e-33
3.204418710772232938e-20 3.136612371196524232e-33
3.359148986595780689e-20 3.136492845466583877e-33
3.521350651278702251e-20 3.136367548253316685e-33
3.691384472299670558e-20 3.136236200871790942e-33
3.869628637348888714e-20 3.136098511180347621e-33
4.056479595489529528e-20 3.135954172930815960e-33
4.252352938936406828e-20 3.135802865087366085e-33
4.457684327412209833e-20 3.135668797399145879e-33
4.672930457138014996e-20 3.135568037867645841e-33
4.898570076613017011e-20 3.135462413007515049e-33
5.135105051442357062e-20 3.135351687888891483e-33
5.383061480582383912e-20 3.135235616237966202e-33
5.642990866484921195e-20 3.135113939889220698e-33
5.915471341744161692e-20 3.134986388211218853e-33
6.201108954974109428e-20 3.134852677504668509e-33
6.500539018776162130e-20 3.134712510371423883e-33
6.814427522795786792e-20 3.134565575053012482e-33
7.143472615010864375e-20 3.134411544737223632e-33
7.488406154545723923e-20 3.134299600647018718e-33
7.849995339466062672e-20 3.134197028155720127e-33
8.229044413173549223e-20 3.134089502794244655e-33
8.626396453196900128e-20 3.133976785405652567e-33
9.042935246357538074e-20 3.133858625284945224e-33
9.479587254479767329e-20 3.133734759621448870e-33
9.937323675019380940e-20 3.133604912914272699e-33
1.041716260119175757e-19 3.133468796359541834e-33
1.092017128640581439e-19 3.133326107208044987e-33
1.144746851803968111e-19 3.133176528091857856e-33
1.200022710583686922e-19 3.133029901812271636e-33
1.257967649045985873e-19 3.132930293481828802e-33
1.318710547800024720e-19 3.132825875410263927e-33
1.382386510652991299e-19 3.132716415351845409e-33
1.449137165106804147e-19 3.132601669846498411e-33
1.519110977364645409e-19 3.132481383678307005e-33
1.592463582548243860e-19 3.132355289307859663e-33
1.669358130860023412e-19 3.132223106277196892e-33
1.749965650460344408e-19 3.132084540586013785e-33
1.834465427866840141e-19 3.131939284037751749e-33
1.923045406721770960e-19 3.131787013554106979e-33
2.015902605814694511e-19 3.131662264085175854e-33
2.113243557289773985e-19 3.131560863508421354e-33
2.215284766012751924e-19 3.131454566649181622e-33
2.322253191119173840e-19 3.131343137082940823e-33
2.434386750814745155e-19 3.131226326969064538e-33
2.551934851550905342e-19 3.131103876499550298e-33
2.675158942752469371e-19 3.130975513321170550e-33
2.804333098330937664e-19 3.130840951929701870e-33
2.939744626277384611e-19 3.130699893034910278e-33
3.081694707690145714e-19 3.130552022894876990e-33
3.230499066659160639e-19 3.130397012618170946e-33
3.386488672496728093e-19 3.130294523183858334e-33
3.550010475876277665e-19 3.130191298113019195e-33
3.721428180517144248e-19 3.130083088661196875e-33
3.901123052130902761e-19 3.129969654149906989e-33
4.089494766429201670e-19 3.129850742279130445e-33
4.286962298078976501e-19 3.129726088566159782e-33
4.493964852581892465e-19 3.129595415757330242e-33
4.710962843151531132e-19 3.129458433211360866e-33
4.938438914760056546e-19 3.129314836252907727e-33
5.176899017632906376e-19 3.129164305494913654e-33
5.426873532578849924e-19 3.129026908903843304e-33
5.688918450657901355e-19 3.128926666852234963e-33
5.963616609811964081e-19 3.128821584459306909e-33
6.251578991207410629e-19 3.128711428001747943e-33
6.553446078174000654e-19 3.128595952470559203e-33
6.869889280762292927e-19 3.128474901026107113e-33
7.201612429087446969e-19 3.128348004426861628e-33
7.549353338782253088e-19 3.128214980430550509e-33
7.913885452039604938e-19 3.128075533166403616e-33
8.296019557895808301e-19 3.127929352477072901e-33
8.696605595580447271e-19 3.127776113228789874e-33
9.116534544943076413e-19 3.127660728318547164e-33
9.556740408163119165e-19 3.127558682618124023e-33
1.001820228714858056e-18 3.127451709484428790e-33
1.050194656124588222e-18 3.127339570988782416e-33
1.100904917010380348e-18 3.127222017713756491e-33
1.154063800676814614e-18 3.127098788198415740e-33
1.209789542633196672e-18 3.126969608356786008e-33
1.268206087571847061e-18 3.126834190868227841e-33
1.329443365044793238e-18 3.126692234538386915e-33
1.393637578451940106e-18 3.126543423629274154e-33
1.460931507983378763e-18 3.126365994228989269e-33
1.531474828189827075e-18 3.125976417280016554e-33
1.605424440887453137e-18 3.125568029010112849e-33
1.682944824137391532e-18 3.125139921085771648e-33
1.764208398076465413e-18 3.124691141313213310e-33
1.849395908412406102e-18 3.124220691520517439e-33
1.938696828436862339e-18 3.123727525337500150e-33
2.032309780450234531e-18 3.123210545868389278e-33
2.130442977535493645e-18 3.122668603252114487e-33
2.233314686663969936e-18 3.122100492104800726e-33
2.341153714162663985e-18 3.121504948838759941e-33
2.454199914623262105e-18 3.121139476303341177e-33
2.572704724384615768e-18 3.121038723646122183e-33
2.696931720775038630e-18 3.120933105992207060e-33
2.827157208358786449e-18 3.120822388427763194e-33
2.963670833490024803e-18 3.120706324695782855e-33
3.106776228541698345e-18 3.120584656648359560e-33
3.256791687241991630e-18 3.120457113672523129e-33
3.414050872620219371e-18 3.120323412088335469e-33
3.578903559137192825e-18 3.120183254517940889e-33
3.751716410650509538e-18 3.120036329224134748e-33
3.932873795944794656e-18 3.119882309417006722e-33
4.122778643641521175e-18 3.119776448358957171e-33
4.321853338388998064e-18 3.119673882865628161e-33
4.530540660326579055e-18 3.119566364840029520e-33
4.749304769912368634e-18 3.119453655141538293e-33
4.978632240304466414e-18 3.119335503082260851e-33
5.219033139592896690e-18 3.119211645869451574e-33
5.471042165288180349e-18 3.119081808021018130e-33
5.735219833590817772e-18 3.118945700752787981e-33
6.012153726086512999e-18 3.118803021336203935e-33
6.302459796639505309e-18 3.118653452424996135e-33
6.606783741391982161e-18 3.118476272223099194e-33
6.925802434915263758e-18 3.118230642403542091e-33
7.260225435708252189e-18 3.117973151971137741e-33
7.610796564391231061e-18 3.117703228217988581e-33
7.978295558104559188e-18 3.117420270782121290e-33
8.363539804793473124e-18 3.117123650312158828e-33
8.767386161234530796e-18 3.116812707067530695e-33
9.190732858848904848e-18 3.116486749451076694e-33
9.634521501540836538e-18 3.116145052470808494e-33
1.009973916000401309e-17 3.115786856127387996e-33
1.058742056715592261e-17 3.115411363723739222e-33
1.109865041958090585e-17 3.115211016192681544e-33
1.163456579010273545e-17 3.115109686451602048e-33
1.219635865685203056e-17 3.115003463848445394e-33
1.278527855445258900e-17 3.114892112123856698e-33
1.340263535322580670e-17 3.114775383610337164e-33
1.404980217259171233e-17 3.114653018681377794e-33
1.472821843514908482e-17 3.114524745174009458e-33
1.543939306822657674e-17 3.114390277783453601e-33
1.618490786002441005e-17 3.114249317428555718e-33
1.696642097781443322e-17 3.114101550586564077e-33
1.778567065601987658e-17 3.113953282037105766e-33
1.864447906238105800e-17 3.113999245071025919e-33
1.954475635080488002e-17 3.114047427500586247e-33
2.048850490991086348e-17 8.256626955587057304e-34
2.147782381672708483e-17 8.256626955587057304e-34
2.251491350543723211e-17 8.256626955587057304e-34
2.360208066156692214e-17 8.256626955587057304e-34
2.474174335249341171e-17 8.256626955587057304e-34
2.593643640568791170e-17 8.256626955587057304e-34
2.718881704665754253e-17 8.256626955587057304e-34
2.850167080912090158e-17 8.256626955587057304e-34
2.987791773056759077e-17 8.256626955587057304e-34
3.132061884698002906e-17 8.256626955587057304e-34
3.283298300116059766e-17 8.256626955587057304e-34
3.441837397981152923e-17 8.256626955587057304e-34
3.608031799523979241e-17 8.256626955587057304e-34
3.782251152832474122e-17 8.256626955587057304e-34
3.964882955019980919e-17 8.256626955587057304e-34
4.156333414092629073e-17 8.256626955587057304e-34
4.357028352433593784e-17 8.256626955587057304e-34
4.567414153913513995e-17 8.256626955587057304e-34
4.787958756733218232e-17 8.256626955587057304e-34
5.019152694207939231e-17 8.256626955587057304e-34
5.261510185806827107e-17 8.256626955587057304e-34
5.515570280875351720e-17 8.256626955587057304e-34
5.781898057584138764e-17 8.256626955587057304e-34
6.061085879770470514e-17 8.256626955587057304e-34
6.353754714468705524e-17 8.256626955587057304e-34
6.660555513059720302e-17 8.256626955587057304e-34
6.982170659110730803e-17 8.256626955587057304e-34
7.319315486127089511e-17 8.256626955587057304e-34
7.672739868590230657e-17 8.256626955587057304e-34
8.043229889821876751e-17 8.256626955587057304e-34
8.431609590383676140e-17 8.256626955587057304e-34
8.838742800900320509e-17 8.256626955587057304e-34
9.265535063384371976e-17 8.256626955587057304e-34
9.712935645334138956e-17 8.256626955587057304e-34
1.018193965108608260e-16 8.256626955587057304e-34
1.067359023511715621e-16 8.256626955587057304e-34
1.118898092221904834e-16 8.256626955587057304e-34
1.172925803970660692e-16 8.256626955587057304e-34
1.229562326706849645e-16 8.256626955587057304e-34
1.288933630873192167e-16 8.256626955587057304e-34
1.351171769588589268e-16 8.256626955587057304e-34
1.416415172359456423e-16 8.256626955587057304e-34
1.484808952973414316e-16 8.256626955587057304e-34
1.556505232260044481e-16 8.256626955587057304e-34
1.631663476436671151e-16 8.256626955587057304e-34
1.710450851791689347e-16 8.256626955587057304e-34
1.793042596494287068e-16 8.256626955587057304e-34
1.879622410357640565e-16 8.256626955587057304e-34
1.970382863422354471e-16 8.256626955587057304e-34
2.065525824269014143e-16 8.256626955587057304e-34
2.165262909012470021e-16 8.257150371338884341e-34
2.269815951976455511e-16 8.257916798038152819e-34
2.379417499095538998e-16 8.258720232826963214e-34
2.494311325141658568e-16 8.259818903250749025e-34
2.614752975925780233e-16 8.263350691638250722e-34
2.741010336680592114e-16 8.267053017848888343e-34
2.873364227888379733e-16 8.270934116563202156e-34
3.012109029879472533e-16 8.271537907441015729e-34
3.157553337590287392e-16 8.271111018517648248e-34
3.310020646937349372e-16 8.270663516607397619e-34
3.469850074334129960e-16 8.270224877159751655e-34
3.637397110950529495e-16 8.269804637029937868e-34
3.813034413393277247e-16 8.269364104960441988e-34
3.997152632565340558e-16 8.268909956453503148e-34
4.190161282548069731e-16 8.268496261562295779e-34
4.392489651438903761e-16 8.268062590778296515e-34
4.604587756169845967e-16 8.267607979534864451e-34
4.826927343431253463e-16 8.267185927085071100e-34
5.060002938926498996e-16 8.266759010722081606e-34
5.304332947291492637e-16 8.266311480047242950e-34
5.560460805125825372e-16 8.265873668023288558e-34
5.828956189699251172e-16 8.265453400881219710e-34
6.110416286022964134e-16 8.265012840495139064e-34
6.405467115103033181e-16 8.264559518265090139e-34
6.714764926330587048e-16 8.264145796782342256e-34
7.038997657105942700e-16 8.263712098122792627e-34
7.378886462942662323e-16 8.263257457657792205e-34
7.735187321455161089e-16 8.262836233398083685e-34
8.108692713797330404e-16 8.262409289593705159e-34
8.500233387291831891e-16 8.261961730152427639e-34
8.910680203170996638e-16 8.261524745155706147e-34
9.340946073538421366e-16 8.261104450999640878e-34
9.791987991859677612e-16 8.260663862295150287e-34
1.026480916149895622e-15 8.260211365945541157e-34
1.076046122703439842e-15 8.259797617869550744e-34
1.128004661331690429e-15 8.259363891332659784e-34
1.182472097747338739e-15 8.258909221644219641e-34
1.239569577930872692e-15 8.258488825178356230e-34
1.299424097582426274e-15 8.258061853930821655e-34
1.362168784584401280e-15 8.257614265721252724e-34
1.427943195103356263e-15 8.257178107355532964e-34
1.496893623989553481e-15 8.256757786183745310e-34
1.569173430164619681e-15 8.256317169159036703e-34
1.644943377721143198e-15 8.255865498293643043e-34
1.724371993492629485e-15 8.255451723622689267e-34
1.807635941889433359e-15 8.255017969206654035e-34
1.894920417834122784e-15 8.254563270292885704e-34
1.986419558670320239e-15 8.254143701224829529e-34
2.082336875961317339e-15 8.253716702532368465e-34
2.182885708138546853e-15 8.253269085552655577e-34
2.288289695007083192e-15 8.252833753421903097e-34
2.398783275163248950e-15 8.252413405232651698e-34
2.514612207430783420e-15 8.251972759885899897e-34
2.636034117475510611e-15 8.252143590568706017e-34
2.763319070813877138e-15 8.255682386995612791e-34
2.896750173490351317e-15 8.259392059639593866e-34
3.036624201759290435e-15 8.263280859521063437e-34
3.183252262171970921e-15 8.272740994045088000e-34
3.336960483537043256e-15 8.283768819134473008e-34
3.498090742293237856e-15 8.295329139684604664e-34
3.667001422907865511e-15 8.302257953315421853e-34
3.844068214992330388e-15 8.304258671689757794e-34
4.029684948907513960e-15 8.306355997821646683e-34
4.224264471717797197e-15 8.308096392598740660e-34
4.428239565441735707e-15 8.307679529365429373e-34
4.642063909641843369e-15 8.307242537251067891e-34
4.866213090494780738e-15 8.306784444301736548e-34
5.101185658585576696e-15 8.307690854491294595e-34
5.347504237779551643e-15 8.308903563685175033e-34
5.605716687637523806e-15 8.310174830403836146e-34
5.876397321960008031e-15 8.314223604676357025e-34
6.160148186171042767e-15 8.321090276109490218e-34
6.457600396381857687e-15 8.328288515312237742e-34
6.769415543113894587e-15 8.335486852535557971e-34
7.096287162802386263e-15 8.341466026741040899e-34
7.438942280353709970e-15 8.347733914550302681e-34
7.798143026187951541e-15 8.354304456942844858e-34
8.174688331362083349e-15 8.364419849419714720e-34
8.569415704545553311e-15 8.375581779297111076e-34
8.983203094799381576e-15 8.387282680090774120e-34
9.416970844302392458e-15 8.399458986893864499e-34
9.871683735368390572e-15 8.412140472190872523e-34
1.034835313630574510e-14 8.425434302469908354e-34
1.084803925089407483e-14 8.439442630173996381e-34
1.137185347647978448e-14 8.454432806074986294e-34
1.192096087593586138e-14 8.470146805627362568e-34
1.249658276898447758e-14 8.486619579767107928e-34
1.309999944864511322e-14 8.510904372329476157e-34
1.373255302885078084e-14 8.537477076579259022e-34
1.439565042956578202e-14 8.565332884639455490e-34
1.509076650604415711e-14 8.593252400181762645e-34
1.581944732918978858e-14 8.621379209660256070e-34
1.658331362431310036e-14 8.650864165305482516e-34
1.738406437593375130e-14 8.682403321351845947e-34
1.822348060664672263e-14 8.717983695311268922e-34
1.910342933845641359e-14 8.755282122238657196e-34
2.002586774539057702e-14 8.794381560958558459e-34
2.099284750662890782e-14 8.841671047704052451e-34
2.200651936982902170e-14 8.892184586139569046e-34
2.306913793480092421e-14 8.945137248310290795e-34
2.418306666816632372e-14 9.002781075158534681e-34
2.535078316016076191e-14 9.065064145222730476e-34
2.657488463526709804e-14 9.130354648921548900e-34
2.785809372893831466e-14 9.199172211189926344e-34
2.920326454325992068e-14 9.272771576289702319e-34
3.061338899501651051e-14 9.349924799698951756e-34
3.209160347028729253e-14 9.430803484920870537e-34
3.364119580036728892e-14 9.523446779738554730e-34
3.526561257453144135e-14 9.621714454526987375e-34
3.696846680590891287e-14 9.724727134820942327e-34
3.875354596751228879e-14 9.836699024469736251e-34
4.062482041630245239e-14 9.957545148282626763e-34
4.258645222402015784e-14 1.008422651266721949e-33
4.464280443442771964e-14 1.021744365823674105e-33
4.679845076755347064e-14 1.035875342583177227e-33
4.905818579251610784e-14 1.050688655244757901e-33
5.142703559156403385e-14 1.066217251444748194e-33
5.391026893904142639e-14 1.083691446015576607e-33
5.651340902014791969e-14 1.102193731903128979e-33
5.924224571555855037e-14 1.121589429063409961e-33
6.210284847922326867e-14 1.142491020142540653e-33
6.510157983799181367e-14 1.164915550829265198e-33
6.824510954308883181e-14 1.188422884398994108e-33
7.154042940491322342e-14 1.213244074356188693e-33
7.499486884416137851e-14 1.240030725561866726e-33
7.861611119385776806e-14 1.268110811335105560e-33
8.241221078855358287e-14 1.297546787149249003e-33
8.639161087870855136e-14 1.328645933018017847e-33
9.056316241008773210e-14 1.361289577348878506e-33
9.493614370995895300e-14 1.395509470150084132e-33
9.952028112386323629e-14 1.432416552065563258e-33
1.043257706488631487e-13 1.471643754283242748e-33
1.093633006113918767e-13 1.512765102168760768e-33
1.146440754401266621e-13 1.556609930143139642e-33
1.201798405867825369e-13 1.602789322550736791e-33
1.259829086502384460e-13 1.650956768443785251e-33
1.320661867621063827e-13 1.700413794141761275e-33
1.384432052946627581e-13 1.752258928235797732e-33
1.451281479549728937e-13 1.808780814435775175e-33
1.521358833321702292e-13 1.873103937527164358e-33
1.594819979680359360e-13 1.940533001344814756e-33
1.671828310244418411e-13 2.005952965089827204e-33
1.752555106247739398e-13 2.072425564563454425e-33
1.837179919501406402e-13 2.142107895529619408e-33
1.925890971751318365e-13 2.216265867477248441e-33
2.018885573319272861e-13 2.294076558334867176e-33
2.116370561958768334e-13 2.378815466671183428e-33
2.218562762901759734e-13 2.473791275448840806e-33
2.325689471119264949e-13 2.574403846690448322e-33
2.437988956868882356e-13 2.688288205076085787e-33
2.555710995653314004e-13 2.808206165764074943e-33
2.679117423768751479e-13 2.935193605325294870e-33
2.808482720678865856e-13 3.069937391143852861e-33
2.944094619509510907e-13 3.213457619904795561e-33
3.086254747022157183e-13 3.368575055139774492e-33
3.235279294489423555e-13 3.536411674466038971e-33
3.391499720964801412e-13 3.721652919740168029e-33
3.555263490510966241e-13 3.919653499957934853e-33
3.726934845026176433e-13 4.131101768935754103e-33
3.906895614387749079e-13 4.363765168168149217e-33
4.095546065714799687e-13 4.614973107090802343e-33
4.293305793638534489e-13 4.890894282641021639e-33
4.500614653561018700e-13 5.197665083422456992e-33
4.717933739977530343e-13 5.526239385019510081e-33
4.945746412038696512e-13 5.865670014021032311e-33
5.184559368633763466e-13 6.256444069520337048e-33
5.434903775385422296e-13 6.702165181453107044e-33
5.697336446063810574e-13 7.181520598966952698e-33
5.972441081046597340e-13 7.710807921782443516e-33
6.260829565579993521e-13 8.317790590662531581e-33
6.563143330728668961e-13 8.952176708637289472e-33
6.880054780040580847e-13 9.607742091464750172e-33
7.212268785101161512e-13 1.030467927264937956e-32
7.560524253302236685e-13 1.120516533147804069e-32
7.925595771313049274e-13 1.219765598428772751e-32
8.308295327909284664e-13 1.332189985656862898e-32
8.709474119990730328e-13 1.466904576291382009e-32
9.130024445806089332e-13 1.606066695372167170e-32
9.570881689594581125e-13 1.775500855807346034e-32
1.003302640205898306e-12 1.953650773818914072e-32
1.051748648129790139e-12 2.204815021381063205e-32
1.102533945904728354e-12 2.455039934427147906e-32
1.155771489731682485e-12 2.760511015412634840e-32
1.211579690075163491e-12 3.082552752948860295e-32
1.270082675030692223e-12 3.464941847324082218e-32
1.331410566409416528e-12 3.936426017676315434e-32
1.395699769153857068e-12 4.430678788742981791e-32
1.463093274728525675e-12 5.120207205756788416e-32
1.533740979160312003e-12 5.889328693667726319e-32
1.607800016435794100e-12 6.887087556503482062e-32
1.685435107997296399e-12 7.751492909912010161e-32
1.766818929114813717e-12 9.194965870086239637e-32
1.852132492948758175e-12 1.083233794407930955e-31
1.941565553157875919e-12 1.292271104431312820e-31
2.035317025947520603e-12 1.550821005099462590e-31
2.133595432497363024e-12 1.901535195817918865e-31
2.236619362752289129e-12 2.286495197213811993e-31
2.344617961608144804e-12 2.752387559231950614e-31
2.457831438573845892e-12 3.365702565197991851e-31
2.576511602043069075e-12 4.268774264909938721e-31
2.700922419364313022e-12 5.304390787636697864e-31
2.831340603954645367e-12 5.457864615740127639e-31
2.968056230763208473e-12 5.460314969064056958e-31
3.111373381453255434e-12 5.462883641459210231e-31
3.261610820737913468e-12 5.465576346143549148e-31
3.419102705373732588e-12 5.468127145938462558e-31
3.584199327389157344e-12 5.470556031182949298e-31
3.757267893200833660e-12 5.473102198879494263e-31
3.938693340350894501e-12 5.475771312191309282e-31
4.128879193681511032e-12 5.478414773512618655e-31
4.328248462851217517e-12 5.480822378764183376e-31
4.537244583189193458e-12 5.483346238930687156e-31
4.756332401980051436e-12 5.485991967559133571e-31
4.985999212373076152e-12 5.488727506320073161e-31
5.226755837215180325e-12 5.491114018017370737e-31
5.479137765218489034e-12 5.493615766094962911e-31
5.743706341989521437e-12 5.496238314918346179e-31
6.021050018568930939e-12 5.498987497536943251e-31
6.311785660259137053e-12 5.501430955548692145e-31
6.616559918650472143e-12 5.503910785266204898e-31
6.936050669897835781e-12 5.506510357367849471e-31
7.270968522446749947e-12 5.509235453798434515e-31
7.622058397562133362e-12 5.511773198358321814e-31
7.990101186175629244e-12 5.514231301747282963e-31
8.375915485736052630e-12 5.516808098431256606e-31
8.780359420926514370e-12 5.519509319698169711e-31
9.204332552297451820e-12 5.522140753837854285e-31
9.648777877061301769e-12 5.524577321247362929e-31
1.011468392649824352e-11 5.527131542054059159e-31
1.060308696463859356e-11 5.529809097332808388e-31
1.111507329311194799e-11 5.532533629767777699e-31
1.165178166728928892e-11 5.534948849879243258e-31
1.221440582909266053e-11 5.537480692600845550e-31
1.280419716210501751e-11 5.540134789234316452e-31
1.342246747488632650e-11 5.542917042997433478e-31
1.407059191868638850e-11 5.545345894156731992e-31
1.475001204604361093e-11 5.547855554852520338e-31
1.546223901707349008e-11 5.550486398367012936e-31
1.620885696057708329e-11 5.553244276198612225e-31
1.699152649744610247e-11 5.555768460992011440e-31
1.781198843420065989e-11 5.558256134003545413e-31
1.867206763487580856e-11 5.560863928124701716e-31
1.957367707986739950e-11 5.563597643587628950e-31
2.051882212076588057e-11 5.566216557693058032e-31
2.150960494064128661e-11 5.568682435659234620e-31
2.254822922969951063e-11 5.571267382327814611e-31
2.363700508671068599e-11 5.573977147113850969e-31
2.477835415710967765e-11 5.100557769944878789e-32
2.597481501919809555e-11 5.111785799638111224e-32
2.722904883042734072e-11 5.123555991978677182e-32
2.854384524632056238e-11 5.135894526122148924e-32
2.992212862519994049e-11 5.148828845324814309e-32
3.136696453251765212e-11 5.162387717982709614e-32
3.288156655925912539e-11 5.176601301618031867e-32
3.446930346958254632e-11 5.191501209955222718e-32
3.613370669359452623e-11 5.207120583235933662e-32
3.787847818192452331e-11 5.223494161929248758e-32
3.970749863957017641e-11 5.241117329268600594e-32
4.162483615732646387e-11 5.262791084548214893e-32
4.363475525999592744e-11 5.285511390367952121e-32
4.574172639150717182e-11 5.309328781026966453e-32
4.795043585803531429e-11 5.334296230950606736e-32
5.026579625124201128e-11 5.360469272515661695e-32
5.269295737481772277e-11 5.387906119564965593e-32
5.523731769862772739e-11 5.416667796886103125e-32
5.790453636594138425e-11 5.446818275942197893e-32
6.070054578044664533e-11 5.478424617156652632e-32
6.363156480104929423e-11 5.511557119068353986e-32
6.670411257380173162e-11 5.544185908061073423e-32
6.992502303173035161e-11 5.576478711681345945e-32
7.330146009480667033e-11 5.610330822889756612e-32
7.684093360387376342e-11 5.645817535246536643e-32
8.055131602396674989e-11 5.683017777977044328e-32
8.444085995417723150e-11 5.722014291525416316e-32
8.851821648301163240e-11 5.762893811585146258e-32
9.279245443006288921e-11 5.805747262015806068e-32
9.727308051679743557e-11 5.850669957075090322e-32
1.019700605113197895e-10 5.897761813415922849e-32
1.068938413941422749e-10 5.947127572320158086e-32
1.120553745942673128e-10 5.993621628568368899e-32
1.174661403472553363e-10 6.041998201096134909e-32
1.231381732294615041e-10 6.092710710680271271e-32
1.290840889252323692e-10 6.145871951626914966e-32
1.353171122865949902e-10 6.201600164688383998e-32
1.418511067478566659e-10 6.260019300053224193e-32
1.487006051605282220e-10 6.321259293035075576e-32
1.558808421171624730e-10 6.385456353073636591e-32
1.634077878359948196e-10 6.452753266690450319e-32
1.712981836817623743e-10 6.523299715073429978e-32
1.795695794016937714e-10 6.586940806403737244e-32
1.882403721594992105e-10 6.634117478692745909e-32
1.973298474541767510e-10 6.683572149013406594e-32
2.068582220146419157e-10 6.735414813997105624e-32
2.168466887655984446e-10 6.789760781631418141e-32
2.273174639646470306e-10 6.846730927727082085e-32
2.382938366154857355e-10 6.906451964768879483e-32
2.498002202671028790e-10 6.969056723748419307e-32
2.618622073141682134e-10 7.034684449605597525e-32
2.745066259194123114e-10 7.103481110935976167e-32
2.877615996845799957e-10 7.175599724652790048e-32
3.016566102026936974e-10 7.233980082552887678e-32
3.162225626307416446e-10 7.289685551151186688e-32
3.314918544286565817e-10 7.348080843801541226e-32
3.474984474174486165e-10 7.409295842786843477e-32
3.642779433167826349e-10 7.473466701955363776e-32
3.818676629300029396e-10 7.540736149552923698e-32
4.003067291527215331e-10 7.611253805677745611e-32
4.196361539896183154e-10 7.685176515064160865e-32
4.398989297729656925e-10 7.762668695935225337e-32
4.611401247857876325e-10 7.843902705700261699e-32
4.834069835023300463e-10 7.925546637214013254e-32
5.067490316687860696e-10 7.994219942640188293e-32
5.312181864580252872e-10 8.066209244023628981e-32
5.568688719432937513e-10 8.141674659318762635e-32
5.837581401477504271e-10 8.220784038021212406e-32
6.119457979390529786e-10 8.303713334497106571e-32
6.414945400512671905e-10 8.390646999339230998e-32
6.724700885299188399e-10 8.481778389620339494e-32
7.049413389103772311e-10 8.577310198956229718e-32
7.389805134546857725e-10 8.677454908335051867e-32
7.746633217876533100e-10 8.782435258715573333e-32
8.120691292895364544e-10 8.876119368074007158e-32
8.512811336197903880e-10 8.962778752952192523e-32
8.923865497645545085e-10 9.053622619240321149e-32
9.354768040194417950e-10 9.148853021045924861e-32
9.806477373390654175e-10 9.248681768969221492e-32
1.027999818505646722e-09 9.353330901210384830e-32
1.077638367590759735e-09 9.463033177424880781e-32
1.129673790207287136e-09 9.578032596425391389e-32
1.184221823072593520e-09 9.698584938881787884e-32
1.241403791429067628e-09 9.824958336226146981e-32
1.301346878894660072e-09 9.957239549504059280e-32
1.364184410343520186e-09 1.007898753191450364e-31
1.430056148445988330e-09 1.020661430252327028e-31
1.499108604527442362e-09 1.034040372764167943e-31
1.571495364437499536e-09 1.048065338050162691e-31
1.647377430154255205e-09 1.062767520311524363e-31
1.726923577883434125e-09 1.078179620009349615e-31
1.810310733448912061e-09 1.094335916596692811e-31
1.897724365809506910e-09 1.111272344762608527e-31
1.989358899577406148e-09 1.129026574357771870e-31
2.085418147455607171e-09 1.147638094179414898e-31
2.186115763556296809e-09 1.164852641909956329e-31
2.291675718608411774e-09 1.179902411115817237e-31
2.402332798111272016e-09 1.195678881527257440e-31
2.518333124542426941e-09 1.212217143027383123e-31
2.639934704781011970e-09 1.229553979868164130e-31
2.767408003964339852e-09 1.247727952485636730e-31
2.901036547053974617e-09 1.266779483265671315e-31
3.041117549449457519e-09 1.286750946451089194e-31
3.187962578052072930e-09 1.307686762390062676e-31
3.341898244249150113e-09 1.329633496335456131e-31
3.503266930360175754e-09 1.350581596942428364e-31
3.672427551160403652e-09 1.368615705166913028e-31
3.849756352175941434e-09 1.387520617987072332e-31
4.035647746525600638e-09 1.407338383539382174e-31
4.230515192171006928e-09 1.428113080319127097e-31
4.434792111526087263e-09 1.449890915219393288e-31
4.648932855471219145e-09 1.472720326304014770e-31
4.873413713916463017e-09 1.496652090543090658e-31
5.108733975161213802e-09 1.521739436750655039e-31
5.355417036406767690e-09 1.548038163975730158e-31
5.614011567891567798e-09 1.571473201595092221e-31
5.885092733238725965e-09 1.594556913365925750e-31
6.169263468729675369e-09 1.618755257590166272e-31
6.467155824349629804e-09 1.644122056006645728e-31
6.779432369587481759e-09 1.670713729219466315e-31
7.106787667116771175e-09 1.698589422188191311e-31
7.449949817635880512e-09 1.727811135777543637e-31
7.809682079302924995e-09 1.758443864659160141e-31
8.186784565367688089e-09 1.790555741872155919e-31
8.582096023776330154e-09 1.819227164640856480e-31
8.996495702706850097e-09 1.846081383683277122e-31
9.430905306185170039e-09 1.874232299909961293e-31
9.886291044130759105e-09 1.903742526334715753e-31
1.036366578139205963e-08 1.934677699336822285e-31
1.086409129055138373e-08 1.967106624648881866e-31
1.138868061350973317e-08 2.001101430393894480e-31
1.193860053710480958e-08 2.036737727511994639e-31
1.251507418826759649e-08 2.074094777933612116e-31
1.311938375449034064e-08 2.105948950920764673e-31
1.375287333565618124e-08 2.139105265367630037e-31
1.441695193357430042e-08 2.173862583348275160e-31
1.511309658586881907e-08 2.210298211775664506e-31
1.584285565119260531e-08 2.248493190445711640e-31
1.660785225307268045e-08 2.288532472285264615e-31
1.740978789004665342e-08 2.330505112303627052e-31
1.825044622012080238e-08 2.374504465667922576e-31
1.913169702796586632e-08 2.420628395342807351e-31
2.005550038367529013e-08 2.456806421201334902e-31
2.102391100233551959e-08 2.492464006484762129e-31
2.203908281410442167e-08 2.529843373003439807e-31
2.310327375496379726e-08 2.569027659607030854e-31
2.421885078879989056e-08 2.610104019632157445e-31
2.538829517198328700e-08 2.653163814748073027e-31
2.661420797215651436e-08 2.698302818162448000e-31
2.789931585350585562e-08 2.745621427639297716e-31
2.924647714138278810e-08 2.795224888802765705e-31
3.065868817976556077e-08 2.841169259235589458e-31
3.213908999570055641e-08 2.886919010659661570e-31
3.369097528554575412e-08 2.934877859051272668e-31
3.531779573855705397e-08 2.985152474048186437e-31
3.702316971410384921e-08 3.037854675995345890e-31
3.881089028959140009e-08 3.093101684654680757e-31
4.068493369698953611e-08 3.151016379924245904e-31
4.264946816673125961e-08 3.211727575146565158e-31
4.470886319865423960e-08 3.274800706262587327e-31
4.686769928060225561e-08 3.333974072156512768e-31
4.913077807630528769e-08 3.396004714846198567e-31
5.150313310519586794e-08 3.461030602327273721e-31
5.399004093791873072e-08 3.529196364591813580e-31
5.659703293243085278e-08 3.600653615313044943e-31
5.932990753679810680e-08 3.675561289063113573e-31
6.219474318605133234e-08 3.754085994813934614e-31
6.519791182178573462e-08 3.836402386507331852e-31
6.834609306457726438e-08 3.918654620152789272e-31
7.164628907073354554e-08 4.004519525953301469e-31
7.510584010642691012e-08 4.094530550522066950e-31
7.873244087384851596e-08 4.188887895567582708e-31
8.253415762569424188e-08 4.287801429845100224e-31
8.651944610605303669e-08 4.391491155944862566e-31
9.069717035759530340e-08 4.502906832215982437e-31
9.507662243689742722e-08 4.630328602673518999e-31
9.966754308174845942e-08 4.763903128893747242e-31
1.044801433764135893e-07 4.903927506132376475e-31
1.095251274630340882e-07 5.050713175345525714e-31
1.148137163496839869e-07 5.204586615893907959e-31
1.203576728680354728e-07 5.361283400066893581e-31
1.261693278361410479e-07 5.512027092020619824e-31
1.322616074845304808e-07 5.670049674512665918e-31
1.386480622066144159e-07 5.835702619944844039e-31
1.453428966973473757e-07 6.009354372103351877e-31
1.523610015471828080e-07 6.080719310165325087e-31
1.597179863615874895e-07 6.087248505549457928e-31
1.674302144797887830e-07 6.109126723506802052e-31
1.755148393699636281e-07 6.132061364798488802e-31
1.839898427818283553e-07 6.156103440446694516e-31
1.928740747414847152e-07 6.181306424619093482e-31
2.021872954774749016e-07 6.194868100514249528e-31
2.119502193713080253e-07 6.208336384614632528e-31
2.221845610301974886e-07 6.222455005484898626e-31
2.329130835844960903e-07 6.237255365634170137e-31
2.441596493172414545e-07 6.252380778768271961e-31
2.559492727384359302e-07 6.268073427232484976e-31
2.683081762220906088e-07 6.284523819314004757e-31
2.812638483297936555e-07 6.301768543826435193e-31
2.948451049505221068e-07 6.318360970996413873e-31
3.090821533926774205e-07 6.334051247159679369e-31
3.240066595709152459e-07 6.350499152390061195e-31
3.396518184371821106e-07 6.367741269969928163e-31
3.560524278126295176e-07 6.387373404196905775e-31
3.732449657846149142e-07 6.413188218534882492e-31
3.912676718409284381e-07 6.440249540805612107e-31
4.101606319217255044e-07 6.468617560557862346e-31
4.299658675783071597e-07 6.498355373685139624e-31
4.507274294370786931e-07 6.521041461163063556e-31
4.724914951765478592e-07 6.544716457694687936e-31
4.953064722353114900e-07 6.569534637771939805e-31
5.192231054794365304e-07 6.595551201766962961e-31
5.442945900687348041e-07 6.621945138733714377e-31
5.705766897729599404e-07 6.649305189571649908e-31
5.981278610010711719e-07 6.677986362458480712e-31
6.270093828194646015e-07 6.708052449800092471e-31
6.572854932483103959e-07 6.755275312388712655e-31
6.890235321391799136e-07 6.820912418561452282e-31
7.222940909517384002e-07 6.889718913150332918e-31
7.571711697626215102e-07 6.961847834939621840e-31
7.937323418557543387e-07 7.039200675577277779e-31
8.320589262601387694e-07 7.126347715065691565e-31
8.722361686189098254e-07 7.217702783115399252e-31
9.143534307919116760e-07 7.313469070844251885e-31
9.585043896135609674e-07 7.413859580765126977e-31
1.004787245248002457e-06 7.503995549064104000e-31
1.053304939605031781e-06 7.597542550106543465e-31
1.104165385302565524e-06 7.695606611677037290e-31
1.157481705684895333e-06 7.798405846976276516e-31
1.213372486430635610e-06 7.940504140913552195e-31
1.271962039309901933e-06 8.111413464817746936e-31
1.333380678677432404e-06 8.290575407750663836e-31
1.397765011316605255e-06 8.478388460088837818e-31
1.465258240278991160e-06 8.676330098896209345e-31
1.536010483395321506e-06 8.884236860793074032e-31
1.610179107166190378e-06 9.102182719798484123e-31
1.687929076775210467e-06 9.330652429125057027e-31
1.769433323003093384e-06 9.592460503786630207e-31
1.854873126858702040e-06 9.870794837385930662e-31
1.944438522782676812e-06 1.016256897149076211e-30
2.038328721320296967e-06 1.049915752108061983e-30
2.136752552203790898e-06 1.086763377233196924e-30
2.239928928829508944e-06 1.125390246493899312e-30
2.348087335163174040e-06 1.165662538182916195e-30
2.461468336156015399e-06 1.207831289316770229e-30
2.580324112807167236e-06 1.252643926518243333e-30
2.704919023062384619e-06 1.309307515023723487e-30
2.835530189796554791e-06 1.368707191871564879e-30
2.972448117187962186e-06 1.424922228619177597e-30
3.115977336855013961e-06 1.478243073740276152e-30
3.266437085192729992e-06 1.534138597708741608e-30
3.424162013415464500e-06 1.601641667665534567e-30
3.589502931885061596e-06 1.677404356366414303e-30
3.762827590380178587e-06 1.760423999793655496e-30
3.944521496041970628e-06 1.851978235882894435e-30
4.134988770815623201e-06 1.950255472261258615e-30
4.334653050294670824e-06 2.060519731782462210e-30
4.543958425967560961e-06 2.178616882600157244e-30
4.763370432961863823e-06 2.306414310919477407e-30
4.993377085483325586e-06 2.400246967216460516e-30
5.234489962252673565e-06 2.404760326646564082e-30
5.487245344354312938e-06 2.411616323606440365e-30
5.752205408027994321e-06 2.424256124220117453e-30
6.029959475056053603e-06 2.446911010803236243e-30
6.321125323527619349e-06 2.472865392279897442e-30
6.626350561895091383e-06 2.500792041467569350e-30
6.946314069378910016e-06 2.534573247850870213e-30
7.281727505924746763e-06 2.573494081176761451e-30
7.633336895071032123e-06 2.617431375006376579e-30
8.001924283247832193e-06 2.670697272185131249e-30
8.388309479197333251e-06 2.729110948947100949e-30
8.793351877385235013e-06 2.793379396059504165e-30
9.217952369458045768e-06 2.867159429787226778e-30
9.663055347998176429e-06 2.946287272041662119e-30
1.012965080703344312e-05 3.032224053253770102e-30
1.061877654397268691e-05 3.126005025875556199e-30
1.113152046786564637e-05 3.221686585108657875e-30
1.166902301912028394e-05 3.330967993093621504e-30
1.223247970606009112e-05 3.444818208615261539e-30
1.282314376396296775e-05 3.559126489606505166e-30
1.344232894249560341e-05 3.682587126386125016e-30
1.409141242774394032e-05 3.817673096965076721e-30
1.477183790533783267e-05 3.959221488027217962e-30
1.548511877148364373e-05 4.102784756826409751e-30
1.623284149904650011e-05 4.257510784642020772e-30
1.701666916616865466e-05 4.418225713585127241e-30
1.783834515527327015e-05 4.588548928198870434e-30
1.869969703067961297e-05 4.771766193555496396e-30
1.960264060345526767e-05 4.965801283116246592e-30
2.054918419254549934e-05 5.175404425777292556e-30
2.154143309165860453e-05 5.416426595063677374e-30
2.258159425184084996e-05 5.682184347736877485e-30
2.367198119015717316e-05 5.980300957292769227e-30
2.481501913539503929e-05 6.302514986163385766e-30
2.601325042223602782e-05 6.644520245945862968e-30
2.726934014589428573e-05 7.018380058315522747e-30
2.858608208979685760e-05 7.426903840199598549e-30
2.996640493949165790e-05 7.868319921290892376e-30
3.141337879660356642e-05 8.352671457626987041e-30
3.293022200732626453e-05 8.883164065370577984e-30
3.452030832063951514e-05 9.456865456504484848e-30
3.618717439217071865e-05 1.003469303969206159e-29
3.793452765039271842e-05 1.076596729036039318e-29
3.976625454265213868e-05 1.155583262782356615e-29
4.168642917937139051e-05 1.193144471178525662e-29
4.369932239564771785e-05 1.146915304350794079e-29
4.580941125040622816e-05 1.121101149284540981e-29
4.802138898423413232e-05 1.098995680651460419e-29
5.034017545804333349e-05 1.070031398753544988e-29
5.277092809578182479e-05 1.037198713346951637e-29
5.531905335552869148e-05 1.005847084522317456e-29
5.799021875448961223e-05 9.782194949502797877e-30
6.079036547463771483e-05 9.503595042485332794e-30
6.372572157703587886e-05 9.377524343208873117e-30
6.680281585423547628e-05 9.271876718578861093e-30
7.002849235155676950e-05 9.102842915100002206e-30
7.340992558955342204e-05 8.941878364926183123e-30
7.695463652151505692e-05 8.845904918530746530e-30
8.067050926150549570e-05 8.731772336531197585e-30
8.456580862013695558e-05 8.671642635317284645e-30
8.864919848708748158e-05 8.593482547001760423e-30
9.292976110124657920e-05 8.578333165893198683e-30
9.741701725134746482e-05 8.572839566075333474e-30
1.021209474520216686e-04 8.567344357243509627e-30
1.070520141423681484e-04 8.561847581430487330e-30
1.122211849564162529e-04 8.556349280341425614e-30
1.176399571172388747e-04 8.550849495356277169e-30
1.233203830089702748e-04 8.550408305123826236e-30
1.292750969836129382e-04 8.690416368393637377e-30
1.355173434622474772e-04 8.734803582761227616e-30
1.420610063931554217e-04 8.841135943464597118e-30
1.489206401323693975e-04 8.976066649633182981e-30
1.561115018153439815e-04 9.117512692050538502e-30
1.636495852917362243e-04 9.228803176875619153e-30
1.715516566987824955e-04 9.291361588764738026e-30
1.798352917523901931e-04 9.438118256780430764e-30
1.885189148388835892e-04 9.687203450104770605e-30
1.976218399943618659e-04 9.926163457500249246e-30
2.071643138628011434e-04 1.017694352864555773e-29
2.171675607284579855e-04 1.040297663627362296e-29
2.276538297227317074e-04 1.065469788588346636e-29
2.386464443104780494e-04 1.093605331155588592e-29
2.501698541658547016e-04 1.121645486438791373e-29
2.622496895530620998e-04 1.157379212836031483e-29
2.749128183329470191e-04 1.147190277617544669e-29
2.881874057222569762e-04 1.139377788497930878e-29
3.021029769384553734e-04 1.131863032845391147e-29
3.166904828694568812e-04 1.130768028275207424e-29
3.319823689142973656e-04 1.131475473942648288e-29
3.480126471479043034e-04 1.137327446250262391e-29
3.648169719704558471e-04 1.145130547959734781e-29
3.824327194095558939e-04 1.157374191234151846e-29
4.008990702516809085e-04 1.171773892829410469e-29
4.202570971877106769e-04 1.192230894252105205e-29
4.405498561664446928e-04 1.216088780334646293e-29
4.618224821592666388e-04 1.247653457664230235e-29
4.841222895489190456e-04 1.284169640578225964e-29
5.074988773657360510e-04 1.326725295623297577e-29
5.320042396053720939e-04 1.373924916602163634e-29
5.576928808733492378e-04 1.399685383964284086e-29
5.846219376137421929e-04 1.400799286919935620e-29
6.128513051915116883e-04 1.422200949853707374e-29
6.424437711112462824e-04 1.432092175826299657e-29
6.734651546685803966e-04 1.434219883292512272e-29
7.059844533448407207e-04 1.449967479099121031e-29
7.400739962706648703e-04 1.470962448658065390e-29
7.758096050997617720e-04 1.480170686795966791e-29
8.132707626507654003e-04 1.505820339916263709e-29
8.525407896922236606e-04 1.527860213815267312e-29
8.937070302638529338e-04 1.558129818308815635e-29
9.368610459464179899e-04 1.600676284573748647e-29
9.820988195121244362e-04 1.651459706467497516e-29
1.029520968408653529e-03 1.706240044897459453e-29
1.079232968551608772e-03 1.769192429244551564e-29
1.131345388923035234e-03 1.838917380389805321e-29
1.185974137498022312e-03 1.917892612472394287e-29
1.243240719046112422e-03 1.995246018046845620e-29
1.303272505381138048e-03 2.078318868059343030e-29
1.366203018660494236e-03 2.179173055291855290e-29
1.432172228363842162e-03 2.297144624438377620e-29
1.501326862612048507e-03 2.429972403437418045e-29
1.573820734518470432e-03 2.594274001003669540e-29
1.649815084298725558e-03 2.730484517060785743e-29
1.729478937899765235e-03 2.918583537603928326e-29
1.812989482945768539e-03 3.152939910840794210e-29
1.900532462837365572e-03 3.392862768714119878e-29
1.992302589880333864e-03 3.611317061630964499e-29
2.088503978362991984e-03 3.939434534882811963e-29
2.189350598545410781e-03 4.275447620249896685e-29
2.295066752570033754e-03 4.672011339137167391e-29
2.405887573352525829e-03 5.046598216442138989e-29
2.522059547562341495e-03 5.536252668525672925e-29
2.643841063856016034e-03 6.224863745624368003e-29
2.771502987583043462e-03 6.837994515457069385e-29
2.905329263241996675e-03 7.465625442278089983e-29
3.045617546027377422e-03 8.183935497537437019e-29
3.192679863871691545e-03 9.099573575187466284e-29
3.346843311454987188e-03 1.024210282686318298e-28
3.508450777726093792e-03 1.145928872080955230e-28
3.677861708552944333e-03 1.280182653304912464e-28
3.855452906198903774e-03 1.435914564236336131e-28
4.041619367403061734e-03 1.599530186519813815e-28
4.236775161928194727e-03 1.721453801603923728e-28
4.441354353531256141e-03 1.861083099893513982e-28
4.655811965403830813e-03 2.016875182302720975e-28
4.880624992230707393e-03 2.191936140871309549e-28
5.116293461117273761e-03 2.387860417829146213e-28
5.363341543745019264e-03 2.606246847808199647e-28
5.622318722229778000e-03 2.852239019660969626e-28
5.893801011274602507e-03 3.138218758830562129e-28
6.178392239336584837e-03 3.457555024044170118e-28
6.476725391656818105e-03 3.824546692919432594e-28
6.789464018140106867e-03 4.243070023056346516e-28
7.117303709217089741e-03 4.715674724040791395e-28
7.460973642969826770e-03 5.268182903278077274e-28
7.821238206963253281e-03 5.907901531181407059e-28
8.198898698389311263e-03 6.643059937183632704e-28
8.594795106304550791e-03 7.504339338701722961e-28
9.009807979926381244e-03 8.508665100797811707e-28
9.444860387142931663e-03 9.691592022822433801e-28
9.900919967591794227e-03 1.105523011030117950e-27
1.037900108487598352e-02 1.268473547959721170e-27
1.088016708270176346e-02 1.462102096157499301e-27
1.140553264995833836e-02 1.691009806318828246e-27
1.195626629999911074e-02 1.958929634557772799e-27
1.253359296963789046e-02 2.295589461112593405e-27
1.313879674364306499e-02 2.690578394141657007e-27
1.377322371078666327e-02 3.168490013250281605e-27
1.443828495780312936e-02 3.756496804402074128e-27
1.513545970791606993e-02 4.480119012627969365e-27
1.586629861091238061e-02 5.352445388846872049e-27
1.663242719208447851e-02 6.445199711830563730e-27
1.743554946770810299e-02 7.723602003150120474e-27
1.827745173510029325e-02 9.368167608357278065e-27
1.916000654568624298e-02 1.149030092476296399e-26
2.008517686991020956e-02 1.410702093167669402e-26
2.105502046325791188e-02 1.739133341337976485e-26
2.207169444309659348e-02 2.166587795444250732e-26
2.313746008651645231e-02 2.731480960131548344e-26
2.425468785984332548e-02 3.467902651667604287e-26
2.542586269100717555e-02 4.436053692816181633e-26
2.665358949649793141e-02 5.680421519518079958e-26
2.794059897519582392e-02 6.108424446996352244e-26
2.928975368196776521e-02 6.417201119385302569e-26
3.070405439453677970e-02 6.740891700679536604e-26
3.218664678778308808e-02 7.086163768163305550e-26
3.374082843032773921e-02 7.448107827374166729e-26
3.537005611895319840e-02 7.829392247069526976e-26
3.707795356718028568e-02 8.229490268676086473e-26
3.886831946510001246e-02 8.657593743005766852e-26
4.074513592838404502e-02 9.111143016732508342e-26
4.271257735527122373e-02 9.588552615230898262e-26
4.477501971122758995e-02 1.009122610950883071e-25
4.693705026192682150e-02 1.062360176531833138e-25
4.920347777620802387e-02 1.119460735204693681e-25
5.157934322169337865e-02 1.179215462687457798e-25
5.406993097686391136e-02 1.241123290228641769e-25
5.668078058452775264e-02 1.306020432243280037e-25
5.941769907281822111e-02 1.376233941995704771e-25
6.228677387113699254e-02 1.449953028191619458e-25
6.529438634975637257e-02 1.529393855121504210e-25
6.844722601320678279e-02 1.613309231766591960e-25
7.175230537901410022e-02 1.701371440089562882e-25
7.521697557487400099e-02 1.793750261842191989e-25
7.884894268896833203e-02 1.892136416893729576e-25
8.265628490977289244e-02 1.997403238483852029e-25
8.664747049349284802e-02 2.108859739202966025e-25
9.083137659908413486e-02 2.229067605459423067e-25
9.521730903274522317e-02 2.355373293465139149e-25
9.981502294581313939e-02 2.491381196397214491e-25
1.046347445320778419e-01 2.633956449677144490e-25
1.096871937727921936e-01 2.790743159790531325e-25
1.149836082799603476e-01 2.955912928677804290e-25
1.205357682909266870e-01 3.133438871610960316e-25
1.263560228698808185e-01 3.321215078529165654e-25
1.324573173745279830e-01 3.523238399799456984e-25
1.388532222490395929e-01 3.739300654711535344e-25
1.455579632073161489e-01 3.972030800318322517e-25
1.525864528736850523e-01 4.226471825818879727e-25
1.599543239514282789e-01 4.496203033597017372e-25
1.676779639929037446e-01 4.790933147495842507e-25
1.757745518485825387e-01 5.100331409464602931e-25
1.842620958761036487e-01 5.439070758563427058e-25
1.931594739942908701e-01 5.794166657055174325e-25
2.024864756712534131e-01 6.188207545931518278e-25
2.122638459399474320e-01 6.605033216724788483e-25
2.225133315390794841e-01 7.063469113762990793e-25
2.332577292820202652e-01 7.554308660330464060e-25
2.445209367612587170e-01 8.091344034961802302e-25
2.563280055012167047e-01 8.676641393063126235e-25
2.687051966776298206e-01 9.308825460106694404e-25
2.816800395274031699e-01 1.000958816224064637e-24
2.952813925789085636e-01 1.075661443628096175e-24
3.095395078388476495e-01 1.160646713829177821e-24
3.244860980784981530e-01 1.249735628243450333e-24
3.401544073689820591e-01 1.351467522320813971e-24
3.565792850224098198e-01 1.458228520422547269e-24
3.737972631034280901e-01 1.580419947655447033e-24
3.918466376834880416e-01 1.710930887990477552e-24
4.107675540186300767e-01 1.856608349148687475e-24
4.306020958402105858e-01 2.014431571597744382e-24
4.513943789571336351e-01 2.190749779999379659e-24
4.731906493778629264e-01 2.388314242765154193e-24
4.960393861703515928e-01 2.601897510249531281e-24
5.199914092887573114e-01 2.841759931590989276e-24
5.450999926067392476e-01 3.098081853033820987e-24
5.714209824086974310e-01 3.403183971002537883e-24
5.990129216026091052e-01 3.723018413030252773e-24
6.279371799306054935e-01 4.101057742087960369e-24
6.582580904670102262e-01 4.499752104280031840e-24
6.900430927074000520e-01 4.976040405100360079e-24
7.233628825668905193e-01 5.492616825131402491e-24
7.582915696213669010e-01 6.074732275295357628e-24
7.949068419413534148e-01 6.712282018652113496e-24
8.332901388850753044e-01 7.491480645113601995e-24
8.735268322351956716e-01 8.340378054557033819e-24
9.157064160819176069e-01 9.375217956963649066e-24
9.599227058749507657e-01 1.047104313882928221e-23
1.006274047087012180e+00 1.171097550942937551e-23
1.054863533952884680e+00 1.335382206775864966e-23
1.105799238770748039e+00 1.507599599371702798e-23
1.159194452275550624e+00 1.722612254631449862e-23
1.215167935619263284e+00 1.951178635869857697e-23
1.273844184518392986e+00 2.234747205942412079e-23
1.335353706156162668e+00 2.547255239464823968e-23
1.399833309455491559e+00 2.905595265779904565e-23
1.467426409368093321e+00 3.304344106047552333e-23
1.538283345856747530e+00 3.770227506537349259e-23
1.612561718280126843e+00 4.330295271161577402e-23
1.690426735923780788e+00 4.913134929148781890e-23
1.772051585457240508e+00 5.509959239394706114e-23
1.857617816134153887e+00 6.146251490027894648e-23
1.947315743592534121e+00 7.277299599736368615e-23
2.041344873153133399e+00 8.496923218780909107e-23
2.139914343557266285e+00 9.895642295391030605e-23
2.243243392131442526e+00 1.146404499243870903e-22
2.351561842412929426e+00 1.364848747648035959e-22
2.465110615321240761e+00 1.625990573596852972e-22
2.584142265012329798e+00 1.953117286595057374e-22
2.708921540607127643e+00 2.372388280625743804e-22
2.839725975044311124e+00 2.861342043052566924e-22
2.976846502366413905e+00 3.484848178547706445e-22
3.120588104812754615e+00 4.305777640291189688e-22
3.271270491158263738e+00 5.332624703404021352e-22
3.429228807806705692e+00 6.641709437861025556e-22
3.594814384220351933e+00 8.437919908092319204e-22
3.768395514343895858e+00 1.112645035852280369e-21
3.950358275760312399e+00 1.446644117483521568e-21
4.141107388401377598e+00 1.796770857417366562e-21
4.341067114721868236e+00 2.344384814505769679e-21
4.550682203340377541e+00 2.990585769445140418e-21
4.770418878245287431e+00 3.909732046612443080e-21
5.000765875765702084e+00 5.336315654780382608e-21
5.242235531614685584e+00 7.327483121122249754e-21
5.495364920421453192e+00 1.007804922804085178e-20
5.760717050288025831e+00 1.384303095298786667e-20
6.038882115026920516e+00 1.906013756561335400e-20
6.330478806864567431e+00 2.621904397448140431e-20
6.636155692531367833e+00 3.761326828029375404e-20
6.956592655797612323e+00 5.425045246176246442e-20
7.292502409664964880e+00 8.087341356959214359e-20
7.644632081576500759e+00 9.088454199999999872e-10
