# Washington
# 10.1103/PhysRevLett.68.135
# Extrapolated by https://arxiv.org/pdf/2002.02495.pdf
# lambda [m]   g_p_N * g_s_N [dimensionless]
0.0668744910761861	3.6232494754152177e-17
0.0725677157090298	1.327973920404606e-17
0.08979509306573169	6.771444536724451e-19
0.09995948115722553	2.285938205181337e-19
0.11499716406456348	2.3838548334069317e-20
0.1316445805467757	1.8376673565116575e-21
0.1510443475720473	2.396474016764703e-22
0.18279081913873038	3.8246748414538526e-23
0.22057952283327978	1.1851365751603418e-23
0.2901927560654375	1.6649187137711048e-24
0.39295210776821715	2.3881645268255695e-25
0.4705734591924025	8.08990894821628e-26
0.6452186440274216	2.578593951958059e-26
1.063193277453322	1.1996604616813281e-26
1.6663587868840166	5.989818089355555e-27
2.6117091459388777	3.5131057994922765e-27
4.093370957484886	2.241398735974405e-27
6.415601760875739	1.404110540066219e-27
18.03536911955353	4.639263693524607e-28
168.48292738037358	2.7581747770789734e-29
264.0658217410082	1.9639208349669315e-29
413.87432718525275	1.2124101981670739e-29
648.6714470418904	8.760085584774615e-30
1016.6724983139111	5.882802252997172e-30
6134.882536165261	8.798321146258113e-31
37019.57493191135	1.209664880965337e-31
90937.71046035162	5.014949643546627e-32
548743.2508573744	8.714390454391323e-33
2112701.1746686264	2.479986291393785e-33
3799232.400448285	1.4519429757966245e-33
22324153.135708686	6.529335741039789e-34
118748153.63066024	3.631955126577371e-34
870997476300.068	3.0074705990684633e-34
