# Cs/Cav
# https://arxiv.org/pdf/2201.02042.pdf
# mass [eV] d_me  
2.305702663923193537e-10 1e30
2.305702663923193537e-10 2.744134504531254788e+04
2.534338061853956391e-10 4.064677506541861658e+04
2.785645136408468896e-10 3.485470991634609527e+04
3.067909032897412503e-10 3.948094360080682964e+04
3.376556474706141486e-10 3.928163099140703707e+04
3.558654458708547751e-10 6.385555529291033599e+04
3.738771427194421702e-10 5.069549035043834738e+04
4.094966592692500277e-10 7.778953276885896048e+04
4.353783694088227299e-10 6.697655435158223554e+04
4.685572227033311966e-10 3.586123909275175538e+04
4.954281678150487653e-10 4.691492984459007857e+04
5.088194527861788471e-10 9.634098255034697650e+04
5.156502259123654734e-10 3.819665718878916232e+04
5.366976945540475829e-10 6.386157756449485896e+04
5.683240196753433734e-10 4.821797939187679003e+04
6.222234449689739959e-10 3.817910055213832675e+04
6.839236403880440057e-10 4.327394567513462243e+04
7.517420786112616614e-10 4.740135055446004844e+04
8.262854496945636050e-10 5.104305323532714101e+04
9.082206035855154649e-10 5.623071794757554744e+04
9.982805156282805972e-10 6.159392058611269022e+04
1.097270843613086964e-09 6.863100526543012529e+04
1.206077135028144606e-09 7.778953276885896048e+04
1.325672748988693203e-09 8.618484614632460580e+04
1.457127563711106527e-09 9.768586206117428083e+04
1.601617547427447762e-09 1.119896903182978567e+05
1.760435278359802214e-09 1.328498157893102907e+05
1.935001507864125715e-09 1.640035374973486469e+05
2.126877870185012411e-09 2.499411329400861287e+05
2.337780852520327952e-09 3.809098930953469826e+05
2.569597150369187478e-09 4.977853937746427837e+05
2.824400545528895701e-09 3.598277181961706374e+05
3.104470457728282983e-09 2.243134022877166281e+05
3.412312335856349830e-09 1.837843348952815868e+05
3.750680071202207985e-09 1.806717285680596251e+05
4.122600633210485990e-09 1.880180507997315144e+05
4.531401148138951818e-09 2.013134126984695322e+05
4.980738662858142420e-09 2.192624020523279032e+05
5.474632860054438066e-09 2.334342456379631185e+05
6.017502017499766626e-09 2.601040295707836340e+05
6.614202533072426800e-09 2.691433557299434324e+05
7.270072369112186543e-09 2.948138505819091806e+05
7.990978804753438136e-09 3.174635088187010842e+05
8.783370923419938952e-09 3.341555555227520526e+05
9.654337305022989694e-09 3.618823305709474953e+05
1.061166943896602838e-08 3.896846576773141860e+05
1.166393142523599246e-08 4.196229536532021593e+05
1.282053658711251677e-08 4.391787784959921264e+05
1.409183168085753417e-08 4.570362974875604850e+05
1.548918945570789589e-08 4.596459697975414456e+05
1.702511039219374506e-08 4.729195583750646329e+05
1.871333452891359138e-08 5.034863219749658601e+05
2.056896437814568869e-08 5.092525405248085735e+05
2.260860002987327614e-08 5.483768760210484033e+05
2.485048765283862738e-08 5.871543710146861849e+05
2.731468272108428110e-08 6.251046070275855018e+05
3.002322942617481419e-08 7.004997343084710883e+05
3.300035788008412224e-08 7.716937072837466840e+05
3.627270087288473719e-08 8.549775408981690416e+05
3.986953212431091471e-08 9.635688361231172457e+05
4.382302816054527856e-08 1.098389346792332362e+06
4.816855615892524840e-08 1.295586640569547191e+06
5.294499033557111934e-08 1.519510993349338649e+06
5.819505970627532315e-08 1.854601377892131452e+06
6.396573033164958813e-08 2.237957229206706397e+06
7.030862546602241403e-08 2.778540971719506197e+06
7.728048736864839995e-08 3.469401739278096240e+06
8.494368490850378393e-08 4.431833475925708190e+06
9.336677150359671017e-08 5.597147447687807493e+06
1.028679576983337404e-07 6.110085813480718993e+06
1.128014886787756513e-07 9.237829851171230897e+06
1.239869783148814111e-07 1.214122812845155969e+07
1.362816304262781553e-07 1.577646696590502746e+07
1.646492702284635340e-07 2.835988202310528234e+07
1.809760290975543906e-07 3.791537639489755780e+07
1.982177321251082908e-07 5.057515448423171043e+07
2.152671549464446985e-07 9.052917288155597448e+07
2.190781106764149684e-07 7.138744705011522770e+07
2.401704885634633458e-07 1.075391603748714626e+08
2.641593782916459089e-07 1.428793046957576275e+08
2.903536424167910111e-07 1.825148348773831725e+08
3.191453516051975427e-07 2.240359253095836341e+08
3.507920706742786433e-07 2.781523210032172203e+08
3.855769047834184251e-07 3.473125485983355045e+08
4.238110320355728089e-07 3.593826092241923809e+08
4.603634611794709645e-07 3.553133537902109623e+08
4.603634611794709645e-07 1e30