# GEO 600
# https://www.nature.com/articles/s41586-021-04031-y
# mass [eV] 	d_me
2.122622813641128072e-13 1e30
2.122622813641128072e-13 5.551370767597624933e+01
2.208336244110711596e-13 4.032103851005935269e+01
2.241046865560487168e-13 2.922453217718010166e+01
2.318394074784927194e-13 2.037873026681055677e+01
2.483294948184926067e-13 1.756410996109773848e+01
2.595602298190660329e-13 1.243169705452396556e+01
2.635219915878405150e-13 9.758835713119170308e+00
2.867412700206206817e-13 1.933985352759232867e+01
2.949953200510610752e-13 1.071307248836323112e+01
3.044011029164444891e-13 7.399856908970101621e+00
3.082991600015621806e-13 5.611108116065471663e+00
3.327584250963974267e-13 7.438962398161723222e+00
3.384521052762659857e-13 5.776148708982039359e+00
3.442432074642526093e-13 3.200852815248612426e+00
3.448277398253697567e-13 4.219019039692763151e+00
3.501333986046431785e-13 2.459311969462754099e+00
3.622178586195230538e-13 1.421521049966961270e+00
3.628329123244248514e-13 1.830742623100370503e+00
3.856843792648360841e-13 1.141639965560397263e+00
3.922836517108139364e-13 8.606697379981179674e-01
4.044481906839624416e-13 6.654743213304363803e-01
4.291918395800608238e-13 5.019582255682702998e-01
4.780704494409348155e-13 6.025131323182265630e-01
5.128816168325658123e-13 6.116551490899192478e-01
5.128816168325658123e-13 4.749333187422730140e-01
5.246157754858091966e-13 3.568746626492084184e-01
5.874385060345384488e-13 4.086908854409738723e-01
6.233772800881110934e-13 1.151308286188293062e+00
6.412556961890587361e-13 3.846546382606136349e-01
6.522279348230246858e-13 2.803680212288677809e-01
7.139967705849389732e-13 2.368531389525967701e-01
7.838286363274658518e-13 2.331374381264793016e-01
8.207680013078841270e-13 3.143644155482472335e-01
8.826697516427935922e-13 2.382189362521720255e-01
9.209130838168867652e-13 1.884895776048416960e-01
9.855786387340413401e-13 2.368531389525967701e-01
1.019594775722874299e-12 1.931832799465830752e-01
1.128850838314385425e-12 1.925056620562496379e-01
1.249814382640036637e-12 2.087094654892953927e-01
1.341362570658425752e-12 2.582980707638656837e-01
1.407416493346380159e-12 2.022124523323422518e-01
1.558230118671550505e-12 2.184643145785311602e-01
1.725204382792178959e-12 2.487960798587967037e-01
1.910071000901178472e-12 2.576937055692001821e-01
2.114747252484298109e-12 2.843364831436202556e-01
2.341355865713844335e-12 3.115367671555041018e-01
2.592247032581652631e-12 3.674790736612151831e-01
2.870022783093519531e-12 4.155694218027014553e-01
3.177563971313530574e-12 4.380604048920931914e-01
3.513799395573880023e-12 4.843226645986644652e-01
3.901656531759610682e-12 5.344501098331717603e-01
4.312421251141786551e-12 6.159687669816478195e-01
4.774524605684425928e-12 7.214893755236325701e-01
5.286145272623948476e-12 8.691793718421874093e-01
5.852589346804452492e-12 1.014506027179341130e+00
6.479731504867721983e-12 1.151308286188293062e+00
7.174075932407663436e-12 1.391865046475213363e+00
7.942823779856839065e-12 1.712508617849008097e+00
8.793947846700087827e-12 2.114435445072492037e+00
9.736275268576454120e-12 2.547263666377788560e+00
1.077957906482986190e-11 3.167288480252234528e+00
1.193467949596158420e-11 3.938232405836280758e+00
1.321355628217892359e-11 4.983623217545744666e+00
1.450589726506944740e-11 6.088758964019534758e+00
1.592463459277373886e-11 7.786651255513885594e+00
1.763106043492418870e-11 9.716066356197261555e+00
1.952034065516372544e-11 1.233844299377614284e+01
2.161206926265499821e-11 1.572375518593108978e+01
2.372581988638891661e-11 1.917009381489897990e+01
2.372581988638891661e-11 1e30

