# H/Quartz/Sapphire
# Comparisons of a bulk acoustic wave quartz oscillator with a H-maser and a cryogenic sapphire oscillator
# d_g = 0
# https://arxiv.org/pdf/2010.08107.pdf
# mass [eV] 	d_me
4.1655143149263116e-19	1e30
4.1655143149263116e-19	11.654867223671637
4.52371232701404e-19	12.72973628257409
4.9278336973623145e-19	13.849623679888538
5.36805685097318e-19	15.068032189881478
5.847505454252091e-19	16.507314348606748
6.369776063625148e-19	18.084075184462524
6.939536050545707e-19	18.87586986276819
7.505891448018392e-19	6.483891128753273
8.141035935432668e-19	7.19163812871558
8.868384265240705e-19	7.797326764033738
9.660465006438503e-19	8.54211899408759
1.0523199243186323e-18	9.39044465215295
1.1463278848427584e-18	10.216560793735573
1.2487339536205392e-18	11.11535377913808
1.3603001673977672e-18	12.051502587110328
1.4818598018247067e-18	12.976506563202975
1.6142402828294982e-18	14.118103359767614
1.7584468432849103e-18	15.360131134390818
1.915535954311994e-18	16.71142521438277
2.0866584658353822e-18	18.181598207233247
2.2730286021321906e-18	19.91828482875211
2.4760444081789772e-18	21.820857880439796
2.8848243634484903e-18	25.7554964281632
3.042539239827193e-18	5.880801432552909
3.2594023153090357e-18	5.977687479196487
3.550516200832744e-18	6.5486697302843515
3.867630955886017e-18	7.174191589237643
4.183787455271135e-18	7.333806750559011
4.589916958360566e-18	8.203581996997944
4.99986590933962e-18	8.987179288079357
5.4607479960161224e-18	8.938025887481484
5.502520326217788e-18	6.466307547416372
5.8570942682862075e-18	6.076499725780549
6.380885490640871e-18	6.3865375379406615
6.950794998140985e-18	6.9965727050117845
7.571606037601675e-18	7.6648777722991825
8.18930967489779e-18	8.319038424452353
8.953441771510868e-18	8.809710924259797
9.828249552256169e-18	9.170115422643633
1.0603844699847371e-17	9.667614212640617
1.1634717347806266e-17	10.260850773926663
1.2657349078778626e-17	10.69507249491777
1.3826935825613765e-17	11.847475330718229
1.506230826470835e-17	12.836410285305597
1.5790738792515143e-17	12.58262252385197
1.6298745953205917e-17	15.369516556200722
1.792157857411646e-17	16.33859217919298
1.9416656485808444e-17	15.913729019187949
2.110392302319322e-17	19.428721938226616
2.31084942952095e-17	21.339883024211375
2.510562288226875e-17	23.927040594820447
2.716919870776656e-17	28.258634783669425
2.908249283663043e-17	35.4630781007695
3.1502775518175155e-17	37.20470806060976
3.33588748069688e-17	36.286477899733995
3.441720018611495e-17	46.25418739553576
3.7167680046951615e-17	47.86982791550311
4.085658452734934e-17	47.08742384523017
4.373562651304052e-17	49.740806333080606
4.383821649220528e-17	71.3651529783713
4.7605111606180076e-17	74.11246598190186
4.763072179798135e-17	59.82055928007535
5.188756565024129e-17	64.18985630504132
5.191773146582311e-17	50.92397762097278
5.457869328643345e-17	52.032882459049745
5.67066550638326e-17	69.92838463170168
6.070360965784536e-17	73.3831742986798
6.150411095882318e-17	57.978168378790755
6.64114269784157e-17	52.54384539139752
7.211169069514504e-17	56.49391962062655
7.826023242808173e-17	65.74428235274989
7.934414459011559e-17	50.7458733173425
8.423195746413242e-17	46.64478485638819
8.602443868478448e-17	62.334088161715414
9.278146623001171e-17	61.129758329319486
9.512437188361918e-17	51.50160462566988
1.027932767856734e-16	43.28240030754643
1.0309757076178797e-16	55.36793600826347
1.1237610194179054e-16	47.264025749296735
1.1674396689238709e-16	41.13509565918219
1.2309277530530826e-16	55.64222186222508
1.2746348333145658e-16	40.70844609905372
1.3143283498654021e-16	60.39235812048085
1.3233203973050436e-16	33.799410049456505
1.382699348664461e-16	46.16175201788045
1.4351781114447318e-16	37.98798429316561
1.5061691658539906e-16	50.92176893656311
1.5641549536245891e-16	40.005400770027094
1.629346333613747e-16	51.34017461039943
1.6978850455754011e-16	38.87665653560788
1.7807374678074983e-16	55.12758341823297
1.867610291998802e-16	39.387720797739206
1.9410657980030941e-16	52.837582798206995
2.0322336664058028e-16	37.440674638729696
2.1231718988056612e-16	46.48321490435159
2.217897552495619e-16	34.349056057653584
2.3054919306135215e-16	43.28725025330497
2.4138326798576747e-16	30.388477824876666
2.465180616149825e-16	24.333835546435385
2.503294336401889e-16	41.44089289572308
2.633469329264432e-16	31.895595587067138
2.7467235039879217e-16	43.56034613045326
2.859043412401525e-16	28.237620581591752
2.9720256268672003e-16	40.14468679431353
3.0693006811326567e-16	24.589647837696244
3.1304923790719015e-16	30.160146852409532
3.3806881902857736e-16	37.54214445140199
3.3834753281016676e-16	27.036879660159066
3.6673055188600564e-16	28.34397632210089
3.6835293194707686e-16	37.33537649695903
3.7546562203544096e-16	22.647792128356052
4.014682779734902e-16	33.014112172376734
4.0758985302231e-16	23.65846642665505
4.359032701593884e-16	31.88015122883878
4.456194542228416e-16	22.051566065883836
4.794880323407584e-16	29.11527390162985
4.839848964071706e-16	21.536430089957918
5.194200323700669e-16	29.88740490734843
5.280262922127444e-16	22.54992099412827
5.465945351241706e-16	20.413145398152142
5.740983378220289e-16	29.729672740072285
5.912469067076804e-16	21.272925989490737
6.290454435773594e-16	30.863127383832698
6.412167127870712e-16	52.370238902581846
6.474704481100122e-16	21.654113751214076
6.477015708416479e-16	42.375142703284205
6.814066499754994e-16	32.16696997719889
6.847533450804667e-16	25.222839156756326
7.019493033615119e-16	20.678872562891566
7.429880673329189e-16	23.930751770362686
7.477598411805608e-16	32.21537267267522
7.648761748539618e-16	20.07352807341698
8.119117623247402e-16	25.20271770681287
8.120423483823184e-16	33.9354224455864
8.607598290461592e-16	44.31165892336716
8.665405129469211e-16	93.86878588852113
8.672383634975798e-16	68.1177257710138
8.674791319046364e-16	60.98725471014419
8.808003996092847e-16	23.700061689927693
8.878414583647322e-16	30.28701180721769
9.182910167471344e-16	67.71122543694658
9.36305717625936e-16	48.40913460595311
9.559921924026725e-16	25.494961012393432
9.670538281841425e-16	34.366317545501154
1.010310825023612e-15	24.300670612325423
1.0209167943209198e-15	49.99345235137665
1.048950004401634e-15	37.19379039671357
1.0541988007532674e-15	28.11559517209779
1.1053100871751688e-15	54.70930478064355
1.1323278756596088e-15	27.973603144229028
1.143383796168558e-15	36.688303343199564
1.2090709848248326e-15	53.25286377296254
1.2419674572617544e-15	34.208926563787244
1.26033082815244e-15	29.390769578906223
1.274816441577422e-15	92.13591424190135
1.2812821326809333e-15	67.79546743452099
1.3233152017867536e-15	48.7706856699992
1.3626727812469384e-15	36.68009466964173
1.3672948034180924e-15	29.736206767417702
1.441298854459823e-15	56.59651764661494
1.4796130691185904e-15	40.82310377368715
1.513121359601547e-15	99.13977340924444
1.5140667096499021e-15	77.30374735773363
1.5167173115208948e-15	140.50791430340004
1.5277348198522254e-15	37.163044553056494
1.5704032027395978e-15	56.38213250471613
1.617034774081737e-15	43.193320674920614
1.6498681288932819e-15	73.75544882556059
1.6605290769832722e-15	97.75702289082089
1.7108160522725177e-15	59.618306560414446
1.748980438320856e-15	170.04328391160243
1.7490245748813399e-15	46.14306878944231
1.752268346990324e-15	121.76469203538691
1.8012739137006986e-15	85.2002414075752
1.8453151692781598e-15	193.09931320437684
1.846468063441895e-15	150.5682332083192
1.8609724470801926e-15	115.00911535930216
1.8619001807686658e-15	56.19240979800545
1.967846718223765e-15	47.32217867598622
1.9721061021187876e-15	83.04661464522003
2.0346905118400006e-15	65.22047559055987
2.132565039857941e-15	97.64613842446165
2.136231029696782e-15	49.263446542686836
2.2040990245476583e-15	57.32544528361508
2.2069633815712327e-15	77.08850365159518
2.336786924748722e-15	99.42628009101472
2.393795526316742e-15	60.93525446486216
2.4060993193797478e-15	136.32395283231332
2.535593321843544e-15	52.75247539930984
2.546336537900341e-15	95.52038628896307
2.6001302063055607e-15	209.22136952454258
2.6022422263222546e-15	151.40647671245898
2.622137408014986e-15	125.64903384544108
2.626320329623628e-15	66.59064923597363
2.7753128572728972e-15	83.7671188612509
2.836974152301844e-15	119.86778639953383
2.850308687570164e-15	62.72747860631934
3.015878016743616e-15	90.0401337494044
3.0954296310928393e-15	68.34362474877602
3.1125275046914617e-15	131.33261715146764
3.2883197170595295e-15	181.6460630956445
3.2943668536160292e-15	87.37488734765594
3.3915528094627443e-15	127.48804217093472
3.562629963335903e-15	177.167304926083
3.566854493838495e-15	88.76630008043557
3.694966510899243e-15	132.3820601326533
3.860680302593053e-15	89.49645676766423
3.89075922028403e-15	181.13694763922285
3.9381254496691004e-15	297.1632046876225
3.96315641691364e-15	232.37444731374265
4.02678139729163e-15	121.38503041990766
4.13754090208653e-15	217.0084263015554
4.254785424454234e-15	159.0773170731928
4.256572179257807e-15	237.8454749061941
4.295348262305977e-15	110.6877213482839
4.297242192612872e-15	338.7865774965323
4.648806539780062e-15	384.51561416210376
4.7010589139639094e-15	320.7781532471357
5.0831822369996814e-15	388.412783800738
5.177156760490668e-15	464.5135662982525
5.296668126760387e-15	242999.50201838772
5.699132549206062e-15	520.256040202116
6.066389814673633e-15	464.43264764748034
6.569755012125198e-15	533.2260856078808
6.573346373951306e-15	428.9137156447377
6.9558400805162896e-15	550.5783865663891
6.990706754608792e-15	733.016625172324
7.413070207573222e-15	719.154006891789
7.593677438935222e-15	921.5037599352877
7.952405478641781e-15	1184.1833934240517
7.957097784203334e-15	936.21204333857
8.402394257628792e-15	1573.4926716934951
9.069414066753363e-15	1859.6707709251289
9.542273997182797e-15	2805.9416676313135
9.612359670313376e-15	4634.836889168406
9.617363990042012e-15	3766.994411611501
9.860635887004866e-15	2077.868641425767
1.0426168392976779e-14	2862.892617555497
1.0934202181516247e-14	2442.340358038128
1.1175400493879508e-14	3717.8928637657314
1.1343047189667838e-14	2934.9605050396226
1.1720440137289254e-14	9740.510922907411
1.1727762695113284e-14	7595.115155361728
1.1735089827838342e-14	5922.253430006624
1.174831243999033e-14	13796.272251002265
1.1792562467055408e-14	4669.515890399093
1.2265859336736289e-14	3462.86897303199
1.3175390133406133e-14	3395.7399462843377
1.3453265381259765e-14	4267.057981103465
1.455002576946142e-14	4730.9733120280835
1.5406825076046243e-14	4670.353095726498
1.5938630201710818e-14	5425.243693898003
1.6089770994852706e-14	14050.821452732358
1.6294560376619827e-14	7427.449977893397
1.6366686480799798e-14	9773.96399509197
1.6858762738098406e-14	14629.175717206137
1.723909843038587e-14	5865.248290068663
1.8592879848820776e-14	7336.5393506266955
1.927462457689933e-14	31139.934167470165
1.9286666748639257e-14	24281.209456487464
1.929871644394475e-14	18933.15282874646
1.9310773667516214e-14	14763.032157811076
1.9320309075623458e-14	44244.77011233862
1.9322838424056992e-14	11511.401215842481
1.947293398762235e-14	9101.933944398112
2.0190577608554367e-14	7609.4036152024755
2.0244945847650244e-14	44950.96866107922
2.0257594245225615e-14	35050.295208133386
2.109852924927864e-14	27122.144226822886
2.1111710938585537e-14	21148.35764709171
2.1124900863392298e-14	16490.32714482004
2.113809902884412e-14	12858.250928084912
2.1215350987980244e-14	9391.655565328929
2.2384244571562392e-14	9313.590441887753
2.2807616478780544e-14	27382.5015318148
2.2906755092740748e-14	20204.138350778012
2.292106650398151e-14	15754.076824464504
2.3103521008933377e-14	11544.735085964167
2.3461805876981223e-14	49865.073993710466
2.3535596781864836e-14	36877.0139602068
2.4753039943416204e-14	31483.071747520276
2.4768504854646758e-14	24548.76928525206
2.478397942786155e-14	19141.781280220894
2.4867475132686994e-14	11310.138638082004
2.49799627636775e-14	14321.130762834846
2.6849407353056178e-14	39724.65520731785
2.702962007070247e-14	13071.102484669938
2.7190758596957295e-14	21118.0483103594
2.7310709405969952e-14	27954.860850688357
2.7348912485924953e-14	16019.059697732571
2.8608688535416475e-14	15379.593730019431
2.954242607032176e-14	65143.455697691184
2.9566422635974854e-14	47142.13051217311
2.9584894795455695e-14	36758.84281049326
2.9603378495753753e-14	28662.525645030826
2.962187374407924e-14	22349.462429691368
2.9639609200033916e-14	17608.47239001494
3.227595310137604e-14	22073.29789055326
3.393256114407184e-14	21939.035303597644
3.526464611042051e-14	26606.188812777244
3.7897840517620996e-14	24505.68448088324
3.840425579194038e-14	32351.553308777995
4.112274598813863e-14	30348.341515563756
4.1992776218982806e-14	37159.86677618223
4.3844891408276983e-14	33350.68889890857
4.5565887491181684e-14	40521.77788626251
4.8903225845939414e-14	55680.82284765392
4.9485411958703206e-14	40690.80157320476
5.289842937227293e-14	49602.76931361306
5.330201644660493e-14	64508.0591405044
5.4524955846850697e-14	78961.49713082169
5.94370857050643e-14	73742.49030429866
6.456493978761775e-14	1e30
