# LIGO O3
# https://arxiv.org/pdf/2401.18076
# See also 2303.13088
# mass [eV] d_me
4.325624915595327e-14	1e20
4.325624915595327e-14	6.953432868939204
4.745092344886958e-14	3.353174704514717
5.428557326384627e-14	1.8083609057303853
6.158241486557271e-14	1.4178673123827399
7.058276427339435e-14	0.8631134502166014
8.83636477325015e-14	0.4968297348742336
1.125311588094332e-13	0.33786250295690234
1.4330849877688034e-13	0.23105596895624667
1.8250345983250927e-13	0.14769201044927646
2.324182664329867e-13	0.15624453108244363
2.959848028157345e-13	0.15756944247910626
3.769368253296449e-13	0.18291896204526759
4.800292749423492e-13	0.20761863397826735
6.113175718508261e-13	0.24097153581922467
7.785132973368592e-13	0.2751094080753408
9.91437154824997e-13	0.31668318128209805
1.262595816063715e-12	0.37600260871989627
1.6079165350858658e-12	0.4291837215216338
2.0476826795314424e-12	0.5052914235772932
2.6077251303527106e-12	0.6180593865485087
3.349132015964876e-12	0.8279889778324385
4.025158841356118e-12	1.1068918494052726
5.154286121231849e-12	1.2506963181495667
6.563986491520305e-12	1.666616843991342
8.359240765346516e-12	2.1959886832787134
1.0645498168422738e-11	2.9844941439261845
1.3681773163393362e-11	4.404192621960475
1.7337340061859963e-11	6.217229944884794
1.991632735805322e-11	7.822938519813492
1.991632735805322e-11	1e20
