# QUAX-gpgs 2011.07100
# lambda [m]    g_p_e * g_s_N [dimensionless]
0.0028089537676846384	8.868521411689507e-27
0.0028943454979153383	6.56489745511681e-27
0.0029887193561491	4.803031734876785e-27
0.0031235282462819315	3.3075671542237524e-27
0.0032245126071406066	2.328707023200042e-27
0.003318985594763876	1.7126327209698025e-27
0.003488223091166186	1.2067681451214294e-27
0.00368417118781297	7.98025627600115e-28
0.003813260275487602	5.145476623011704e-28
0.003986468683262612	3.471313543053595e-28
0.004169625281228135	2.4181432829280173e-28
0.004361196930720121	1.7050924312712206e-28
0.004594211479645087	1.2262812785757047e-28
0.0048310564698967155	9.077511877422772e-29
0.005053017292346076	6.673825437339534e-29
0.005290831702381354	4.877960180879277e-29
0.005611397259125172	3.427090291041991e-29
0.005992547402824812	2.3846187227777316e-29
0.006373024413563975	1.6804958831421935e-29
0.00682745548090612	1.2850367757383825e-29
0.007196856730011528	9.047357242349349e-30
0.009248942354965189	3.164680395864178e-30
0.010175015862848743	2.3619409590653803e-30
0.011582729127119731	1.2889654208008964e-30
0.012978749951546454	9.48084830355181e-31
0.014305454208634973	7.110147540194578e-31
0.016005650442425256	5.21593777068599e-31
0.018178075141386422	3.7819913638095124e-31
0.020956818443042945	2.7423643658271424e-31
0.024524812614372362	1.986104111955292e-31
0.028915951635403243	1.4922992661778524e-31
0.03409331896346388	1.162419916315435e-31
0.04019768785756847	9.398599139659748e-32
0.047395036864147394	7.838940194310485e-32
0.05588106279428602	6.752824774563634e-32
0.06588650174426049	5.985882927363628e-32
0.07768340283857883	5.419347148316036e-32
0.09159252527937732	4.992550228016893e-32
0.10799205982886187	4.697577232539496e-32
0.12732791186298148	4.453116004938209e-32
0.15012582559383963	4.279485014787289e-32
0.17700567911994788	4.1434070885060605e-32
0.2086983389885163	4.041683421659968e-32
0.24606553254740793	3.9769061317572667e-32
0.2901232784184792	3.9131670471887035e-32
0.34206951216977033	3.884094557233088e-32
0.40331665833199626	3.8504495283214453e-32
0.47553003439651076	3.8123547868858795e-32
0.560673131004187	3.798166627786011e-32
0.6610609994991843	3.7934489851440055e-32
0.7794231984617721	3.672825903261878e-32
0.9189780107442714	3.645539004212164e-32
1.0835199489804732	3.645539004212164e-32
1.2775229288542236	3.6005105956443103e-32
1.5062619154210726	3.596038458430861e-32
1.7759563500616082	3.596038458430861e-32
2.0939392578630276	3.596038458430861e-32
2.468856633479688	3.596038458430861e-32
2.9109025267987785	3.654612037490951e-32
3.432096220419614	3.6957209398231285e-32
4.046609035436397	3.6957209398231285e-32
4.771149651414342	3.6957209398231285e-32
5.625418417456837	3.6957209398231285e-32
6.632643007138084	3.6957209398231285e-32
7.820209981824909	3.6957209398231285e-32
9.220409434673027	3.6957209398231285e-32
10.871312962259873	3.6957209398231285e-32
12.817808836011917	3.6957209398231285e-32
15.112822519865386	3.6957209398231285e-32
17.818755720186928	3.6957209398231285e-32
21.009183095900152	3.6957209398231285e-32
24.770852762575807	3.6957209398231285e-32
29.206044984440684	3.6957209398231285e-32
34.43535318743191	3.6957209398231285e-32
40.6009629093875	3.691130543348389e-32
47.870517842433436	3.6005105956443103e-32
56.441678085740584	3.596038458430861e-32
66.54749454810626	3.596038458430861e-32
1e20	3.74659364479872e-32
