# QUAX monopole-dipole projection (RLC)
# https://arxiv.org/pdf/1606.04751.pdf
# lambda [m]  g_s*g_p [dimensionless]
0.001280850833029036	8.321661403279286e-25
0.0013189657589409815	5.932604397510022e-25
0.0013525698163331702	4.3973038436171675e-25
0.0013816804193696349	3.013866251504747e-25
0.0014115072055969802	2.0151309749419114e-25
0.0014419778723948106	1.3473566864962486e-25
0.0014730478409462804	9.149255551087024e-26
0.0015047394779364653	6.290251830434511e-26
0.0015371251434204535	4.3112730844676164e-26
0.0015701579607336404	2.9917281726749054e-26
0.0016038751846759259	2.088951123739547e-26
0.0016382774223675032	1.4722065648435404e-26
0.0016734042828012439	1.0407681562232601e-26
0.0017092300266158152	7.449349323041975e-27
0.0017457950379994914	5.365030973748234e-27
0.0017831281155351267	3.875885168370376e-27
0.001825112421099568	2.7132992493405314e-27
0.0018719207707064477	1.885761132915837e-27
0.0019199423091330204	1.3072390735185554e-27
0.001969130630218494	9.179659834966958e-28
0.00201951233045668	6.529822607911414e-28
0.002071183084696636	4.644897965431509e-28
0.0021240915501230992	3.3556360104724637e-28
0.002182897145271984	2.3755733393648205e-28
0.0022480459469969663	1.6383077730757807e-28
0.0023150078300510917	1.1551225809868811e-28
0.0023839237277663047	8.198649410581431e-29
0.002459983605975051	5.729710567503518e-29
0.0025437215600307697	3.9514795037754366e-29
0.0026302055414170315	2.7676467360613634e-29
0.0027195489193574335	1.9611214171381015e-29
0.0028118573651744697	1.4031391101278e-29
0.0029072412890652375	1.0117166887184026e-29
0.0030120413633457003	7.233941627366748e-30
0.0031269823126574923	5.1634977138369405e-30
0.0032530019757388237	3.647167309141905e-30
0.003391005104639215	2.570373042519767e-30
0.0035347645558419503	1.831231879068262e-30
0.003692071400171231	1.3107132339802155e-30
0.003864286439185387	9.323575232200932e-31
0.004044388411005022	6.726201698627744e-31
0.004232731598037491	4.921187418189626e-31
0.004420525557307562	3.70543885886289e-31
0.004635603920915188	2.7556896173053165e-31
0.004844987728591534	2.112336305712742e-31
0.005076180494975026	1.6210067976895044e-31
0.005318299736245576	1.2536276001217615e-31
0.005567218085040565	9.846369448880797e-32
0.005808404039431696	7.976850540805521e-32
0.00611281902551678	6.239445621901881e-32
0.006401584635478472	5.058248608939196e-32
0.006713390764100705	4.0992548392437293e-32
0.0070266566447242385	3.393701715957634e-32
0.007342299879098409	2.8534238767012655e-32
0.007690902053517493	2.3937616009503872e-32
0.00803287981839587	2.0360379126783732e-32
0.008448195783276949	1.7054338164998915e-32
0.008838290149532262	1.4709046763390055e-32
0.009253917624008385	1.2686276922292352e-32
0.009676076449179331	1.108852672009498e-32
0.010108202330348901	9.750532787008476e-33
0.010588341048409475	8.55557052111918e-33
0.011086033264765472	7.571903819577326e-33
0.011649290276347297	6.666838138666769e-33
0.012131448583631228	6.062375073445962e-33
0.01271570093805471	5.418695207451283e-33
0.013321055787074257	4.880997451981805e-33
0.013942762412835801	4.4357253893619454e-33
0.01454123555349771	4.078154050608527e-33
0.015198969676531572	3.742778791147583e-33
0.01595508892031166	3.416798476348863e-33
0.016711381454823173	3.139628059765905e-33
0.01748529770233619	2.913798589195121e-33
0.018376229953463677	2.688145043289357e-33
0.01927365031073141	2.4958633235625425e-33
0.02019374517459461	2.3304707023326827e-33
0.021132964743115153	2.1856851543688684e-33
0.022076995854330685	2.063541546521386e-33
0.02320849919237233	1.9320131369981255e-33
0.024411026338539237	1.8191213892441846e-33
0.025675861328280286	1.7128261529046233e-33
0.026865488657548783	1.6322796630060127e-33
0.028110234417488337	1.5555209112990365e-33
0.02958638769215476	1.4722065648435405e-33
0.031026644418737703	1.4126625176672673e-33
0.03257074222326499	1.345073937551774e-33
0.034167623056933855	1.2940065522661662e-33
0.03584279588589896	1.2448780030304807e-33
0.037657834630658554	1.1929881845871656e-33
0.03944355974794344	1.1521457662393231e-33
0.041232776964618495	1.1157821405988883e-33
0.04314047416688537	1.0829588044913914e-33
0.0451117133445464	1.0508427664258646e-33
0.04703931833658244	1.0258370518591886e-33
0.04929446405285209	9.94559191144889e-34
0.05197367785537117	9.642349951174653e-34
0.05502172462468044	9.34835386457905e-34
0.058367040309237686	9.063321744171126e-34
0.06229444424035831	8.786980277844386e-34
0.06662138906263354	8.519064486801737e-34
0.07018414260669859	8.31062543852794e-34
0.0724168853882831	8.259317471472607e-34
0.07744693054073863	8.007490165177025e-34
0.08099186042549965	7.884470652461252e-34
0.08469905016743157	7.763341095299299e-34
0.08797609317387735	7.703475958954202e-34
0.09263025725069184	7.526636151744749e-34
0.09641733871330245	7.526636151744749e-34
0.10213112024471432	7.297148362456165e-34
0.1059368669292228	7.297148362456165e-34
0.11398813917727771	7.0746576757736845e-34
0.1187173354859409	7.0746576757736845e-34
0.12930729390984083	6.858950749431656e-34
0.13522062763331724	6.858950749431656e-34
0.1385592849343454	6.858950749431656e-34
0.1496971804528395	6.649820745988954e-34
0.156542961218295	6.649820745988954e-34
0.16204657265992164	6.649820745988954e-34
0.1783045195621217	6.447067134495537e-34
0.18645853854043312	6.447067134495537e-34
0.1949854478171059	6.447067134495537e-34
0.19979972504937946	6.447067134495537e-34
0.22119003600731127	6.250495498207858e-34
0.23130524652382667	6.250495498207858e-34
0.24188303431389566	6.250495498207858e-34
0.2529445534339418	6.250495498207858e-34
0.25971721797370967	6.250495498207858e-34
0.2976306963290036	6.059917348165332e-34
0.3112416039624985	6.059917348165332e-34
0.32547495010416017	6.059917348165332e-34
0.34035919940211273	6.059917348165332e-34
0.3559241182173133	6.059917348165332e-34
0.372200834151996	6.059917348165332e-34
0.3845040542834494	6.059917348165332e-34
0.4867784792007615	5.8751499424525384e-34
0.5090392775662999	5.8751499424525384e-34
0.532318081379994	5.8751499424525384e-34
0.5566614449062256	5.8751499424525384e-34
0.5821180513759135	5.8751499424525384e-34
0.6087388103459807	5.8751499424525384e-34
0.6365769595111599	5.8751499424525384e-34
0.6656881711717332	5.8751499424525384e-34
0.6961306635701422	5.8751499424525384e-34
0.7279653173191057	5.8751499424525384e-34
0.7612557971541075	5.8751499424525384e-34
0.7960686792537207	5.8751499424525384e-34
0.8324735843824019	5.8751499424525384e-34
0.8705433171220268	5.8751499424525384e-34
0.9103540114705908	5.8751499424525384e-34
0.9366308193959166	5.8751499424525384e-34
1e10	5.8751499424525384e-34
