# SMILE
# https://arxiv.org/pdf/1801.02757.pdf
# lambda [m]   g_p_e * g_s_N [dimensionless]
0.011337408875725138	7.455908521518176e-25
0.012090516217652426	3.549328138336469e-25
0.012710685755732084	1.943140594125495e-25
0.013458497186807849	1.0337861082611717e-25
0.014352501553572353	5.448910314247319e-26
0.015196906405722355	3.0130361262667145e-26
0.016206387664992834	1.6158464608095802e-26
0.017406870806226903	8.711816128237625e-27
0.018696279363918843	4.734635990828791e-27
0.02022521373345371	2.5044217536783298e-27
0.02203608805395804	1.3787158422913689e-27
0.024009099884991517	7.743107298675851e-28
0.026346365108840558	4.376321204391527e-28
0.029118498842302717	2.4864209607169755e-28
0.03264556236086935	1.3797698570646281e-28
0.037126689269946715	7.680551457252627e-29
0.0428307016219113	4.301944519540383e-29
0.0504817613163548	2.4162903575503784e-29
0.06122483206322003	1.3755239084499447e-29
0.07412160997313164	8.68991671794328e-30
0.09672712782479032	5.13800083718357e-30
0.13058494780134183	3.486429146689056e-30
0.17629416871725562	2.6526536762198197e-30
0.23800318832297243	2.176291300762786e-30
0.3213124861931733	1.9663580954855673e-30
0.43378290228422606	1.8304133706636967e-30
0.5952868136098297	1.7554025831716964e-30
0.790609603341875	1.7343840512336085e-30
1.067350143701654	1.711898309259774e-30
1.4409593868382515	1.708871314231878e-30
1.9453447088284235	1.6948448121465048e-30
2.626282233026975	1.6948448121465048e-30
3.545571299632071	1.6777393736269253e-30
4.786643142418696	1.672429410774591e-30
6.462132795141233	1.672429410774591e-30
8.724101425480173	1.672429410774591e-30
11.777836837288607	1.672429410774591e-30
15.900484623051911	1.672429410774591e-30
21.466200860200836	1.672429410774591e-30
28.98010911582155	1.672429410774591e-30
39.1241435703712	1.672429410774591e-30
52.81893881066655	1.672429410774591e-30
71.30738317803575	1.672429410774591e-30
96.26741866067864	1.672429410774591e-30
129.96432462613421	1.672429410774591e-30
175.45630609524565	1.672429410774591e-30
236.87204497962722	1.672429410774591e-30
319.7854037937655	1.672429410774591e-30
431.72128854773393	1.672429410774591e-30
582.8385810426706	1.672429410774591e-30
786.8521209471795	1.672429410774591e-30
934.0623745938668	1.672429410774591e-30
