# Union of astro (g_p^e) x lab (g_s^N) limits 
#  m [eV] 	 g^N_s*g^e_p [dimensionless]
1.972999999999994990e-37 1.300000000000000014e-13
2.151557418716332553e-37 1.181016574002559634e-37
2.346274366970793877e-37 1.181016574002559634e-37
2.558613289711095394e-37 1.181016574002559634e-37
2.790168983833817672e-37 1.181016574002559634e-37
3.042680576097251147e-37 1.181016574002559634e-37
3.318044585041180872e-37 1.181016574002559634e-37
3.618329165016181522e-37 1.181016574002559634e-37
3.945789639304743056e-37 1.181016574002559634e-37
4.302885438996615468e-37 1.181016574002559634e-37
4.692298574840180418e-37 1.181016574002559634e-37
5.116953780805621354e-37 1.181016574002559634e-37
5.580040480649330541e-37 1.181016574002559634e-37
6.085036742462517628e-37 1.181016574002559634e-37
6.635735401118464181e-37 1.181016574002559634e-37
7.236272544812502245e-37 1.181016574002559634e-37
7.891158579647717830e-37 1.181016574002559634e-37
8.605312105579386029e-37 1.181016574002559634e-37
9.384096858149437724e-37 1.181016574002559634e-37
1.023336199346397969e-36 1.181016574002559634e-37
1.115948601897984885e-36 1.181016574002559634e-37
1.216942470004933909e-36 1.181016574002559634e-37
1.327076330202809590e-36 1.181016574002559634e-37
1.447177356031782881e-36 1.181016574002559634e-37
1.578147580622644694e-36 1.181016574002559634e-37
1.720970671524526568e-36 1.181016574002559634e-37
1.876719318657827655e-36 1.181016574002559634e-37
2.046563290880142313e-36 1.181016574002559634e-37
2.231778221675465443e-36 1.181016574002559634e-37
2.433755189952094227e-36 1.181016574002559634e-37
2.654011167907156102e-36 1.181016574002559634e-37
2.894200414428106592e-36 1.181016574002559634e-37
3.156126899602025023e-36 1.181016574002559634e-37
3.441757853648723486e-36 1.181016574002559634e-37
3.753238542039094088e-36 1.181016574002559634e-37
4.092908377768020731e-36 1.181016574002559634e-37
4.463318491795834430e-36 1.181016574002559634e-37
4.867250893622475842e-36 1.181016574002559634e-37
5.307739365903275910e-36 1.181016574002559634e-37
5.788092250036559878e-36 1.181016574002559634e-37
6.311917293857426751e-36 1.181016574002559634e-37
6.883148748060262698e-36 1.181016574002559634e-37
7.506076914859164522e-36 1.181016574002559634e-37
8.185380370816495202e-36 1.181016574002559634e-37
8.926161105851656588e-36 1.181016574002559634e-37
9.733982842347879265e-36 1.181016574002559634e-37
1.061491282215482502e-35 1.181016574002559634e-37
1.157556737533420900e-35 1.181016574002559634e-37
1.262316161289970990e-35 1.181016574002559634e-37
1.376556361677146849e-35 1.181016574002559634e-37
1.501135353394645870e-35 1.181016574002559634e-37
1.636988801872084071e-35 1.181016574002559634e-37
1.785137050696153041e-35 1.181016574002559634e-37
1.946692785023168662e-35 1.181016574002559634e-37
2.122869388534296974e-35 1.181016574002559634e-37
2.314990056698825842e-35 1.181016574002559634e-37
2.524497734792192809e-35 1.181016574002559634e-37
2.752965955309038426e-35 1.181016574002559634e-37
3.002110656167598735e-35 1.181016574002559634e-37
3.273803068466739219e-35 1.181016574002559634e-37
3.570083770590939851e-35 1.181016574002559634e-37
3.893178014218821229e-35 1.181016574002559634e-37
4.245512437342040577e-35 1.181016574002559634e-37
4.629733289820526724e-35 1.181016574002559634e-37
5.048726308358516258e-35 1.181016574002559634e-37
5.505638390175932285e-35 1.181016574002559634e-37
6.003901228156461561e-35 1.181016574002559634e-37
6.547257084987414531e-35 1.181016574002559634e-37
7.139786899872162479e-35 1.181016574002559634e-37
7.785940938912279925e-35 1.181016574002559634e-37
8.490572219363388361e-35 1.181016574002559634e-37
9.258972958802910079e-35 1.181016574002559634e-37
1.009691432296318544e-34 1.181016574002559634e-37
1.101068977076282348e-34 1.181016574002559634e-37
1.200716232208253845e-34 1.181016574002559634e-37
1.309381610329851869e-34 1.181016574002559634e-37
1.427881255770899233e-34 1.181016574002559634e-37
1.557105174303030462e-34 1.181016574002559634e-37
1.698023917634709725e-34 1.181016574002559634e-37
1.851695872855955058e-34 1.181016574002559634e-37
2.019275211581173593e-34 1.181016574002559634e-37
2.202020558493399396e-34 1.181016574002559634e-37
2.401304444395523607e-34 1.181016574002559634e-37
2.618623614767251492e-34 1.181016574002559634e-37
2.855610271251025874e-34 1.181016574002559634e-37
3.114044330498083899e-34 1.181016574002559634e-37
3.395866792445420226e-34 1.181016574002559634e-37
3.703194318427977114e-34 1.181016574002559634e-37
4.038335128617287085e-34 1.181016574002559634e-37
4.403806338185160467e-34 1.181016574002559634e-37
4.802352862398614729e-34 1.181016574002559634e-37
5.236968032634253386e-34 1.181016574002559634e-37
5.710916078152322969e-34 1.181016574002559634e-37
6.227756642481118482e-34 1.181016574002559634e-37
6.791371518545464924e-34 1.181016574002559634e-37
7.405993803337728515e-34 1.181016574002559634e-37
8.076239691099229825e-34 1.181016574002559634e-37
8.807143143799236561e-34 1.181016574002559634e-37
9.604193699309670549e-34 1.181016574002559634e-37
1.047337770123607207e-33 1.181016574002559634e-37
1.142122326006727654e-33 1.181016574002559634e-37
1.245484928333165222e-33 1.181016574002559634e-37
1.358201894300359090e-33 1.181016574002559634e-37
1.481119798173628482e-33 1.181016574002559634e-37
1.615161829583434286e-33 1.181016574002559634e-37
1.761334727251744227e-33 1.181016574002559634e-37
1.920736340223654666e-33 1.181016574002559634e-37
2.094563873393954469e-33 1.181016574002559634e-37
2.284122879257978603e-33 1.181016574002559634e-37
2.490837063419779972e-33 1.181016574002559634e-37
2.716258977503564697e-33 1.181016574002559634e-37
2.962081679778332351e-33 1.181016574002559634e-37
3.230151451074923058e-33 1.181016574002559634e-37
3.522481661499092484e-33 1.181016574002559634e-37
3.841267892088507626e-33 1.181016574002559634e-37
4.188904424987277179e-33 1.181016574002559634e-37
4.568002225988379603e-33 1.181016574002559634e-37
4.981408554504918678e-33 1.181016574002559634e-37
5.432228348252452068e-33 1.181016574002559634e-37
5.923847543255932433e-33 1.181016574002559634e-37
6.459958504326839067e-33 1.181016574002559634e-37
7.044587757011713394e-33 1.181016574002559634e-37
7.682126229293887553e-33 1.181016574002559634e-37
8.377362230183934027e-33 1.181016574002559634e-37
9.135517412887121268e-33 1.181016574002559634e-37
9.962285992655639080e-33 1.181016574002559634e-37
1.086387751387342800e-32 1.181016574002559634e-37
1.184706348758244882e-32 1.181016574002559634e-37
1.291922824972705088e-32 1.181016574002559634e-37
1.408842442209333717e-32 1.181016574002559634e-37
1.536343339248839655e-32 1.181016574002559634e-37
1.675383126840482926e-32 1.181016574002559634e-37
1.827006079952278806e-32 1.181016574002559634e-37
1.992350980923051574e-32 1.181016574002559634e-37
2.172659672423618759e-32 1.181016574002559634e-37
2.369286384464696307e-32 1.181016574002559634e-37
2.583707905503633667e-32 1.181016574002559634e-37
2.817534674040770270e-32 1.181016574002559634e-37
3.072522874010612425e-32 1.181016574002559634e-37
3.350587624811572057e-32 1.181016574002559634e-37
3.653817365039306604e-32 1.181016574002559634e-37
3.984489537954841432e-32 1.181016574002559634e-37
4.345087696494867629e-32 1.181016574002559634e-37
4.738320156293305905e-32 1.181016574002559634e-37
5.167140336809986744e-32 1.181016574002559634e-37
5.634768943341087830e-32 1.181016574002559634e-37
6.144718156511929265e-32 1.181016574002559634e-37
6.700818010929717054e-32 1.181016574002559634e-37
7.307245161117023950e-32 1.181016574002559634e-37
7.968554250775734536e-32 1.181016574002559634e-37
8.689712120983346186e-32 1.181016574002559634e-37
9.476135114247925839e-32 1.181016574002559634e-37
1.033372975459630845e-31 1.181016574002559634e-37
1.126893710923042738e-31 1.181016574002559634e-37
1.228878116493298191e-31 1.181016574002559634e-37
1.340092158256115531e-31 1.181016574002559634e-37
1.461371122584671994e-31 1.181016574002559634e-37
1.593625889657830758e-31 1.181016574002559634e-37
1.737849774734784589e-31 1.181016574002559634e-37
1.895125988568258196e-31 1.181016574002559634e-37
2.066635772988428525e-31 1.181016574002559634e-37
2.253667272761208165e-31 1.181016574002559634e-37
2.457625210353570727e-31 1.181016574002559634e-37
2.680041436269928658e-31 1.181016574002559634e-37
2.922586434198581702e-31 1.181016574002559634e-37
3.187081867379466527e-31 1.181016574002559634e-37
3.475514260424058539e-31 1.181016574002559634e-37
3.790049919346108363e-31 1.181016574002559634e-37
4.133051201862330925e-31 1.181016574002559634e-37
4.507094260162923264e-31 1.181016574002559634e-37
4.914988389410725620e-31 1.181016574002559634e-37
5.359797127289102674e-31 1.181016574002559634e-37
5.844861263068112699e-31 1.181016574002559634e-37
6.373823929002557649e-31 1.181016574002559634e-37
6.950657962512561262e-31 1.181016574002559634e-37
7.579695744654682996e-31 1.181016574002559634e-37
8.265661738988634092e-31 1.181016574002559634e-37
9.013707975226015492e-31 1.181016574002559634e-37
9.829452744166322821e-31 1.181016574002559634e-37
1.071902279454277439e-30 1.181016574002559634e-37
1.168909934870149001e-30 1.181016574002559634e-37
1.274696828272235825e-30 1.181016574002559634e-37
1.390057484786272076e-30 1.181016574002559634e-37
1.515858334431881205e-30 1.181016574002559634e-37
1.653044219548876033e-30 1.181016574002559634e-37
1.802645491148780294e-30 1.181016574002559634e-37
1.965785747489481404e-30 1.181016574002559634e-37
2.143690272994358901e-30 1.181016574002559634e-37
2.337695240897651034e-30 1.181016574002559634e-37
2.549257748733511214e-30 1.181016574002559634e-37
2.779966762041430224e-30 1.181016574002559634e-37
3.031555048482070524e-30 1.181016574002559634e-37
3.305912191996232440e-30 1.181016574002559634e-37
3.605098784751314133e-30 1.181016574002559634e-37
3.931361903465285280e-30 1.181016574002559634e-37
4.287151986345423142e-30 1.181016574002559634e-37
4.675141237397899291e-30 1.181016574002559634e-37
5.098243696335595466e-30 1.181016574002559634e-37
5.559637124822476319e-30 1.181016574002559634e-37
6.062786873432626087e-30 1.181016574002559634e-37
6.611471908580895486e-30 1.181016574002559634e-37
7.209813194902183198e-30 1.181016574002559634e-37
7.862304646249738933e-30 1.181016574002559634e-37
8.573846877773288477e-30 1.181016574002559634e-37
9.349784012575358637e-30 1.181016574002559634e-37
1.019594381938769652e-29 1.181016574002559634e-37
1.111868148272619028e-29 1.181016574002559634e-37
1.212492733426432175e-29 1.181016574002559634e-37
1.322223890391947875e-29 1.181016574002559634e-37
1.441885768158526820e-29 1.181016574002559634e-37
1.572377101582873709e-29 1.181016574002559634e-37
1.714677961444679464e-29 1.181016574002559634e-37
1.869857115385558664e-29 1.181016574002559634e-37
2.039080055016403198e-29 1.181016574002559634e-37
2.223617749481549330e-29 1.181016574002559634e-37
2.424856191224711129e-29 1.181016574002559634e-37
2.644306805651175985e-29 1.181016574002559634e-37
2.883617802869226373e-29 1.181016574002559634e-37
3.144586556769280415e-29 1.181016574002559634e-37
3.429173104415920375e-29 1.181016574002559634e-37
3.739514867140734903e-29 1.181016574002559634e-37
4.077942703901041484e-29 1.181016574002559634e-37
4.446998417475139085e-29 1.181016574002559634e-37
4.849453844976446135e-29 1.181016574002559634e-37
5.288331676067728543e-29 1.181016574002559634e-37
5.766928155233719086e-29 1.181016574002559634e-37
6.288837838619986914e-29 1.181016574002559634e-37
6.857980591377072367e-29 1.181016574002559634e-37
7.478631028276797332e-29 1.181016574002559634e-37
8.155450618718266213e-29 1.181016574002559634e-37
8.893522697251990774e-29 1.181016574002559634e-37
9.698390642572132109e-29 1.181016574002559634e-37
1.057609951172589183e-28 1.181016574002559634e-37
1.153324144223835076e-28 1.181016574002559634e-37
1.257700516314994758e-28 1.181016574002559634e-37
1.371522998682663939e-28 1.181016574002559634e-37
1.495646468705404890e-28 1.181016574002559634e-37
1.631003170562612110e-28 1.181016574002559634e-37
1.778609716965983628e-28 1.181016574002559634e-37
1.939574724551002727e-28 1.181016574002559634e-37
2.115107140274932583e-28 1.181016574002559634e-37
2.306525321357560506e-28 1.181016574002559634e-37
2.515266936960944921e-28 1.181016574002559634e-37
2.742899765975816514e-28 1.181016574002559634e-37
2.991133472012480206e-28 1.181016574002559634e-37
3.261832444034064884e-28 1.181016574002559634e-37
3.557029799073054620e-28 1.181016574002559634e-37
3.878942652200090541e-28 1.181016574002559634e-37
4.229988768432033725e-28 1.181016574002559634e-37
4.612804721645579293e-28 1.181016574002559634e-37
5.030265696881084315e-28 1.181016574002559634e-37
5.485507084763759247e-28 1.181016574002559634e-37
5.981948030230359118e-28 1.181016574002559634e-37
6.523317112426615735e-28 1.181016574002559634e-37
7.113680348647215488e-28 1.181016574002559634e-37
7.757471732644978583e-28 1.181016574002559634e-37
8.459526536672370595e-28 1.181016574002559634e-37
9.225117627372183704e-28 1.181016574002559634e-37
1.005999506827351599e-27 1.181016574002559634e-37
1.097042930633231642e-27 1.181016574002559634e-37
1.196325826687410853e-27 1.181016574002559634e-37
1.304593871065015713e-27 1.181016574002559634e-37
1.422660223873188238e-27 1.181016574002559634e-37
1.551411636587432619e-27 1.181016574002559634e-37
1.691815112104714150e-27 1.181016574002559634e-37
1.844925167534369315e-27 1.181016574002559634e-37
2.011891754275243286e-27 1.181016574002559634e-37
2.193968894863235293e-27 1.181016574002559634e-37
2.392524101457637010e-27 1.181016574002559634e-37
2.609048646704926601e-27 1.181016574002559634e-37
2.845168764120553655e-27 1.181016574002559634e-37
3.102657862110300317e-27 1.181016574002559634e-37
3.383449843366441535e-27 1.181016574002559634e-37
3.689653629675469126e-27 1.181016574002559634e-37
4.023569001227564143e-27 1.181016574002559634e-37
4.387703869390939211e-27 1.181016574002559634e-37
4.784793112680415015e-27 1.181016574002559634e-37
5.217819117389999984e-27 1.181016574002559634e-37
5.690034177161926434e-27 1.181016574002559634e-37
6.204984919727449702e-27 1.181016574002559634e-37
6.766538944279120670e-27 1.181016574002559634e-37
7.378913869537191487e-27 1.181016574002559634e-37
8.046709010679992524e-27 1.181016574002559634e-37
8.774939923051264388e-27 1.181016574002559634e-37
9.569076072088837055e-27 1.181016574002559634e-37
1.043508191239934188e-26 1.181016574002559634e-37
1.137946168450860403e-26 1.181016574002559634e-37
1.240930826573897837e-26 1.181016574002559634e-37
1.353235644211297205e-26 1.181016574002559634e-37
1.475704100138975905e-26 1.181016574002559634e-37
1.609256008354869520e-26 1.181016574002559634e-37
1.754894426451996540e-26 1.181016574002559634e-37
1.913713189202608183e-26 1.181016574002559634e-37
2.086905123935212950e-26 1.181016574002559634e-37
2.275771009406985685e-26 1.181016574002559634e-37
2.481729345458291594e-26 1.181016574002559634e-37
2.706327006825559456e-26 1.181016574002559634e-37
2.951250861129225570e-26 1.181016574002559634e-37
3.218340438294788955e-26 1.181016574002559634e-37
3.509601746562567048e-26 1.181016574002559634e-37
3.827222338852766514e-26 1.181016574002559634e-37
4.173587742643537080e-26 1.181016574002559634e-37
4.551299376760403773e-26 1.181016574002559634e-37
4.963194089644142624e-26 1.181016574002559634e-37
5.412365465840356714e-26 1.181016574002559634e-37
5.902187060736454434e-26 1.181016574002559634e-37
6.436337738053267248e-26 1.181016574002559634e-37
7.018829300391563370e-26 1.181016574002559634e-37
7.654036620355395921e-26 1.181016574002559634e-37
8.346730498556604639e-26 1.181016574002559634e-37
9.102113495284025492e-26 1.181016574002559634e-37
9.925859004955277724e-26 1.181016574002559634e-37
1.082415386682407336e-25 1.181016574002559634e-37
1.180374483197793978e-25 1.181016574002559634e-37
1.287198923561934961e-25 1.181016574002559634e-37
1.403691025521230947e-25 1.181016574002559634e-37
1.530725716951722807e-25 1.181016574002559634e-37
1.669257107109676278e-25 1.181016574002559634e-37
1.820325652583287661e-25 1.181016574002559634e-37
1.985065971766463255e-25 1.181016574002559634e-37
2.164715366546118221e-25 1.181016574002559634e-37
2.360623115206079877e-25 1.181016574002559634e-37
2.574260606343109729e-25 1.181016574002559634e-37
2.807232389907114203e-25 1.181016574002559634e-37
3.061288228365685107e-25 1.181016574002559634e-37
3.338336238504429117e-25 1.181016574002559634e-37
3.640457222566547995e-25 1.181016574002559634e-37
3.969920296367255726e-25 1.181016574002559634e-37
4.329199931759555656e-25 1.181016574002559634e-37
4.720994541451361098e-25 1.181016574002559634e-37
5.148246745757228873e-25 1.181016574002559634e-37
5.614165473500406902e-25 1.181016574002559634e-37
6.122250063056777482e-25 1.181016574002559634e-37
6.676316544554676872e-25 1.181016574002559634e-37
7.280526300626132565e-25 1.181016574002559634e-37
7.939417320968931062e-25 1.181016574002559634e-37
8.657938285461579704e-25 1.181016574002559634e-37
9.441485731816130937e-25 1.181016574002559634e-37
1.029594458692023211e-24 1.181016574002559634e-37
1.122773236628512409e-24 1.181016574002559634e-37
1.224384737356426813e-24 1.181016574002559634e-37
1.335192126215051656e-24 1.181016574002559634e-37
1.456027635362219546e-24 1.181016574002559634e-37
1.587798814353568536e-24 1.181016574002559634e-37
1.731495346402155941e-24 1.181016574002559634e-37
1.888196481512622986e-24 1.181016574002559634e-37
2.059079142317572573e-24 1.181016574002559634e-37
2.245426763495918641e-24 1.181016574002559634e-37
2.448638931162665582e-24 1.181016574002559634e-37
2.670241894627814500e-24 1.181016574002559634e-37
2.911900029474731174e-24 1.181016574002559634e-37
3.175428338052069103e-24 1.181016574002559634e-37
3.462806081266131311e-24 1.181016574002559634e-37
3.776191644056865761e-24 1.181016574002559634e-37
4.117938746206416904e-24 1.181016574002559634e-37
4.490614120233119815e-24 1.181016574002559634e-37
4.897016789143390794e-24 1.181016574002559634e-37
5.340199088829155656e-24 1.181016574002559634e-37
5.823489593001919448e-24 1.181016574002559634e-37
6.350518112843723900e-24 1.181016574002559634e-37
6.925242959139073901e-24 1.181016574002559634e-37
7.551980671641603738e-24 1.181016574002559634e-37
8.235438438962502624e-24 1.181016574002559634e-37
8.980749452474137019e-24 1.181016574002559634e-37
9.793511459758529198e-24 1.181016574002559634e-37
1.067982880716021696e-23 1.181016574002559634e-37
1.164635828721035222e-23 1.181016574002559634e-37
1.270035913526403326e-23 1.181016574002559634e-37
1.384974755085624617e-23 1.181016574002559634e-37
1.510315615326580449e-23 1.181016574002559634e-37
1.646999881783596037e-23 1.181016574002559634e-37
1.796054138001245301e-23 1.181016574002559634e-37
1.958597873812868057e-23 1.181016574002559634e-37
2.135851893403001786e-23 1.181016574002559634e-37
2.329147484303397593e-23 1.181016574002559634e-37
2.539936416187284179e-23 1.181016574002559634e-37
2.769801844559320318e-23 1.181016574002559634e-37
3.020470201234568276e-23 1.181016574002559634e-37
3.293824160911261674e-23 1.181016574002559634e-37
3.591916781224430180e-23 1.181016574002559634e-37
3.916986922481060574e-23 1.181016574002559634e-37
4.271476062888531808e-23 1.181016574002559634e-37
4.658046635568753771e-23 1.181016574002559634e-37
5.079602025080907413e-23 1.181016574002559634e-37
5.539308373638849854e-23 1.181016574002559634e-37
6.040618360800962012e-23 1.181016574002559634e-37
6.587297135233367626e-23 1.181016574002559634e-37
7.183450593309798628e-23 1.181016574002559634e-37
7.833556216937712177e-23 1.181016574002559634e-37
8.542496702221978241e-23 1.181016574002559634e-37
9.315596631538545115e-23 1.181016574002559634e-37
1.015866246444797260e-22 1.181016574002559634e-37
1.107802614780456893e-22 1.181016574002559634e-37
1.208059267260136526e-22 1.181016574002559634e-37
1.317389193473172984e-22 1.181016574002559634e-37
1.436613528917377000e-22 1.181016574002559634e-37
1.566627722235398447e-22 1.181016574002559634e-37
1.708408260589077488e-22 1.181016574002559634e-37
1.863020003683089063e-22 1.181016574002559634e-37
2.031624181521197569e-22 1.181016574002559634e-37
2.215487115963224200e-22 1.181016574002559634e-37
2.415989731587013265e-22 1.181016574002559634e-37
2.634637927287671308e-22 1.181016574002559634e-37
2.873073886511518347e-22 1.181016574002559634e-37
3.133088411071484712e-22 1.181016574002559634e-37
3.416634371178482966e-22 1.181016574002559634e-37
3.725841372706688454e-22 1.181016574002559634e-37
4.063031751853694885e-22 1.181016574002559634e-37
4.430738017324342391e-22 1.181016574002559634e-37
4.831721871040438823e-22 1.181016574002559634e-37
5.268994950233675660e-22 1.181016574002559634e-37
5.745841446707694300e-22 1.181016574002559634e-37
6.265842773153501067e-22 1.181016574002559634e-37
6.832904461778291338e-22 1.181016574002559634e-37
7.451285497272706583e-22 1.181016574002559634e-37
8.125630304425079120e-22 1.181016574002559634e-37
8.861003630629608505e-22 1.181016574002559634e-37
9.662928585278023711e-22 1.181016574002559634e-37
1.053742812173404489e-21 1.181016574002559634e-37
1.149107027344512786e-21 1.181016574002559634e-37
1.253101748394406783e-21 1.181016574002559634e-37
1.366508040123883449e-21 1.181016574002559634e-37
1.490177654061879848e-21 1.181016574002559634e-37
1.625039425647311928e-21 1.181016574002559634e-37
1.772106250358849970e-21 1.181016574002559634e-37
1.932482691187636822e-21 1.181016574002559634e-37
2.107373274589816525e-21 1.181016574002559634e-37
2.298091537226691479e-21 1.181016574002559634e-37
2.506069891439108957e-21 1.181016574002559634e-37
2.732870383551701495e-21 1.181016574002559634e-37
2.980196425808833135e-21 1.181016574002559634e-37
3.249905590056240139e-21 1.181016574002559634e-37
3.544023559256564299e-21 1.181016574002559634e-37
3.864759341623925885e-21 1.181016574002559634e-37
4.214521861644346344e-21 1.181016574002559634e-37
4.595938052591528718e-21 1.181016574002559634e-37
5.011872586423772736e-21 1.181016574002559634e-37
5.465449389245367212e-21 1.181016574002559634e-37
5.960075103927849072e-21 1.181016574002559634e-37
6.499464676108776967e-21 1.181016574002559634e-37
7.087669255735742986e-21 1.181016574002559634e-37
7.729106623713161810e-21 1.181016574002559634e-37
8.428594372174172040e-21 1.181016574002559634e-37
9.191386087583509830e-21 1.181016574002559634e-37
1.002321080842698377e-20 1.181016574002559634e-37
1.093031605384137688e-20 1.181016574002559634e-37
1.191951474635423073e-20 1.181016574002559634e-37
1.299823638115419917e-20 1.181016574002559634e-37
1.417458282620433445e-20 1.181016574002559634e-37
1.545738917229049023e-20 1.181016574002559634e-37
1.685629009002912728e-20 1.181016574002559634e-37
1.838179219221346262e-20 1.181016574002559634e-37
2.004535294498678708e-20 1.181016574002559634e-37
2.185946672051397292e-20 1.181016574002559634e-37
2.383775863745805389e-20 1.181016574002559634e-37
2.599508689406627768e-20 1.181016574002559634e-37
2.834765436244531408e-20 1.181016574002559634e-37
3.091313028217221784e-20 1.181016574002559634e-37
3.371078296723408941e-20 1.181016574002559634e-37
3.676162452300500743e-20 1.181016574002559634e-37
4.008856866018070748e-20 1.181016574002559634e-37
4.371660279094363233e-20 1.181016574002559634e-37
4.767297569991391331e-20 1.181016574002559634e-37
5.198740219940918625e-20 1.181016574002559634e-37
5.669228630609676304e-20 1.181016574002559634e-37
6.182296461524284836e-20 1.181016574002559634e-37
6.741797170043816591e-20 1.181016574002559634e-37
7.351932953212664114e-20 1.181016574002559634e-37
8.017286308864650055e-20 1.181016574002559634e-37
8.742854453021117092e-20 1.181016574002559634e-37
9.534086852080542809e-20 1.181016574002559634e-37
1.039692615168776342e-19 1.181016574002559634e-37
1.133785280968561256e-19 1.181016574002559634e-37
1.236393376836956924e-19 1.181016574002559634e-37
1.348287553160313945e-19 1.181016574002559634e-37
1.470308204543840105e-19 1.181016574002559634e-37
1.603371781695805435e-19 1.181016574002559634e-37
1.748477674540315802e-19 1.181016574002559634e-37
1.906715718255011510e-19 1.181016574002559634e-37
2.079274378608525692e-19 1.181016574002559634e-37
2.267449678075019987e-19 1.181016574002559634e-37
2.472654929766001609e-19 1.181016574002559634e-37
2.696431352287666911e-19 1.181016574002559634e-37
2.940459645247797471e-19 1.181016574002559634e-37
3.206572612351196364e-19 1.181016574002559634e-37
3.496768926891485885e-19 1.181016574002559634e-37
3.813228143025953936e-19 1.181016574002559634e-37
4.158327065578011063e-19 1.181016574002559634e-37
4.534657601314436408e-19 1.181016574002559634e-37
4.945046225771165770e-19 1.181016574002559634e-37
5.392575211836425549e-19 1.181016574002559634e-37
5.880605779529897895e-19 1.181016574002559634e-37
6.412803340848368265e-19 1.181016574002559634e-37
6.993165029280962027e-19 1.181016574002559634e-37
7.626049720758798709e-19 1.181016574002559634e-37
8.316210771514640875e-19 1.181016574002559634e-37
9.068831718733424205e-19 1.181016574002559634e-37
9.889565212129296035e-19 1.181016574002559634e-37
1.078457546884742680e-18 1.181016574002559634e-37
1.176058457055494774e-18 1.181016574002559634e-37
1.282492295044024559e-18 1.181016574002559634e-37
1.398558444930823003e-18 1.181016574002559634e-37
1.525128635427938213e-18 1.181016574002559634e-37
1.663153487101739699e-18 1.181016574002559634e-37
1.813669652122501460e-18 1.181016574002559634e-37
1.977807600164662976e-18 1.181016574002559634e-37
2.156800108934534982e-18 1.181016574002559634e-37
2.351991523094953588e-18 1.181016574002559634e-37
2.564847851126673872e-18 1.181016574002559634e-37
2.796967775960594809e-18 1.181016574002559634e-37
3.050094662077345945e-18 1.181016574002559634e-37
3.326129649254746822e-18 1.181016574002559634e-37
3.627145931305869520e-18 1.181016574002559634e-37
3.955404327049158190e-18 1.181016574002559634e-37
4.313370260458854992e-18 1.181016574002559634e-37
4.703732277526988427e-18 1.181016574002559634e-37
5.129422238909625007e-18 1.181016574002559634e-37
5.593637340017568041e-18 1.181016574002559634e-37
6.099864123934932408e-18 1.181016574002559634e-37
6.651904667518418224e-18 1.181016574002559634e-37
7.253905137350840413e-18 1.181016574002559634e-37
7.910386930021163770e-18 1.181016574002559634e-37
8.626280630615272650e-18 1.181016574002559634e-37
9.406963044465023587e-18 1.181016574002559634e-37
1.025829758028847029e-17 1.181016574002559634e-37
1.118667828802316283e-17 1.181016574002559634e-37
1.219907788210299976e-17 1.181016574002559634e-37
1.330310011086534038e-17 1.181016574002559634e-37
1.450703686541241666e-17 1.181016574002559634e-37
1.581993045685225267e-17 1.181016574002559634e-37
1.725164152965904275e-17 1.181016574002559634e-37
1.881292312122290465e-17 1.181016574002559634e-37
2.051550142382544011e-17 1.181016574002559634e-37
2.237216385560952006e-17 1.181016574002559634e-37
2.439685510201428314e-17 1.181016574002559634e-37
2.660478184900496758e-17 1.181016574002559634e-37
2.901252699470674891e-17 1.181016574002559634e-37
3.163817419724776266e-17 1.181016574002559634e-37
3.450144369423631492e-17 1.181016574002559634e-37
3.762384041396795550e-17 1.181016574002559634e-37
4.102881549076177877e-17 1.181016574002559634e-37
4.474194239751258017e-17 1.181016574002559634e-37
4.879110901832135863e-17 1.181016574002559634e-37
5.320672710378456800e-17 1.181016574002559634e-37
5.802196068209036525e-17 1.181016574002559634e-37
6.327297514141926451e-17 1.181016574002559634e-37
6.899920885442223935e-17 1.181016574002559634e-37
7.524366938484106040e-17 1.181016574002559634e-37
8.205325650096005112e-17 1.181016574002559634e-37
8.947911442193443891e-17 1.181016574002559634e-37
9.757701594256598569e-17 1.181016574002559634e-37
1.064077813215561356e-16 1.181016574002559634e-37
1.160377350793419996e-16 1.181016574002559634e-37
1.265392041363402665e-16 1.181016574002559634e-37
1.379910610329479109e-16 1.181016574002559634e-37
1.504793163111913553e-16 1.181016574002559634e-37
1.640977645072002957e-16 1.181016574002559634e-37
1.789486886063032356e-16 1.181016574002559634e-37
1.951436282516226910e-16 1.181016574002559634e-37
2.128042174759277435e-16 1.181052415039341356e-37
2.320630982485864524e-16 1.181254353165519749e-37
2.530649166989582603e-16 1.181625561766269983e-37
2.759674094984694507e-16 1.182586187152583685e-37
3.009425885607508809e-16 1.183150542525398911e-37
3.281780329577229810e-16 1.183036200481092777e-37
3.578782977546526032e-16 1.182922520343046903e-37
3.902664503454624319e-16 1.182806321908534458e-37
4.255857458271048879e-16 1.182694201487672550e-37
4.641014539960635864e-16 1.182576116523690840e-37
5.061028516889397197e-16 1.182465580546045092e-37
5.519053954307357737e-16 1.182348481777688817e-37
6.018530907088564501e-16 1.182236652017156001e-37
6.563210756675153498e-16 1.182121055673564276e-37
7.157184386276379186e-16 1.182007410310784665e-37
7.804912905937056432e-16 1.181893340188136303e-37
8.511261158238167094e-16 1.181777849746061986e-37
9.281534256279544609e-16 1.181665330026980618e-37
1.012151742836707894e-15 1.181547964549985745e-37
1.103751946866188407e-15 1.181437019809815595e-37
1.203642012013466095e-15 1.181319552455368373e-37
1.312572174569819506e-15 1.181208404069117228e-37
1.431360567560228887e-15 1.181092430174798802e-37
1.560899365429429349e-15 1.180979477248694419e-37
1.702161484824791195e-15 1.180865020465660223e-37
1.856207891803358736e-15 1.180750233702252790e-37
2.024195570344313375e-15 1.180637318065749582e-37
2.207386212015758969e-15 1.180520667691936556e-37
2.407155692060162554e-15 1.180409317627539356e-37
2.625004403070098193e-15 1.180331416855583839e-37
2.862568523866481583e-15 1.181276157699710041e-37
3.121632308215309271e-15 1.182689139435950810e-37
3.404141485679326248e-15 1.185588342680668593e-37
3.712217875252645907e-15 1.187616649234121005e-37
4.048175321536357392e-15 1.188159632495971931e-37
4.414537073145472298e-15 1.188323069618976205e-37
4.814054733869463060e-15 1.188206279590914138e-37
5.249728928922167124e-15 1.188425292152491054e-37
5.724831841496379251e-15 1.188759872572040445e-37
6.242931788887506080e-15 1.190523872954495700e-37
6.807920022767908198e-15 1.192397331476037389e-37
7.424039954898021430e-15 1.194009396591656878e-37
8.095919027778750111e-15 1.196116516565928247e-37
8.828603469611898668e-15 1.199080067148470272e-37
9.627596194601259592e-15 1.202287298862795688e-37
1.049889813324870336e-14 1.205763099556699556e-37
1.144905330306049744e-14 1.209626459784436675e-37
1.248519795817476420e-14 1.213867800491559718e-37
1.361511418705180484e-14 1.220483316344907480e-37
1.484728836078123441e-14 1.227822714264948994e-37
1.619097487098827350e-14 1.235241527150823006e-37
1.765626563604897522e-14 1.243569392373914197e-37
1.925416589765221840e-14 1.253257437279061072e-37
2.099667687698382583e-14 1.264727772511969329e-37
2.289688591133519712e-14 1.278272338944902785e-37
2.496906474811720619e-14 1.293742066146446573e-37
2.722877673452618614e-14 1.310982135810655798e-37
2.969299370792758337e-14 1.330197213958966571e-37
3.238022346487058262e-14 1.351309551267627986e-37
3.531064876611006200e-14 1.376666512057834116e-37
3.850627892164806849e-14 1.404743813116852884e-37
4.199111509428913056e-14 1.436934551060891428e-37
4.579133056324892051e-14 1.472258435593952270e-37
4.993546730169853600e-14 1.511116581850358004e-37
5.445465034467136587e-14 1.555631930322712276e-37
5.938282155736585947e-14 1.605735303430441156e-37
6.475699455958387736e-14 1.662593361724257137e-37
7.061753272095661279e-14 1.725280237960380795e-37
7.700845231486020440e-14 1.796056770999400398e-37
8.397775310790716596e-14 1.873458086790343074e-37
9.157777886794127841e-14 1.958526712766738480e-37
9.986561049816692666e-14 2.052941101527095898e-37
1.089034947501110200e-13 2.158469610917507435e-37
1.187593117352950485e-13 2.275657656874312358e-37
1.295070847469449670e-13 2.402488639982717975e-37
1.412275362207892774e-13 2.538786172438749348e-37
1.540086940105775392e-13 2.703850893650198732e-37
1.679465525318171765e-13 2.878282807975372421e-37
1.831457937393129440e-13 3.057302243398155071e-37
1.997205733535297921e-13 3.255468359533936431e-37
2.177953782407861750e-13 3.484492350729674774e-37
2.375059613867685848e-13 3.754006891098932072e-37
2.590003614855865351e-13 4.067294585684087573e-37
2.824400148020917723e-13 4.415292068989073515e-37
3.080009676582857796e-13 4.808302969701670904e-37
3.358751986502793218e-13 5.267180547487362847e-37
3.662720605265242101e-13 5.795937767989934106e-37
3.994198525567000545e-13 6.405789680147174436e-37
4.355675352006862160e-13 7.120514399160973843e-37
4.749865999559218704e-13 7.972711266072339228e-37
5.179731084267721685e-13 8.936943171917850749e-37
5.648499159306557704e-13 1.014326102940162006e-36
6.159690963415672913e-13 1.158768211116933644e-36
6.717145863830197043e-13 1.325999277327000419e-36
7.325050692308030292e-13 1.515418988222164827e-36
7.987971190830572680e-13 1.770946093067916727e-36
8.710886303154536205e-13 2.098929420497305648e-36
9.499225569765246034e-13 2.499202985350509888e-36
1.035890990708988931e-12 3.050697152284896838e-36
1.129639607724967233e-12 3.724388885264741837e-36
1.231872518234408106e-12 4.573333711342991804e-36
1.343357554749122224e-12 5.765988111108046861e-36
1.464932038980809467e-12 7.353505002223881352e-36
1.597509070645926230e-12 9.642851968381163016e-36
1.742084385410498246e-12 1.268716778640779186e-35
1.899743833481946683e-12 1.721459701251188182e-35
2.071671535017079537e-12 2.338043245969341216e-35
2.259158773598326234e-12 3.396621980664572931e-35
2.463613694573534386e-12 4.858559764379534755e-35
2.686571881100302935e-12 7.369321994509746508e-35
2.929707887326969847e-12 7.809376370657122300e-35
3.194847815332038430e-12 7.816173711014542895e-35
3.483983030282508267e-12 7.822899252279770836e-35
3.799285116820151553e-12 7.829534375357495008e-35
4.143122189008125821e-12 7.836495237595677840e-35
4.518076676334911756e-12 7.842972014679298635e-35
4.926964719360180137e-12 7.850034943104859248e-35
5.372857320675692679e-12 7.856485575794905907e-35
5.859103410037594283e-12 7.863379948730276553e-35
6.389354996904553723e-12 7.870074032205441159e-35
6.967594599291585671e-12 7.876803872196453183e-35
7.598165154948720048e-12 7.883736383464397549e-35
8.285802639514458232e-12 7.890305617059562115e-35
9.035671636627850878e-12 7.897469369354014382e-35
9.853404127152359454e-12 7.903884114600443777e-35
1.074514178884178613e-11 7.910876905261582977e-35
1.171758212414682162e-11 7.917538323166062481e-35
1.277802876260833554e-11 7.924364232161887711e-35
1.393444631564151701e-11 7.931267227526668025e-35
1.519552019570364851e-11 7.937930237457482554e-35
1.657072184912322627e-11 7.945069838248291476e-35
1.807037989253232807e-11 7.951573836670369105e-35
1.970575768717729103e-11 7.958666449978194788e-35
2.148913793374192004e-11 7.965293972774053446e-35
2.343391492304180568e-11 7.972217322167428291e-35
2.555469513544759503e-11 7.306188781536053797e-36
2.786740694460569406e-11 7.337232940813064245e-36
3.038942024939385525e-11 7.371086610960182630e-36
3.313967693262638699e-11 7.408004054019381717e-36
3.613883312633328751e-11 7.448262542865842490e-36
3.940941435211056010e-11 7.492164443699042097e-36
4.297598470174875867e-11 7.549671060183539416e-36
4.686533132878263974e-11 7.612558740328026082e-36
5.110666563661505879e-11 7.681137784808876401e-36
5.573184267426019930e-11 7.755923264748698199e-36
6.077560038749940332e-11 7.837476865446502919e-36
6.627582052238467434e-11 7.924185187899959961e-36
7.227381314062364804e-11 8.010202596825403837e-36
7.881462688374413271e-11 8.104004621312113278e-36
8.594738731631079830e-11 8.206295772693264406e-36
9.372566588935377645e-11 8.317844320905699720e-36
1.022078822951695857e-10 8.439488064673323765e-36
1.114577432354080977e-10 8.565551030916564795e-36
1.215447208978829565e-10 8.694551340127855512e-36
1.325445747357571790e-10 8.835226237391051560e-36
1.445399204679779533e-10 8.988632278361025412e-36
1.576208505745311485e-10 9.155921637471457293e-36
1.718856109467889899e-10 9.338350761478732202e-36
1.874413387750400690e-10 9.483131963816847719e-36
2.044048672151866015e-10 9.615151443893878016e-36
2.229036028781361781e-10 9.759118748391995409e-36
2.430764827324168118e-10 9.916115160984772617e-36
2.650750176068978561e-10 1.008731982202169115e-35
2.890644301310111591e-10 1.027401858460291977e-35
3.152248956590941127e-10 1.042160849037609800e-35
3.437528954989394734e-10 1.057766561380194445e-35
3.748626926081963472e-10 1.074784597956496774e-35
4.087879408419397032e-10 1.093342774767305562e-35
4.457834398379412619e-10 1.113580475221005171e-35
4.861270487198270006e-10 1.134803973733687225e-35
5.301217729912937009e-10 1.153318087166004472e-35
5.780980402952284689e-10 1.173507736484941144e-35
6.304161821300433507e-10 1.195524558468436155e-35
6.874691401625626003e-10 1.219533913093448927e-35
7.496854174634139364e-10 1.245716125491846230e-35
8.175322968306452591e-10 1.271354925654587437e-35
8.915193503731356303e-10 1.294743600795221123e-35
9.722022667128688176e-10 1.320248961926884631e-35
1.060187024550902262e-09 1.348062570117394076e-35
1.156134443942885375e-09 1.378393322800395163e-35
1.260765149467208920e-09 1.411469022724548967e-35
1.374864982562193810e-09 1.444644518467196488e-35
1.499290903682208328e-09 1.479127662097977753e-35
1.634977428601826952e-09 1.516731546284230046e-35
1.782943647208338196e-09 1.557738599499374858e-35
1.944300877498360763e-09 1.602456810125190602e-35
2.120261012264732865e-09 1.651222039635429655e-35
2.312145621162290145e-09 1.691890650055916711e-35
2.521395876515084614e-09 1.734563334993077072e-35
2.749583377413511786e-09 1.781097917787346448e-35
2.998421953397448607e-09 1.831843901993058838e-35
3.269780536378239919e-09 1.887182421398975293e-35
3.565697197475362195e-09 1.941373510349731103e-35
3.888394454193731903e-09 1.990582449666837716e-35
4.240295962907277764e-09 2.044244820906008087e-35
4.624044722020320429e-09 2.102763661729899263e-35
5.042522922523583143e-09 2.166578484897327576e-35
5.498873595034366505e-09 2.233789469818342766e-35
5.996524215904545314e-09 2.294405037743616469e-35
6.539212449691689684e-09 2.360506342791426065e-35
7.131014221336235366e-09 2.432589846725756064e-35
7.776374328883838210e-09 2.511196941331428084e-35
8.480139826672735374e-09 2.592746922587845031e-35
9.247596429716044834e-09 2.663884696869621817e-35
1.008450821269662456e-08 2.741460472848804367e-35
1.099716090174012246e-08 2.826056892676817886e-35
1.199240908411373875e-08 2.918309327891122165e-35
1.307772769042378193e-08 3.009201850422252393e-35
1.426126813597749502e-08 3.097807865716481998e-35
1.555191954296277341e-08 3.194432766653733186e-35
1.695937550326465236e-08 3.299802266118635868e-35
1.849420688334794253e-08 3.414707754349838454e-35
2.016794121801420715e-08 3.520104163751682312e-35
2.199314928933291713e-08 3.616233976572191567e-35
2.398353954100364605e-08 3.721063582215252709e-35
2.615406103726480098e-08 3.835380315982337161e-35
2.852101573962872211e-08 3.960042767386288222e-35
3.110218094471546744e-08 4.083573661189398865e-35
3.391694280276788549e-08 4.207997648956931953e-35
3.698644191965177785e-08 4.343682065554743985e-35
4.033373213590896722e-08 4.491645985035357177e-35
4.398395367538429490e-08 4.653000708127532758e-35
4.796452196388688879e-08 4.811873462248064671e-35
5.230533353602859566e-08 4.982062220248852395e-35
5.703899057672316311e-08 5.167653140096130497e-35
6.220104578380183852e-08 5.370040124608975798e-35
6.783026939080311056e-08 5.585992844891754630e-35
7.396894035545370980e-08 5.814449412934328343e-35
8.066316390084342317e-08 6.063581406764295480e-35
8.796321779421772780e-08 6.335259962042759067e-35
9.592392996417216406e-08 6.658421324529762280e-35
1.046050902923683489e-07 7.019710510774778425e-35
1.140718996725988416e-07 7.413696536607208651e-35
1.243954597099077038e-07 7.818514461715688536e-35
1.356533067376995511e-07 8.236198613691709959e-35
1.479299941636608538e-07 8.691683375913880806e-35
1.613177275182421315e-07 8.713607966771846196e-35
1.759170569753343157e-07 8.772848412313719057e-35
1.918376325463904500e-07 8.837450145762117196e-35
2.091990276199519752e-07 8.874890219685347154e-35
2.281316370319084998e-07 8.912249299412530832e-35
2.487776564115102073e-07 8.952111884984645669e-35
2.712921501586664828e-07 8.994977773305098840e-35
2.958442160736899884e-07 9.039271699878820759e-35
3.226182553865519915e-07 9.081478055213982911e-35
3.518153577244114571e-07 9.127504105360132505e-35
3.836548114193137138e-07 9.195693976570695951e-35
4.183757504994637837e-07 9.270265635718508041e-35
4.562389507339809592e-07 9.336183899483504823e-35
4.975287882205040965e-07 9.400429944525772655e-35
5.425553752259423467e-07 9.469349548774318000e-35
5.916568893217496833e-07 9.542464308153258522e-35
6.452021133070664062e-07 9.626908326148679378e-35
7.035932049960919439e-07 9.799638918278503960e-35
7.672687176724514817e-07 9.988001709427086216e-35
8.367068938961723840e-07 1.020854696194315408e-34
9.124292574016288013e-07 1.045482745307878773e-34
9.950045300640292561e-07 1.070663208671531782e-34
1.085052903353088371e-06 1.095497908555746401e-34
1.183250696355316181e-06 1.123230410097229525e-34
1.290335435349505550e-06 1.167911780449733998e-34
1.407111393086064241e-06 1.216636835624764260e-34
1.534455629373860825e-06 1.270135493659129123e-34
1.673324578342830803e-06 1.328505115423051973e-34
1.824761231857022809e-06 1.397873628266990935e-34
1.989902973029889975e-06 1.475852891734965798e-34
2.169990118676207494e-06 1.572290244744413393e-34
2.366375234860101038e-06 1.677076663601264282e-34
2.580533295504261876e-06 1.791900735881781041e-34
2.814072760358193033e-06 1.943821586483663062e-34
3.068747655527766870e-06 2.089361392701099464e-34
3.346470747298092425e-06 2.240044806206234093e-34
3.649327908193855729e-06 2.438547410524038842e-34
3.979593783174419311e-06 2.674322964398871284e-34
4.339748873627136286e-06 2.951364445497860580e-34
4.732498167470053126e-06 3.273342591458815286e-34
5.160791455287210895e-06 3.437559293314451124e-34
5.627845485084225005e-06 3.458279986386303350e-34
6.137168122058952289e-06 3.513572255895096758e-34
6.692584694843058509e-06 3.585818906379808718e-34
7.298266726090785699e-06 3.683886069638030090e-34
7.958763263198799661e-06 3.810891589925618983e-34
8.679035044471650710e-06 3.969562639551898181e-34
9.464491757340200867e-06 4.163973678188925941e-34
1.032103266846677304e-05 4.390310684339591597e-34
1.125509093089384164e-05 4.644192553688947309e-34
1.227368190100943785e-05 4.939320928043093626e-34
1.338445582822175216e-05 5.250455568012058053e-34
1.459575531307241547e-05 5.612800907439305386e-34
1.591667796533672780e-05 5.996355742370630774e-34
1.735714473271129620e-05 6.420598051327631950e-34
1.892797441327835717e-05 6.895323613356266493e-34
2.064096491138473307e-05 7.432272037435463026e-34
2.250898184721447878e-05 8.101068385353539861e-34
2.454605518556801763e-05 8.906951160052346810e-34
2.676748460959427781e-05 9.822855320230907829e-34
2.918995443089149214e-05 1.089779744624509409e-33
3.183165889902505669e-05 1.215627837864224336e-33
3.471243885161950921e-05 1.362857543680742700e-33
3.785393073134334649e-05 1.535734110571355351e-33
4.127972908899957104e-05 1.717934746998836156e-33
4.501556379322739704e-05 1.612830067880069247e-33
4.908949327775822993e-05 1.554420171386453144e-33
5.353211527764229887e-05 1.469877945647139633e-33
5.837679663719691508e-05 1.393713677222309760e-33
6.365992391568981237e-05 1.341659032103071371e-33
6.942117667294591093e-05 1.307739960172314046e-33
7.570382548742745428e-05 1.271023594563860611e-33
8.255505694509962132e-05 1.244829980594120181e-33
9.002632803992991807e-05 1.227562067265720845e-33
9.817375264779620251e-05 1.226116602639836412e-33
1.070585229764767714e-04 1.224673905583010189e-33
1.167473691570461848e-04 1.223225648024544644e-33
1.273130604285158617e-04 1.236466603923617838e-33
1.388349516799061104e-04 1.255547091346709729e-33
1.513995794546509608e-04 1.290898996391046468e-33
1.651013118936610618e-04 1.321229532793372295e-33
1.800430574985334247e-04 1.350867926618059006e-33
1.963370380381864117e-04 1.415035082015736231e-33
2.141056314038817859e-04 1.478992357388032377e-33
2.334822907430145146e-04 1.546668730689383281e-33
2.546125467749710378e-04 1.622444244355706777e-33
2.776551008170043459e-04 1.637885950625532046e-33
3.027830167294821568e-04 1.618476036011131103e-33
3.301850207327067677e-04 1.618328032755369764e-33
3.600669188578120268e-04 1.634824010097503890e-33
3.926531426775833129e-04 1.666891870718216387e-33
4.281884349266290276e-04 1.718688685916274070e-33
4.669396876710221593e-04 1.796612255879854866e-33
5.091979468330854299e-04 1.902410666436172975e-33
5.552805981266449023e-04 2.003526533069602866e-33
6.055337508203893727e-04 2.028250475082723085e-33
6.603348372330153891e-04 2.050878272267307009e-33
7.200954474838130483e-04 2.088011676077142391e-33
7.852644207894875997e-04 2.126804971813024749e-33
8.563312165248912217e-04 2.188414875585382688e-33
9.338295903662172364e-04 2.285223502468501083e-33
1.018341603126849326e-03 2.422145368602632998e-33
1.110501992394861449e-03 2.588761990641678017e-33
1.211002939805594760e-03 2.794246332413503300e-33
1.320599269754721373e-03 3.009085039277532112e-33
1.440114118597135952e-03 3.306884825485379296e-33
1.570445116911205283e-03 3.702695835339680254e-33
1.712571131260621484e-03 4.107441832811635442e-33
1.867559616088809715e-03 4.725872442338885329e-33
2.036574630963463965e-03 5.422862543179620783e-33
2.220885583385200958e-03 6.250233975748140293e-33
2.421876762824425478e-03 7.269093431676391458e-33
2.641057737593310688e-03 8.893199534509112782e-33
2.880074692639166337e-03 1.030792085791352617e-32
3.140722793413622434e-03 1.271187428994647353e-32
3.424959668677435461e-03 1.549710628849919126e-32
3.734920113505923490e-03 1.903029499125074730e-32
4.072932122922792199e-03 2.315834947492200077e-32
4.441534376585208783e-03 2.662243442776047110e-32
4.843495305841638218e-03 3.092501214554203009e-32
5.281833886366703659e-03 3.621613311721373314e-32
5.759842312539092089e-03 4.287019981301659930e-32
6.281110723862013204e-03 5.121807885111675742e-32
6.849554169135359249e-03 6.188126368522298498e-32
7.469442010898553509e-03 7.555268584740375202e-32
8.145429990988477947e-03 9.340088157780682918e-32
8.882595198046534107e-03 1.170799127950946819e-31
9.686474199600331528e-03 1.487863168426997346e-31
1.056310462511631833e-02 1.912120145400052661e-31
1.151907051233952255e-02 2.493403182630445190e-31
1.256155175749676389e-02 3.306900307835864188e-31
1.369837804076605089e-02 4.448329072318068521e-31
1.493808763202796389e-02 6.102274919159715113e-31
1.628999151856286992e-02 8.480968581623946622e-31
1.776424333633590605e-02 1.191874034024723263e-30
1.937191563009416431e-02 1.732840479439756657e-30
2.112508301504109967e-02 2.525061772252707340e-30
2.303691286467862351e-02 3.820665543702496600e-30
2.512176420594077267e-02 5.961084271608258909e-30
2.739529556438643002e-02 8.561739597712150535e-30
2.987458256942849069e-02 9.370530490155128175e-30
3.257824620289342249e-02 1.026639856459008973e-29
3.552659265413214001e-02 1.125150848570223395e-29
3.874176583208888136e-02 1.233995790162605692e-29
4.224791367977868278e-02 1.355334091195375011e-29
4.607136954030172094e-02 1.488629004579811396e-29
5.024084993657277481e-02 1.638645310716389760e-29
5.478767025020232773e-02 1.800804705712747528e-29
5.974597991941572872e-02 1.980611386572469315e-29
6.515301892250191518e-02 2.182241971113662251e-29
7.104939747312465081e-02 2.406810460783552609e-29
7.747940102819549091e-02 2.652323496264507689e-29
8.449132289909390414e-02 2.929629960179376897e-29
9.213782696437054776e-02 3.242118142055550833e-29
1.004763432081079433e-01 3.591619982898147986e-29
1.095694990546850350e-01 3.986590672083143171e-29
1.194855897395541711e-01 4.433564373130219518e-29
1.302990912487778929e-01 4.935305511295661152e-29
1.420912196798302662e-01 5.505105502503050868e-29
1.549505412248310954e-01 6.167904342477355909e-29
1.689736373575251582e-01 6.923606421273707573e-29
1.842658302200067821e-01 7.780185255195811760e-29
2.009419736572634618e-01 8.757343674153507127e-29
2.191273158407441302e-01 9.882230759528314829e-29
2.389584399597358688e-01 1.117932855038704701e-28
2.605842900457437383e-01 1.271274807783276757e-28
2.841672896344905608e-01 1.450972792427354887e-28
3.098845616673150394e-01 1.663114968683983379e-28
3.379292587942079318e-01 1.912432367225009766e-28
3.685120140699398861e-01 2.205946706922013397e-28
4.018625229388133602e-01 2.554313861523758842e-28
4.382312683898036410e-01 2.968247178301466971e-28
4.778914022390028937e-01 3.477158180304750344e-28
5.211407966690726479e-01 4.081278523608316740e-28
5.683042814339098747e-01 4.816191280518625898e-28
6.197360835313666660e-01 5.711847375789338033e-28
6.758224876675723580e-01 6.802301908160221705e-28
7.369847374944348273e-01 8.158643583307300515e-28
8.036821994104734745e-01 9.822211214823903277e-28
8.764158126872111376e-01 1.201734365735055018e-27
9.557318518334909641e-01 1.482907178873329555e-27
1.042226029455593173e+00 1.848994329347547968e-27
1.136547970428005039e+00 2.331723972989753421e-27
1.239406090978900865e+00 2.946280269482670563e-27
1.351572919334979472e+00 3.761428529293977317e-27
1.473890897887113027e+00 4.781037123411822548e-27
1.607278710454892456e+00 6.137016119599111041e-27
1.752738182171339476e+00 7.679377014195531137e-27
1.911361803810540216e+00 9.760866511297332942e-27
2.084340937070253030e+00 1.302659251771305210e-26
2.272974762436729357e+00 1.725565519761046283e-26
2.478680036835190670e+00 2.379136441102960597e-26
2.703001734352174612e+00 3.363471914372764754e-26
2.947624649948580977e+00 4.794615182597589133e-26
3.214386053313797564e+00 7.009190912570165580e-26
3.505289487899458489e+00 1.062934803751029893e-25
3.822519818772667666e+00 1.733616859907057966e-25
4.168459642306419077e+00 2.641890358430166629e-25
4.545707180954980053e+00 4.247926106215467124e-25
4.957095797514353031e+00 7.229453972519515284e-25
5.405715275433141898e+00 1.296138135778243573e-24
5.894935025000811457e+00 2.326425818394602709e-24
6.428429389706678876e+00 4.176779042593100538e-24
7.010205242837073136e+00 8.178951968592518959e-24
7.644632081576500759e+00 1.300000000000000014e-13
