# Union of torsion and magnetometer limits 
#  m [eV] 	 g_s*g_p [dimensionless]
2.405956950206045427e-20 1.000000000000000000e+00
2.505677766571162947e-20 8.780496794178444485e-29
2.609531757977390705e-20 8.780496794178443364e-29
2.717690234052334865e-20 8.780496794178443364e-29
2.830331604773451223e-20 8.780496794178442243e-29
2.947641674759486887e-20 8.780496794178441122e-29
3.069813949759538659e-20 8.780496794178441122e-29
3.197049955845529076e-20 8.780496794178440001e-29
3.329559571834186536e-20 8.780496794178440001e-29
3.467561375487058438e-20 8.780496794178438880e-29
3.611283004059883232e-20 8.780496794178437759e-29
3.760961529795582133e-20 8.780496794178437759e-29
3.916843850980463806e-20 8.780496794178436638e-29
4.079187099208996495e-20 8.780496794178435517e-29
4.248259063528400956e-20 8.780496794178434396e-29
4.424338632162944763e-20 8.780496794178434396e-29
4.607716252546897025e-20 8.780496794178433275e-29
4.798694410424385764e-20 8.780496794178432154e-29
4.997588128806697418e-20 8.780496794178431033e-29
5.204725487610455233e-20 8.780496794178429912e-29
5.420448164833132782e-20 8.780496794178428791e-29
5.645112000158894928e-20 8.780496794178427670e-29
5.879087581924876055e-20 8.780496794178426549e-29
6.122760858415334095e-20 8.780496794178425427e-29
6.376533774492354885e-20 8.780496794178424306e-29
6.640824934613764210e-20 8.780496794178422064e-29
6.916070293330982883e-20 8.780496794178420943e-29
7.202723874406254965e-20 8.780496794178419822e-29
7.501258519735966230e-20 8.780496794178417580e-29
7.812166669314435542e-20 8.780496794178416459e-29
8.135961173525195077e-20 8.780496794178414217e-29
8.473176139100264402e-20 8.780496794178413096e-29
8.824367810141730304e-20 8.780496794178410854e-29
9.190115485659380866e-20 8.780496794178409733e-29
9.571022475138630931e-20 8.780496794178407491e-29
9.967717093713652515e-20 8.780496794178405249e-29
1.038085369858787480e-19 8.780496794178403007e-29
1.081111376841222397e-19 8.780496794178400765e-29
1.125920702740013965e-19 8.780496794178398523e-29
1.172587261603424088e-19 8.780496794178396280e-29
1.221188031029667180e-19 8.780496794178394038e-29
1.271803179143262791e-19 8.780496794178390675e-29
1.324516196834230755e-19 8.780496794178388433e-29
1.379414035478358961e-19 8.780496794178385070e-29
1.436587250365537738e-19 8.780496794178382828e-29
1.496130150072825586e-19 8.780496794178379465e-29
1.558140952028758824e-19 8.780496794178376102e-29
1.622721944525301537e-19 8.780496794178372739e-29
1.689979655444774155e-19 8.780496794178369376e-29
1.760025027980205622e-19 8.780496794178366012e-29
1.832973603638731190e-19 8.780496794178361528e-29
1.908945712830008195e-19 8.780496794178358165e-29
1.988066673354176077e-19 8.780496794178353681e-29
2.070466997116504629e-19 8.780496794178349197e-29
2.156282605409832432e-19 1.885236705167803180e-36
2.245655053120069341e-19 1.886914572245165450e-36
2.338731762224300608e-19 1.888661982659407888e-36
2.435666264966780697e-19 1.890481818805547720e-36
2.536618457114135570e-19 1.891303483670422027e-36
2.641754861707174951e-19 1.891868747611384131e-36
2.751248903744542715e-19 1.892457440309726894e-36
2.865281196251499254e-19 1.893070532828050471e-36
2.984039838205341985e-19 1.893709036477038656e-36
3.107720724809063892e-19 1.894374004483638581e-36
3.236527870625290811e-19 1.899767216674022272e-36
3.370673746103085975e-19 1.905526773594164152e-36
3.510379628052919868e-19 1.911525049547880512e-36
3.655875964648192988e-19 1.917771938833949664e-36
3.807402755554897881e-19 1.924277745844751869e-36
3.965209947816678487e-19 1.930796568386058246e-36
4.129557848148603172e-19 1.936186906707563514e-36
4.300717552319193193e-19 1.941800660887720113e-36
4.478971392329228290e-19 1.947647090947495839e-36
4.664613402125300032e-19 1.953735840712257331e-36
4.857949802615700951e-19 1.960076953719484968e-36
5.059299506788966773e-19 1.968117186325738627e-36
5.268994645768666698e-19 1.979285616821728552e-36
5.487381116671479990e-19 1.990916950449251178e-36
5.714819153172568244e-19 2.003030373369621044e-36
5.951683919719855510e-19 2.015645866961908896e-36
6.198366130376576697e-19 2.028784240782693646e-36
6.455272693313254089e-19 2.042264698540919520e-36
6.722827382012701589e-19 2.056125481459315760e-36
7.001471534294310871e-19 2.070560758691906142e-36
7.291664780311106052e-19 2.085594341571636522e-36
7.593885800720938877e-19 2.101251028350848636e-36
7.908633116281456361e-19 2.117556645106580540e-36
8.236425910171742122e-19 2.138508241479129334e-36
8.577804884397691723e-19 2.161814687672776473e-36
8.933333151692644730e-19 2.186087126978150992e-36
9.303597164385004659e-19 2.211365597360883621e-36
9.689207681765712717e-19 2.237691796258796732e-36
1.009080077755003255e-18 2.265109149362806002e-36
1.050903888909599122e-18 2.300236955652933589e-36
1.094461191011104920e-18 2.337285744202846562e-36
1.139823832864792979e-18 2.375870111117633482e-36
1.187066641226746663e-18 2.416053702227735095e-36
1.236267544232426659e-18 2.457902801321941495e-36
1.287507699940958443e-18 2.503347299761350170e-36
1.340871630207246869e-18 2.561487527231076314e-36
1.396447360102846872e-18 2.622037519741044815e-36
1.454326563115382833e-18 2.685097155943311945e-36
1.514604712366109009e-18 2.750770454206825899e-36
1.577381238095161495e-18 2.819165744198274216e-36
1.642759691674071408e-18 2.899854849694081419e-36
1.710847916416171763e-18 2.999732514892725426e-36
1.781758225466784833e-18 3.103749856118987839e-36
1.855607587066389145e-18 3.212078452449950887e-36
1.932517817492465119e-18 3.324896994480412998e-36
2.012615781998430467e-18 3.442391579077404645e-36
2.096033604080848052e-18 3.587929486585930351e-36
2.182908883420223355e-18 3.753444090673270797e-36
2.273384922855047771e-18 3.925818855512251872e-36
2.367610964763190403e-18 4.105338117375215356e-36
2.465742437240688448e-18 4.292297997552075091e-36
2.567941210484199186e-18 4.533154432102784939e-36
2.674375863799685295e-18 4.805953612571130579e-36
2.785221963677919654e-18 5.090059627510299485e-36
2.900662353395712498e-18 5.385941116545772235e-36
3.020887454620184185e-18 5.812172198379222190e-36
3.146095581513755037e-18 6.287335237745310275e-36
3.276493267858214758e-18 6.782192580531105881e-36
3.412295607737038604e-18 7.295315459016675179e-36
3.553726610338104213e-18 7.704474347584941492e-36
3.701019569462334559e-18 8.130591834846163046e-36
3.854417448347295373e-18 8.574370811725363501e-36
4.014173280440728842e-18 8.834201939023850789e-36
4.180550586785428755e-18 8.912021000950652872e-36
4.353823810703378458e-18 8.993065465719132898e-36
4.534278770496423423e-18 9.077469018100487603e-36
4.722213130910562038e-18 9.165370883760832513e-36
4.917936894140925768e-18 9.256916058917201345e-36
5.121772911187641949e-18 9.329996933092035454e-36
5.334057414406470117e-18 9.329996933092035454e-36
5.555140572131955199e-18 9.329996933092035454e-36
5.785387066288280229e-18 9.329996933092035454e-36
6.025176693941032182e-18 9.329996933092035454e-36
6.274904993781372013e-18 9.329996933092035454e-36
6.534983898576341002e-18 9.329996933092035454e-36
6.805842414662059263e-18 9.329996933092035454e-36
7.087927329599735423e-18 9.329996933092035454e-36
7.381703949162186517e-18 9.329996933092035454e-36
7.687656864867109012e-18 9.329996933092035454e-36
8.006290753322159629e-18 9.329996933092035454e-36
8.338131208700799799e-18 9.329996933092035454e-36
8.683725609722771291e-18 9.329996933092035454e-36
9.043644022568127462e-18 9.329996933092035454e-36
9.418480141214713383e-18 9.329996933092035454e-36
9.808852266750933678e-18 9.329996933092035454e-36
1.021540432727789917e-17 9.329996933092035454e-36
1.063880694008386223e-17 9.329996933092035454e-36
1.107975851784388231e-17 9.329996933092035454e-36
1.153898642066789611e-17 9.329996933092035454e-36
1.201724815589822420e-17 9.329996933092035454e-36
1.251533262763648371e-17 9.329996933092035454e-36
1.303406143805941225e-17 9.329996933092035454e-36
1.357429024267084664e-17 9.329996933092035454e-36
1.413691016172644994e-17 9.329996933092035454e-36
1.472284925015745574e-17 9.329996933092035454e-36
1.533307402841898305e-17 9.329996933092035454e-36
1.596859107678918698e-17 9.329996933092035454e-36
1.663044869574704131e-17 9.329996933092035454e-36
1.731973863516847427e-17 9.329996933092035454e-36
1.803759789519453595e-17 9.329996933092035454e-36
1.878521060173978488e-17 9.329996933092035454e-36
1.956380995973566308e-17 9.329996933092035454e-36
2.037468028733224984e-17 9.329996933092035454e-36
2.121915913441114569e-17 9.329996933092035454e-36
2.209863948890527419e-17 9.329996933092035454e-36
2.301457207456659848e-17 9.329996933092035454e-36
2.396846774396897498e-17 9.329996933092035454e-36
2.496189997069475996e-17 9.329996933092035454e-36
2.599650744481806467e-17 9.329996933092035454e-36
2.707399677596242986e-17 9.329996933092035454e-36
2.819614530839328726e-17 9.329996933092035454e-36
2.936480405279088060e-17 9.329996933092035454e-36
3.058190073953577378e-17 9.329996933092035454e-36
3.184944299854515713e-17 9.329996933092035454e-36
3.316952167090760576e-17 9.329996933092035454e-36
3.454431425777417488e-17 9.329996933092035454e-36
3.597608851219884429e-17 9.329996933092035454e-36
3.746720617984995167e-17 9.329996933092035454e-36
3.902012689476749753e-17 9.329996933092035454e-36
4.063741223658721194e-17 9.329996933092035454e-36
4.232172995592597097e-17 9.329996933092035454e-36
4.407585837490186529e-17 9.329996933092035454e-36
4.590269097004161557e-17 9.329996933092035454e-36
4.780524114513774363e-17 9.329996933092035454e-36
4.978664720193197967e-17 9.329996933092035454e-36
5.185017751681753411e-17 9.329996933092035454e-36
5.399923593210235914e-17 9.329996933092035454e-36
5.623736737073041947e-17 9.329996933092035454e-36
5.856826368371522305e-17 9.329996933092035454e-36
6.099576973993429270e-17 9.329996933092035454e-36
6.352388976833467265e-17 9.329996933092035454e-36
6.615679396300235166e-17 9.329996933092035454e-36
6.889882536199496717e-17 9.329996933092035454e-36
7.175450701128940020e-17 9.329996933092035454e-36
7.472854942565222705e-17 9.329996933092035454e-36
7.782585835874385531e-17 9.329996933092035454e-36
8.105154289527943849e-17 9.329996933092035454e-36
8.441092387858385307e-17 9.329996933092035454e-36
8.790954268744712280e-17 9.329996933092035454e-36
9.155317037676451646e-17 9.329996933092035454e-36
9.534781719702689793e-17 9.329996933092035454e-36
9.929974250836933681e-17 9.329996933092035454e-36
1.034154651055394722e-16 9.329996933092035454e-36
1.077017739708001764e-16 9.329996933092035454e-36
1.121657394725186492e-16 9.329996933092035454e-36
1.168147250279085244e-16 9.329996933092035454e-36
1.216563992491589818e-16 9.329996933092035454e-36
1.266987485929940211e-16 9.329996933092035454e-36
1.319500905345243721e-16 9.329996933092035454e-36
1.374190872871173444e-16 9.329996933092035454e-36
1.431147600909250478e-16 9.329996933092035454e-36
1.490465040936364035e-16 9.329996933092035454e-36
1.552241038479931759e-16 9.329996933092035454e-36
1.616577494516437375e-16 9.329996933092035454e-36
1.683580533559536918e-16 9.329996933092035454e-36
1.753360678714925699e-16 9.329996933092035454e-36
1.826033033990848364e-16 9.329996933092035454e-36
1.901717474164918972e-16 9.329996933092035454e-36
1.980538842520372672e-16 9.329996933092035454e-36
2.062627156778049952e-16 9.329996933092035454e-36
2.148117823563743959e-16 9.329996933092035454e-36
2.237151861764599149e-16 9.329996933092035454e-36
2.329876135143140992e-16 9.329996933092035454e-36
2.426443594592563977e-16 9.329996933092035454e-36
2.527013530432857417e-16 9.329996933092035454e-36
2.631751835163905262e-16 9.329996933092035454e-36
2.740831277109225597e-16 9.329996933092035454e-36
2.854431785401374888e-16 9.329996933092035454e-36
2.972740746779253513e-16 9.329996933092035454e-36
3.095953314687124692e-16 9.329996933092035454e-36
3.224272731184795155e-16 9.329996933092035454e-36
3.357910662200144452e-16 9.329996933092035454e-36
3.497087546677256179e-16 9.329996933092035454e-36
3.642032960195627149e-16 9.329996933092035454e-36
3.792985993660449261e-16 9.329996933092035454e-36
3.950195647688915492e-16 9.329996933092035454e-36
4.113921243342578264e-16 9.329996933092035454e-36
4.284432849883496746e-16 9.329996933092035454e-36
4.462011730260104980e-16 9.329996933092035454e-36
4.646950805057039534e-16 9.329996933092035454e-36
4.839555135674486115e-16 9.329996933092035454e-36
5.040142427534437573e-16 9.329996933092035454e-36
5.249043554143231724e-16 9.329996933092035454e-36
5.466603102875139014e-16 9.329996933092035454e-36
5.693179943377670629e-16 9.329996933092035454e-36
5.929147819535484890e-16 9.329996933092035454e-36
6.174895965969650619e-16 9.329996933092035454e-36
6.430829750089699855e-16 9.329996933092035454e-36
6.697371340756665675e-16 9.329996933092035454e-36
6.974960404660490802e-16 9.329996933092035454e-36
7.264054831561000810e-16 9.329996933092035454e-36
7.565131489587800903e-16 9.329996933092035454e-36
7.878687011845397879e-16 9.329996933092035454e-36
8.205238615621679035e-16 9.329996933092035454e-36
8.545324955549945584e-16 9.329996933092035454e-36
8.899507012132328373e-16 9.329996933092035454e-36
9.268369017090863355e-16 9.329996933092035454e-36
9.652519417071420367e-16 9.329996933092035454e-36
1.005259187729065917e-15 9.329996933092035454e-36
1.046924632678233669e-15 9.329996933092035454e-36
1.090317004696571242e-15 9.329996933092035454e-36
1.135507880533231883e-15 9.329996933092035454e-36
1.182571803612196724e-15 9.329996933092035454e-36
1.231586406993401432e-15 9.329996933092035454e-36
1.282632541430281572e-15 9.329996933092035454e-36
1.335794408735072339e-15 9.329996933092035454e-36
1.391159700671672032e-15 9.329996933092035454e-36
1.448819743605254466e-15 9.329996933092035454e-36
1.508869649147347923e-15 9.329996933092035454e-36
1.571408471044667107e-15 9.329996933092035454e-36
1.636539368570583132e-15 9.329996933092035454e-36
1.704369776688873264e-15 9.329996933092035454e-36
1.775011583270211775e-15 9.329996933092035454e-36
1.848581313653827713e-15 9.329996933092035454e-36
1.925200322858906612e-15 9.329996933092035454e-36
2.004994995762541502e-15 9.329996933092035454e-36
2.088096955574537559e-15 9.329996933092035454e-36
2.174643280953126568e-15 9.329996933092035454e-36
2.264776732119423019e-15 9.329996933092035454e-36
2.358645986343747747e-15 9.329996933092035454e-36
2.456405883192427358e-15 9.331222208405163901e-36
2.558217679939288878e-15 9.332622792659559829e-36
2.664249317563301727e-15 9.334081427580747617e-36
2.774675697771338116e-15 9.335600519221706830e-36
2.889678971502625248e-15 9.337182573360212033e-36
3.009448839391037083e-15 9.340962646930784577e-36
3.134182864680820031e-15 9.366973394773055147e-36
3.264086799111899938e-15 9.394062222174846162e-36
3.399374922312192489e-15 9.422273812800912481e-36
3.540270395256980280e-15 9.451654702340636411e-36
3.687005628378290447e-15 9.482253355269763358e-36
3.839822664931341153e-15 9.505942338965136006e-36
3.998973580250687100e-15 9.508725109457577613e-36
4.164720897554525862e-15 9.511623218732467890e-36
4.337338020982889086e-15 9.514641447289951758e-36
4.517109686584318865e-15 9.517784773769782012e-36
4.704332431994804424e-15 9.521058383163712298e-36
4.899315085583553741e-15 9.530404145033251009e-36
5.102379275872780742e-15 9.547344538239815856e-36
5.313859962071662271e-15 9.564987067800054249e-36
5.534105986599396792e-15 9.583360835485870313e-36
5.763480650509120779e-15 9.602496149263844328e-36
6.002362312761709293e-15 9.622424573288942492e-36
6.251145014337733848e-15 9.639583626055792624e-36
6.510239128217497803e-15 9.655396004309009396e-36
6.780072036301097650e-15 9.671863765555654687e-36
7.061088834384878547e-15 9.689014073759378970e-36
7.353753066357596753e-15 9.706875218761257134e-36
7.658547488827184944e-15 9.725476662944572471e-36
7.975974867439067224e-15 9.760470338873048905e-36
8.306558806200136737e-15 9.800312087267440574e-36
8.650844611176108710e-15 9.841805175131965344e-36
9.009400189986638264e-15 9.885018046301424272e-36
9.382816988582545770e-15 9.930021981434069888e-36
9.771710966850075450e-15 9.976809247560522288e-36
1.017672361465115582e-14 1.001931393605278747e-35
1.059852300997627693e-14 1.006358033613154546e-35
1.103780492095515625e-14 1.010968146627604171e-35
1.149529395354254709e-14 1.015769337139635970e-35
1.197174474677311387e-14 1.020769524827133629e-35
1.246794321755660178e-14 1.026359905972158072e-35
1.298470785706618519e-14 1.033717414970778993e-35
1.352289108085924044e-14 1.041379874065739613e-35
1.408338063495724805e-14 1.049359922665470931e-35
1.466710106020363364e-14 1.057670724049839716e-35
1.527501521731601785e-14 1.066325987083293715e-35
1.590812587514804943e-14 1.074964551213911525e-35
1.656747736478011729e-14 1.083383647798821518e-35
1.725415730216843506e-14 1.092151694594345146e-35
1.796929838219366897e-14 1.101283154702108101e-35
1.871408024706762941e-14 1.110793090682630737e-35
1.948973143218134891e-14 1.120697189401382887e-35
2.029753139260365479e-14 1.132944710896673925e-35
2.113881261357226151e-14 1.147036359007346750e-35
2.201496280846005533e-14 1.161712070209174279e-35
2.292742720784157954e-14 1.176996052436658954e-35
2.387771094343469117e-14 1.192913516981815528e-35
2.486738153085135005e-14 1.209490720080800195e-35
2.589807145525221118e-14 1.233836182179643889e-35
2.697148086416910706e-14 1.260963239244659438e-35
2.808938037193908284e-14 1.289214644056573765e-35
2.925361398037521158e-14 1.318636997979224123e-35
3.046610212049073124e-14 1.349278833884833295e-35
3.172884482029597173e-14 1.381626712826146133e-35
3.304392500389252746e-14 1.430098774171539041e-35
3.441351192730528173e-14 1.480579879580604485e-35
3.583986475672215760e-14 1.533153298836749154e-35
3.732533629504291864e-14 1.587905753044825367e-35
3.887237686288261189e-14 1.644927557679623481e-35
4.048353834043406777e-14 1.708474733757089838e-35
4.216147837685546398e-14 1.785522728122125978e-35
4.390896477412480951e-14 1.865764166533082931e-35
4.572888005259558200e-14 1.949331409150115744e-35
4.762422620578311355e-14 2.036362302126503263e-35
4.959812965222321084e-14 2.134358560473058725e-35
5.165384639257430837e-14 2.251509440853599029e-35
5.379476738046866576e-14 2.373515928242597670e-35
5.602442411596971848e-14 2.500579275241337633e-35
5.834649447086598664e-14 2.636832548397428713e-35
6.076480875540872545e-14 2.797265679197335526e-35
6.328335603649839595e-14 2.964348356562907247e-35
6.590629071774594570e-14 3.138356187342340130e-35
6.863793939226118315e-14 3.320492124750992130e-35
7.148280797946939757e-14 3.539968497878568853e-35
7.444558915773327425e-14 3.768541610288703843e-35
7.753117010503838475e-14 4.006588498764018502e-35
8.074464056050762490e-14 4.261271414805670183e-35
8.409130122004778655e-14 4.566165296115782496e-35
8.757667247997448860e-14 4.883696255885029139e-35
9.120650354303509996e-14 5.214388068979885718e-35
9.498678190185633140e-14 5.582431895819705637e-35
9.892374321545684378e-14 5.972144675151403388e-35
1.030238815951127299e-13 6.378010061245058228e-35
1.072939603165495442e-13 6.800697538703247336e-35
1.117410229761277541e-13 7.374470741312941597e-35
1.163724051094197310e-13 7.984875504802778845e-35
1.211957462913513987e-13 8.620579998332675437e-35
1.262190027378640712e-13 9.333779786000236084e-35
1.314504604298789620e-13 1.013636127628127468e-34
1.368987487812210466e-13 1.097220773475025413e-34
1.425728548730439970e-13 1.184269791001038138e-34
1.484821382782309845e-13 1.362770405921923017e-34
1.546363465002340418e-13 1.596238973756989703e-34
1.610456310518148739e-13 1.844598965845963294e-34
1.677205642002025890e-13 2.110576918686360280e-34
1.746721564063017035e-13 2.429182887239356317e-34
1.819118744867112324e-13 2.808190918764441439e-34
1.894516605285071903e-13 6.508722475191661205e-33
1.973039515880009943e-13 6.796282819706846611e-33
2.054817002059619855e-13 7.095761811522396338e-33
2.139983957731366878e-13 7.407653448354511735e-33
2.228680867813216591e-13 7.732472202872424414e-33
2.321054039966875435e-13 8.070753871333388039e-33
2.417255845935703565e-13 8.449901041262766021e-33
2.517444972885550830e-13 8.876452966307329432e-33
2.621786685163044008e-13 9.320684387314620802e-33
2.730453096902992989e-13 9.783328074573848863e-33
2.843623455934775151e-13 1.026514716984509053e-32
2.961484439455929906e-13 1.076693644517992922e-32
3.084230461960562262e-13 1.128952361391654582e-32
3.212063995930707023e-13 1.183377069601269201e-32
3.345195905819541331e-13 1.240057543996827244e-32
3.483845795877233016e-13 1.299087280368250609e-32
3.628242372393412581e-13 1.358129667585287918e-32
3.778623820953676089e-13 1.417819081664755692e-32
3.935238199332287099e-13 1.479982470642174643e-32
4.098343846669411774e-13 1.544722374505408548e-32
4.268209809607722940e-13 1.612145583264893409e-32
4.445116286091135846e-13 1.682363313106260907e-32
4.629355087558022770e-13 1.765479870480728828e-32
4.821230120291176335e-13 1.853874637572813251e-32
5.021057886718337753e-13 1.945933143675719498e-32
5.229168007490525635e-13 2.041807241483675208e-32
5.445903765199202622e-13 2.141655077600159325e-32
5.671622670628944342e-13 2.245641353404425043e-32
5.906697052480036492e-13 2.353937596730368890e-32
6.151514671533594611e-13 2.466722444805804035e-32
6.406479360272043361e-13 2.584181938918749124e-32
6.672011689010465853e-13 2.706509831296984581e-32
6.948549659637421250e-13 2.824463118918194761e-32
7.236549428109311710e-13 2.946935412259105169e-32
7.536486056890547457e-13 3.074483871685608461e-32
7.848854298580477776e-13 3.207318891413644868e-32
8.174169412019376922e-13 3.345659585966005647e-32
8.512968012220240377e-13 3.494452350352995410e-32
8.865808955528108178e-13 3.665550339024210273e-32
9.233274261466690192e-13 3.843739905583908182e-32
9.615970072793502899e-13 4.029314977958045431e-32
1.001452765534687690e-12 4.222581666640042637e-32
1.042960443933372860e-12 4.423858769627208720e-32
1.086188510377643359e-12 4.633478298285672950e-32
1.131208270590728080e-12 4.851786025011088130e-32
1.178093985737306752e-12 5.079142053588291583e-32
1.226922994919078935e-12 5.315921413191120833e-32
1.277775842747465840e-12 5.555242302655144348e-32
1.330736412203832981e-12 5.790179596784244091e-32
1.385892063006474898e-12 6.034854446177206884e-32
1.443333775712565235e-12 6.289670447814580788e-32
1.503156301792715173e-12 6.555047926748546168e-32
1.565458319925792524e-12 6.831424629439146673e-32
1.630342598771768041e-12 7.143987593445576180e-32
1.697916166491024787e-12 7.485887316274847280e-32
1.768290487289871900e-12 7.841957915882498899e-32
1.841581645283423880e-12 8.212786739187188541e-32
1.917910535979066240e-12 8.598985477148286911e-32
1.997403065696488523e-12 9.001191173764763408e-32
2.080190359253177208e-12 9.420067276894524784e-32
2.166408976257870363e-12 9.856304732627192809e-32
2.256201136368903486e-12 1.031062312501621914e-31
2.349714953888941709e-12 1.078377186305002163e-31
2.447104682082982610e-12 1.127161921036994330e-31
2.548530967622855950e-12 1.175896185442446248e-31
2.654161115577662701e-12 1.226650361563712197e-31
2.764169365387489569e-12 1.279508169620830478e-31
2.878737178275543031e-12 1.334556799824741066e-31
2.998053536572684243e-12 1.391887056199579550e-31
3.122315255448307956e-12 1.456346536154099293e-31
3.251727307561681238e-12 1.529144227970743513e-31
3.386503161169145121e-12 1.604959199567406846e-31
3.526865132245110507e-12 1.683916509542007987e-31
3.673044751197588884e-12 1.766146399854344140e-31
3.825283144783020177e-12 1.851784510663251910e-31
3.983831433850627793e-12 1.940972104068296070e-31
4.148951147572280099e-12 2.033856297124988835e-31
4.320914654840982317e-12 2.130590304517818129e-31
4.500005613549883058e-12 2.231333691291534373e-31
4.686519438492769192e-12 2.334229838328622258e-31
4.880763788657686585e-12 2.439871381058115202e-31
5.083059074717799966e-12 2.549891497927152648e-31
5.293738987556481572e-12 2.664471669733937129e-31
5.513151048698236214e-12 2.783800899195660688e-31
5.741657183553770083e-12 2.910586314268982687e-31
5.979634318424636813e-12 3.064097915561916389e-31
6.227475002251989906e-12 3.223972183568873468e-31
6.485588054135461320e-12 3.390472834695455634e-31
6.754399237690063669e-12 3.563874515723793036e-31
7.034351963353241782e-12 3.744463256848842422e-31
7.325908019801001327e-12 3.932536943492036533e-31
7.629548335679399896e-12 4.128405807670431060e-31
7.945773772907609216e-12 4.332392939731676683e-31
8.275105952861631280e-12 4.544834821299281141e-31
8.618088116801272347e-12 4.758553680431762267e-31
8.975286021959314305e-12 4.973081627595523122e-31
9.347288874771606068e-12 5.196501214330148919e-31
9.734710302787214153e-12 5.429180976555148841e-31
1.013818936686141770e-11 5.671504725069567812e-31
1.055839161530189694e-11 5.923872178657091254e-31
1.099601018170660978e-11 6.223036687211863616e-31
1.145176692830389793e-11 6.546432313735625521e-31
1.192641363668150231e-11 6.883231869154712529e-31
1.242073324786831920e-11 7.233990912342278558e-31
1.293554115381395279e-11 7.599288028678294949e-31
1.347168654239724804e-11 7.979725784439981939e-31
1.403005379818206639e-11 8.375931720749339449e-31
1.461156396123031276e-11 8.788559388716900556e-31
1.521717624637956965e-11 9.218289427489948249e-31
1.584788962549096524e-11 9.662598849174073750e-31
1.650474447527664099e-11 1.010485936843816398e-30
1.718882429342604743e-11 1.056545046507322245e-30
1.790125748586134729e-11 1.104513189504244264e-30
1.864321922806939842e-11 1.154469490426752504e-30
1.941593340358186087e-11 1.206496353380778301e-30
2.022067462280040069e-11 1.263861418043249877e-30
2.105877032549641149e-11 2.360581504600598810e-33
2.193160297045465634e-11 2.350249097337807987e-33
2.284061231587220339e-11 2.339488437987141268e-33
2.378729779427326723e-11 2.328281776585197739e-33
2.477322098585902785e-11 2.316610627477590901e-33
2.580000819437163917e-11 2.307836957671813416e-33
2.686935312972029384e-11 2.300009378915039959e-33
2.798301970179626943e-11 2.291857366862101715e-33
2.914284493008458458e-11 2.283367474575325460e-33
3.035074197387062372e-11 2.274525697775563155e-33
3.160870328804219214e-11 2.265317451741797019e-33
3.291880390969160881e-11 2.262305015738481289e-33
3.428320488093794789e-11 2.259936831595503924e-33
3.570415681361776353e-11 2.257470492223265588e-33
3.718400360172325506e-11 2.254901929336341121e-33
3.872518628771028198e-11 2.252226906029188761e-33
4.033024708905629233e-11 2.250283318869000133e-33
4.200183359170904818e-11 2.258884421091871520e-33
4.374270311734157858e-11 2.267842017197657411e-33
4.555572727162027435e-11 2.277170882954074317e-33
4.744389668098732181e-11 2.286886406546955592e-33
4.941032592576897467e-11 2.297004613963424846e-33
5.145825867775036234e-11 2.309256567545469511e-33
5.359107305068988470e-11 2.326907139210426103e-33
5.581228717259689679e-11 2.345289282325815098e-33
5.812556498896809515e-11 2.364433318673685218e-33
6.053472230655342775e-11 2.384370826797088791e-33
6.304373308761867918e-11 2.405134694089630302e-33
6.565673600509129556e-11 2.428770161339279339e-33
6.837804126940064161e-11 2.455790379844141288e-33
7.121213773827099275e-11 2.483930517908427524e-33
7.416370032119975951e-11 2.513236993358821359e-33
7.723759769083282485e-11 2.543758147923259566e-33
8.043890031395396568e-11 2.575544326971743834e-33
8.377288881534126546e-11 2.610078256530638418e-33
8.724506268828420698e-11 2.646779899849646427e-33
9.086114936612662563e-11 2.685002733243730373e-33
9.462711366980507550e-11 2.724809806185205103e-33
9.854916764696397662e-11 2.766266781387192349e-33
1.026337808188735831e-10 2.809442043115800786e-33
1.068876908520602308e-10 2.850464217273452204e-33
1.113179146722487089e-10 2.892611440965539222e-33
1.159317600389455781e-10 2.936505560234348024e-33
1.207368375997633211e-10 2.982218979473061676e-33
1.257410734443660933e-10 3.029827104053426298e-33
1.309527221787401127e-10 3.079063603251343719e-33
1.363803805413637692e-10 3.126623043363987221e-33
1.420330015837340107e-10 3.176153701703750792e-33
1.479199094386341143e-10 3.227737280269008221e-33
1.540508147005140498e-10 3.281458867398844169e-33
1.604358304433488015e-10 3.337407078128312941e-33
1.670854889023905828e-10 3.392699944313792573e-33
1.740107588473429462e-10 3.443203601757263636e-33
1.812230636756094455e-10 3.495800507772479772e-33
1.887343002554550136e-10 3.550577422206245240e-33
1.965568585501748859e-10 3.607624700881074318e-33
2.047036420556361134e-10 3.667036444639282289e-33
2.131880890848960194e-10 3.724294624911909723e-33
2.220241949350213159e-10 3.779441137095946269e-33
2.312265349726660064e-10 3.836873332410856833e-33
2.408102886764799677e-10 3.896685946628089373e-33
2.507912646760221187e-10 3.958977642076658683e-33
2.611859268284741604e-10 4.023851170389021538e-33
2.720114213761581984e-10 4.069168997501242692e-33
2.832856052296737549e-10 4.107719341800399012e-33
2.950270754233000748e-10 4.147867500143713175e-33
3.072551997912394161e-10 4.189679697872772729e-33
3.199901489153231753e-10 4.233224905201690530e-33
3.332529293968700817e-10 4.278574950985123025e-33
3.470654185075654181e-10 4.325804641201644867e-33
3.614504002765514505e-10 4.374991882348026011e-33
3.764316030732154497e-10 4.426217809947813702e-33
3.920337387477029943e-10 4.505693672151485805e-33
4.082825433937071968e-10 4.596742753229503505e-33
4.252048198007578392e-10 4.691565587904242119e-33
4.428284816660638780e-10 4.790318588695620872e-33
4.611825996388264803e-10 4.893164651026028606e-33
4.802974492729552872e-10 5.000273421920132227e-33
5.002045609673192103e-10 5.100332231039680444e-33
5.209367719758950626e-10 5.204368528264720833e-33
5.425282805735870719e-10 5.312716866272533970e-33
5.650147024670995175e-10 5.425555968222317289e-33
5.884331295438989059e-10 5.543071964895176721e-33
6.128221910561506111e-10 5.662265972022811813e-33
6.382221173405946107e-10 5.774038996748734156e-33
6.646748061794511334e-10 5.890444729999364106e-33
6.922238919117921086e-10 6.011675185798890171e-33
7.209148174094287383e-10 6.137930336666038876e-33
7.507949090360177796e-10 6.269418443473537582e-33
7.819134547130057850e-10 6.406548808615269655e-33
8.143217852212356863e-10 6.549622304776421449e-33
8.480733588723002502e-10 6.698625834655015965e-33
8.832238496892781468e-10 6.853805183115695589e-33
9.198312392423680709e-10 7.015416322182663601e-33
9.579559122908782034e-10 7.183725833271670949e-33
9.976607563893007092e-10 7.357311318459247278e-33
1.039011265621837847e-09 7.537189819891119214e-33
1.082075648636463804e-09 7.724523829206383929e-33
1.126924941156686309e-09 7.919622358306706331e-33
1.173633123156672851e-09 8.122807226853709904e-33
1.222277240892992085e-09 8.334413593118228044e-33
1.272937533994216029e-09 8.554211300166992914e-33
1.325697567818109523e-09 8.783045413483908839e-33
1.380644371294690820e-09 9.021364120691940276e-33
1.437868580482488042e-09 9.269560534163930854e-33
1.497464588074887766e-09 9.528044059784016797e-33
1.559530699103145868e-09 9.795894220756153704e-33
1.624169293092837128e-09 1.006519825964250940e-32
1.691486992941333231e-09 1.034566426824149873e-32
1.761594840794828510e-09 1.063775488190162039e-32
1.834608481214958941e-09 1.094195191103367487e-32
1.910648351937274474e-09 1.125875713586857406e-32
1.989839882536171440e-09 1.158659267790456171e-32
2.072313701323911455e-09 1.192424166162126963e-32
2.158205850825149115e-09 1.227588533975597984e-32
2.247658012182337063e-09 1.264210375691513712e-32
2.340817738862088216e-09 1.302350099908358400e-32
2.437838700048150110e-09 1.342070619007883407e-32
2.538880934122406403e-09 1.383007743610638119e-32
2.644111112651936147e-09 1.425352541897764487e-32
2.753702815317750618e-09 1.469452424727711410e-32
2.867836816238639969e-09 1.515380135905560734e-32
2.986701382162313380e-09 1.563211434282692339e-32
3.110492583015904643e-09 1.613025218722823263e-32
3.239414615328019368e-09 1.663672608877661817e-32
3.373680139055687387e-09 1.716190280160805340e-32
3.513510628372050562e-09 1.770884675783712101e-32
3.659136736993324408e-09 1.827846015452172374e-32
3.810798678647498514e-09 1.887168258250051975e-32
3.968746623312633162e-09 1.948750566951549949e-32
4.133241109878233503e-09 2.010851817916959928e-32
4.304553475910246772e-09 2.075527008305116292e-32
4.482966305228872872e-09 2.142882821380020268e-32
4.668773894037350653e-09 2.213030362156539271e-32
4.862282736370431654e-09 2.286085340670729122e-32
5.063812029663627683e-09 2.361607491949875380e-32
5.273694201277033596e-09 2.439131388009339538e-32
5.492275456842038270e-09 2.519868453033524023e-32
5.719916351335799814e-09 2.603951864730464157e-32
5.956992383825326083e-09 2.691520320686607395e-32
6.203894616861971720e-09 2.782718267151727320e-32
6.461030321548479780e-09 2.874953707290835575e-32
6.728823649342429731e-09 2.969018262747263959e-32
7.007716331703991090e-09 3.066981555569019491e-32
7.298168408742544834e-09 3.169005178536391430e-32
7.600658988063868325e-09 3.275257422040796360e-32
7.915687035069350116e-09 3.385913551683720574e-32
8.243772196011357665e-09 3.496355417133095547e-32
8.585455655162193600e-09 3.610379339192993419e-32
8.941301027510214445e-09 3.729129263765942018e-32
9.311895288456248517e-09 3.852801071675442593e-32
9.697849742043590697e-09 3.981598762508600701e-32
1.009980102931833209e-08 4.115361418064836897e-32
1.051841217848400093e-08 4.250159396207056218e-32
1.095437369858248046e-08 4.390544408823684433e-32
1.140840471850483460e-08 4.536748024330259741e-32
1.188125417321163405e-08 4.689011409066107287e-32
1.237370203911911797e-08 4.847585725103994350e-32
1.288656062068855681e-08 5.012635630901189502e-32
1.342067589034190116e-08 5.184321399674721076e-32
1.397692888391357265e-08 5.363123108331944012e-32
1.455623715393969923e-08 5.549335694541756182e-32
1.515955628318297538e-08 5.743266320391746790e-32
1.578788146088935457e-08 5.945234879059428402e-32
1.644224912437598786e-08 6.159878192618665353e-32
1.712373866865939326e-08 6.386656918727539535e-32
1.783347422694342047e-08 6.622835048138265859e-32
1.857262652490326694e-08 6.868802162289724291e-32
1.934241481182551826e-08 7.124963989783827949e-32
2.014410887178905639e-08 7.391743075644573805e-32
2.097903111820364506e-08 7.674281646113111680e-32
2.184855877516247368e-08 7.969511198998707032e-32
2.275412614920634284e-08 8.276977268429793807e-32
2.369722699524585216e-08 8.597187026996973062e-32
2.467941698054589593e-08 8.930668668309011327e-32
2.570231625083611071e-08 9.280281793315456186e-32
2.676761210277917033e-08 9.668776534803786080e-32
2.787706176720701548e-08 1.007337339847321112e-31
2.903249530771525475e-08 1.049473977646853965e-31
3.023581863939588484e-08 1.093357072264698061e-31
3.148901667268986640e-08 1.139059009908613089e-31
3.279415658754446918e-08 1.190202195968498980e-31
3.415339124327498652e-08 1.245751848430631048e-31
3.556896272975772204e-08 1.303603893166172011e-31
3.704320606581096836e-08 1.363853758498187390e-31
3.857855305086320088e-08 1.426600828011799773e-31
4.017753627626447611e-08 1.495454571947625809e-31
4.184279330285654730e-08 1.568951550941307083e-31
4.357707101169119857e-08 1.645494793395767104e-31
4.538323013507634807e-08 1.725210559209017972e-31
4.726424997542249782e-08 1.808230341431792528e-31
4.922323331967184393e-08 1.904324509703946272e-31
5.126341155741960017e-08 2.004557132316725414e-31
5.338815001116858223e-08 2.108944143042114861e-31
5.560095348750746785e-08 2.217657730735791400e-31
5.790547205837314944e-08 2.336336457229631970e-31
6.030550708193187820e-08 2.464179236193899863e-31
6.280501747300858990e-08 2.597320774258414064e-31
6.540812623341162123e-08 2.735980691555246370e-31
6.811912725292301912e-08 2.886866325664152006e-31
7.094249239217003310e-08 3.053403694445332822e-31
7.388287885906762584e-08 3.226843614981971444e-31
7.694513689099172926e-08 3.407472180546002133e-31
8.013431775536186014e-08 3.601388537527763209e-31
8.345568208182783049e-08 3.820012504272740787e-31
8.691470853980154461e-08 4.047697880216634420e-31
9.051710287565323953e-08 4.284820237799590230e-31
9.426880732447697087e-08 4.546416894069571612e-31
9.817601041194648168e-08 4.843858669894718148e-31
1.022451571624364087e-07 5.153628653298042908e-31
1.064829597302445191e-07 5.476237817231102975e-31
1.108964084714473287e-07 5.854899743700354972e-31
1.154927834746597482e-07 6.263700600895291144e-31
1.202796665697158378e-07 6.689445217290430237e-31
1.252649538340745263e-07 7.167376143224427082e-31
1.304568686175883836e-07 7.719775283860849367e-31
1.358639751071163888e-07 8.295069968517324035e-31
1.414951924533506076e-07 8.910786065172508984e-31
1.473598094831687021e-07 9.591881286441393053e-31
1.534675000217765496e-07 1.030120617802156986e-30
1.598283388499094468e-07 1.103993078818375611e-30
1.664528183224239813e-07 1.710736368011037048e-30
1.733518656756889447e-07 1.711172095329447659e-30
1.805368610523174624e-07 1.711625882440615497e-30
1.880196562729846717e-07 1.712999713329879342e-30
1.958125943862901076e-07 1.715707893654147566e-30
2.039285300289050935e-07 1.718528321187484149e-30
2.123808506296038112e-07 1.721465648292153143e-30
2.211834984921479097e-07 1.724524720159040015e-30
2.303509937934429431e-07 1.727710582799909788e-30
2.398984585349176536e-07 1.731028491370921994e-30
2.498416414866279881e-07 1.734457817706385098e-30
2.601969441652218158e-07 1.737115931202550401e-30
2.709814478886333458e-07 1.739884216764680917e-30
2.822129419521262953e-07 1.742767240745620169e-30
2.939099529721532138e-07 1.745769758761959931e-30
3.060917754464524747e-07 1.748896723538543706e-30
3.187785035807848913e-07 1.752153293078105093e-30
3.319910644347965093e-07 1.755739460784494566e-30
3.457512524417045717e-07 1.764103896646570596e-30
3.600817653587372227e-07 1.772815017170867999e-30
3.750062417076156028e-07 1.781887191557772461e-30
3.905492997668611842e-07 1.791335384574598482e-30
4.067365781802364109e-07 1.801175181240332378e-30
4.235947782482876619e-07 1.811422812533485370e-30
4.411517079727794364e-07 1.822095182165481408e-30
4.594363279266604041e-07 1.834341657916479841e-30
4.784787990252059185e-07 1.850601649283104940e-30
4.983105322771696588e-07 1.867535576071985904e-30
5.189642405979960604e-07 1.885171371197917932e-30
5.404739927705396752e-07 1.903538125324199474e-30
5.628752696423378129e-07 1.922666134848375249e-30
5.862050226521198673e-07 1.942586951876871941e-30
6.105017347820693956e-07 1.963333436270934156e-30
6.358054840364252789e-07 1.987613027931542413e-30
6.621580095511098362e-07 2.013352118447821374e-30
6.896027804434111140e-07 2.040158029016121737e-30
7.181850675153317746e-07 2.068074976623154375e-30
7.479520179288626646e-07 2.097149010937646297e-30
7.789527329763299138e-07 2.127428090270346094e-30
8.112383490741519609e-07 2.158962160682406505e-30
8.448621221135843432e-07 2.202363492260950338e-30
8.798795153075588831e-07 2.259850043547130873e-30
9.163482906785810307e-07 2.319719266652841967e-30
9.543286043385706245e-07 2.382069917284823120e-30
9.938831057177767158e-07 2.447004844323489543e-30
1.035077040906512009e-06 2.514631159474621722e-30
1.077978360280143602e-06 2.585060413952692213e-30
1.122657830584827108e-06 2.660115073791830296e-30
1.169189151668948393e-06 2.759151431510545602e-30
1.217649078052790632e-06 2.862292595194603236e-30
1.268117545536912153e-06 2.969708698645369959e-30
1.320677803058161692e-06 3.081576927278977039e-30
1.375416550010797231e-06 3.198081810397917635e-30
1.432424079259164803e-06 3.319415525576446902e-30
1.491794426077940115e-06 3.445778215662090432e-30
1.553625523265568316e-06 3.619874126110876270e-30
1.618019362686707339e-06 3.820967187406766855e-30
1.685082163510249851e-06 4.030395046312406153e-30
1.754924547420388934e-06 4.248503159059634489e-30
1.827661721089675211e-06 4.475651300165287456e-30
1.903413666215181394e-06 4.712214155887874335e-30
1.982305337431187038e-06 4.958581942281544136e-30
2.064466868424773024e-06 5.279077412202283062e-30
2.150033786594454193e-06 5.767639938724312609e-30
2.239147236605870506e-06 6.276452143440348679e-30
2.331954213213218207e-06 6.806353324177539897e-30
2.428607803730613732e-06 7.358217565530295916e-30
2.529267440553291365e-06 7.932955180683796758e-30
2.634099164145066933e-06 8.531514212996877098e-30
2.743275896926060565e-06 9.425577312329604077e-30
2.856977728512372791e-06 1.045273871261348224e-29
2.975392212778121358e-06 1.152247334903372756e-29
3.098714677230046800e-06 1.263654577430280101e-29
3.227148545204916969e-06 1.382504748156609885e-29
3.360905671421081476e-06 1.585495753070593164e-29
3.500206691437903528e-06 1.796900220545914138e-29
3.645281385599400943e-06 2.017066867277235936e-29
3.796369058062303903e-06 2.246358863382135891e-29
3.953718931533990007e-06 2.538846731592717589e-29
4.117590558371313859e-06 2.981442055704968638e-29
4.288254248718294248e-06 3.442381834000442672e-29
4.465991516389168682e-06 3.922426397600879166e-29
4.651095543232177511e-06 4.514796739577729463e-29
4.843871662739885208e-06 5.435086887674191529e-29
5.044637863704085732e-06 6.393520729427711743e-29
5.253725314745935664e-06 7.391679224244401591e-29
5.471478910586350073e-06 8.644309253990720811e-29
5.698257840958096429e-06 8.644309253990720811e-29
5.934436183097870373e-06 8.644309253990720811e-29
6.180403518795457532e-06 8.644309253990720811e-29
6.436565577018214901e-06 8.644309253990720811e-29
6.703344903170733666e-06 8.644309253990720811e-29
6.981181556093370746e-06 8.644309253990720811e-29
7.270533833949844440e-06 8.644309253990720811e-29
7.571879030201036321e-06 8.644309253990720811e-29
7.885714220911733629e-06 8.644309253990720811e-29
8.212557084689487053e-06 8.644309253990720811e-29
8.552946756607895725e-06 8.644309253990720811e-29
8.907444717522520171e-06 8.644309253990720811e-29
9.276635720247000124e-06 8.647267913974575180e-29
9.661128754116834260e-06 8.650582864936448010e-29
1.006155804953154803e-05 8.712177343271205878e-29
1.047858412413291677e-05 8.782292018952220783e-29
1.091289487234464689e-05 8.790306179500684241e-29
1.136520670007029209e-05 8.790306179500684241e-29
1.183626570642215908e-05 8.790306179500684241e-29
1.232684891442922766e-05 8.790306179500684241e-29
1.283776555275522783e-05 8.790306179500684241e-29
1.336985839054072268e-05 8.790306179500684241e-29
1.392400512757053225e-05 8.841635469923479039e-29
1.450111984206054310e-05 8.905842362008718376e-29
1.510215449845162687e-05 8.926349518633261700e-29
1.572810051769728037e-05 8.936567659488815455e-29
1.637999041263620839e-05 8.938768900903885273e-29
1.705889949114701041e-05 8.938768900903885273e-29
1.776594762989370055e-05 8.938768900903885273e-29
1.850230112158905214e-05 8.938768900903885273e-29
1.926917459882241442e-05 8.975942113575032758e-29
2.006783303762456805e-05 9.027248900491356927e-29
2.089959384407599907e-05 9.058448807955006143e-29
2.176582902739977794e-05 9.082577583317752956e-29
2.266796746312292130e-05 9.125500825756948236e-29
2.360749725004074366e-05 9.177589628802258044e-29
2.458596816487152139e-05 9.222209346748672820e-29
2.560499421864944266e-05 9.264279061676652727e-29
2.666625631907446056e-05 9.324480021943231976e-29
2.777150504320983099e-05 9.395386274550203738e-29
2.892256352509994777e-05 9.463827356322786869e-29
3.012133046307360461e-05 9.532140690827142491e-29
3.136978325169239716e-05 9.616032000085174279e-29
3.266998124350931965e-05 9.711036735483964798e-29
3.402406914602013879e-05 9.808527964685965920e-29
3.543428055940977677e-05 9.909111195866623716e-29
3.690294166092812053e-05 1.002110988774698825e-28
3.843247504197507008e-05 1.014291305554671607e-28
4.002540370422313768e-05 1.027655316747546084e-28
4.168435522136775152e-05 1.042099970438776529e-28
4.341206607337295948e-05 1.058653445454259119e-28
4.521138616036075245e-05 1.077169063072261024e-28
4.708528350358799039e-05 1.096845869271482459e-28
4.903684914126853293e-05 1.117700862904852112e-28
5.106930222731487229e-05 1.141323446377788948e-28
5.318599534140785258e-05 1.167835950448301661e-28
5.539042001915710581e-05 1.196283559783701146e-28
5.768621251147274372e-05 1.226827153918289306e-28
6.007715978264634344e-05 1.260603614097936816e-28
6.256720575703921341e-05 1.298138319994008290e-28
6.516045782468013708e-05 1.339748499971422948e-28
6.786119361650139160e-05 1.386395136678756902e-28
7.067386806039337480e-05 1.437692513890848235e-28
7.360312072971491465e-05 1.495044050712342704e-28
7.665378349637815426e-05 1.558003735538841304e-28
7.983088850113693525e-05 1.628729449745416461e-28
8.313967645422360049e-05 1.706260293246328575e-28
8.658560528002313625e-05 1.793861928196617134e-28
9.017435912005020626e-05 1.890028983977876661e-28
9.391185770907671169e-05 1.999926734478862664e-28
9.780426613987297144e-05 2.121182968846999210e-28
1.018580050326757324e-04 2.262561580814687109e-28
1.060797611261552240e-04 2.416719622754972865e-28
1.104764983073471175e-04 2.594683641465509776e-28
1.150554690987507992e-04 2.791507104365720296e-28
1.198242266215392257e-04 3.029626807327877703e-28
1.247906370546089650e-04 3.287113677328957992e-28
1.299628926100306894e-04 3.587204392358307162e-28
1.353495250462992655e-04 3.926109430493493748e-28
1.409594197416691734e-04 4.343049848381288933e-28
1.468018303507986238e-04 4.802359092595062488e-28
1.528863940688746992e-04 5.311972754319736806e-28
1.592231475283923921e-04 5.944955834489017010e-28
1.658225433548202426e-04 6.672008918943982890e-28
1.726954674084565022e-04 7.587289818962638436e-28
1.798532567409105959e-04 8.621332813631303537e-28
1.873077182958410747e-04 9.773252147854549297e-28
1.950711483847921682e-04 1.112444070778546341e-27
2.031563529702476933e-04 1.288237696522818020e-27
2.115766687893724286e-04 1.507700380423264602e-27
2.203459853532800270e-04 1.773931529066018024e-27
2.294787678581065534e-04 2.087914487632789833e-27
2.389900810456978633e-04 2.455983138380062599e-27
2.488956140532612633e-04 2.886149248314757882e-27
2.592117062929698789e-04 3.395795504611255382e-27
2.699553744042037118e-04 4.072974911087444696e-27
2.811443403229133952e-04 5.038084601287615309e-27
2.927970605143690916e-04 6.261373224352212809e-27
3.049327564175310966e-04 7.779989453320632194e-27
3.175714461512844813e-04 9.670480960406214808e-27
3.307339775347955071e-04 1.202384303556867206e-26
3.444420624764765000e-04 1.493085582511214226e-26
3.587183127883108807e-04 1.785927783410829920e-26
3.735862774845669239e-04 1.856667500785949496e-26
3.890704816264473152e-04 1.934800347043977223e-26
4.051964667767784991e-04 2.020637454570246286e-26
4.219908331314173333e-04 2.091201655886643076e-26
4.394812833968957696e-04 2.189850345793304316e-26
4.576966684867141209e-04 2.308649573895830578e-26
4.766670351115992379e-04 2.417869779664525018e-26
4.964236753422559276e-04 2.556444742877739527e-26
5.169991782264045290e-04 2.726472390990397766e-26
5.384274835451790088e-04 2.877924003077919734e-26
5.607439377975890907e-04 3.105565938613334102e-26
5.839853525054363803e-04 3.316520969021949704e-26
6.081900649347830173e-04 3.596919246446334587e-26
6.333980013341672290e-04 3.883634098477632455e-26
6.596507427939292444e-04 4.196397913733198996e-26
6.869915938351945283e-04 4.585584249765118530e-26
7.154656538416930087e-04 5.021921694444980445e-26
7.451198914522978636e-04 5.503798286362751835e-26
7.760032220368966172e-04 6.093414662092800706e-26
8.081665883834365099e-04 6.848187237478010943e-26
8.416630447293018411e-04 7.640983110619569814e-26
8.765478442755223051e-04 8.567479870277672580e-26
9.128785303282188363e-04 9.801547517055483827e-26
9.507150312176976779e-04 1.110007327579980007e-25
9.901197591516356766e-04 1.262498222180431900e-25
1.031157713165475887e-03 1.464645580186949670e-25
1.073896586339928398e-03 1.710844682502081729e-25
1.118406877462295272e-03 2.005603100591870829e-25
1.164762007315865971e-03 2.342825609937666907e-25
1.213038439789299863e-03 2.750663445234078636e-25
1.263315808005602628e-03 3.259056005658005324e-25
1.315677045678823693e-03 3.935636686920114997e-25
1.370208523915249655e-03 4.777033258707746130e-25
1.427000193684568484e-03 5.837715208453357383e-25
1.486145734196097495e-03 7.173361446680285899e-25
1.547742707424932607e-03 8.895452813908845717e-25
1.611892719042715529e-03 1.111901439893301388e-24
1.678701586018561910e-03 1.405311163741086156e-24
1.748279511166745803e-03 1.788104220003493502e-24
1.820741264928824607e-03 2.289065914651422618e-24
1.896206374690165069e-03 2.969600362995731329e-24
1.974799321943294245e-03 3.909887814422880420e-24
2.056649747623039669e-03 5.153135293871195637e-24
2.141892665952280141e-03 6.886076266066486396e-24
2.230668687151216023e-03 9.307261782910737533e-24
2.323124249377223494e-03 1.272053552814572694e-23
2.419411860278016142e-03 1.765882486698895223e-23
2.519690348556748779e-03 2.486459767456571529e-23
2.624125125963684517e-03 3.560394490905660296e-23
2.732888460146744216e-03 5.125582486198746898e-23
2.846159758811212664e-03 7.466829463762917255e-23
2.964125865656953417e-03 1.095687010272491429e-22
3.086981368581458683e-03 1.636302295115091208e-22
3.214928920657354316e-03 2.484551206503763729e-22
3.348179574413394193e-03 3.763374798672984528e-22
3.486953129970538339e-03 5.778256918854550552e-22
3.631478497607638304e-03 8.978449840809993778e-22
3.781994075354308191e-03 1.450796274219393398e-21
3.938748142234046318e-03 2.389438066536381243e-21
4.101999267806568858e-03 3.988345548118370222e-21
4.272016738684357613e-03 6.859026909483603606e-21
4.449081002727222657e-03 1.215550032913065666e-20
4.633484131647921077e-03 2.211274412443041883e-20
4.825530302791288320e-03 4.069278608839221317e-20
5.025536300881881628e-03 7.714032404803977907e-20
5.233832040568145091e-03 1.490118238114463051e-19
5.450761110624354443e-03 2.928050509303824494e-19
5.676681340708332468e-03 6.056293194105930504e-19
5.911965391610235487e-03 1.286651253471884284e-18
6.157001369965262039e-03 2.735136656745052644e-18
6.412193468444623429e-03 5.962702810541998059e-18
6.677962632481249626e-03 1.504240572868786344e-17
6.954747254629159610e-03 3.247765316947326931e-17
7.243003897702214242e-03 8.480093389352433933e-17
7.543208047885673756e-03 2.085875366829078613e-16
7.855854899061801358e-03 5.894372416400565867e-16
8.181460169643746741e-03 1.569988567105769089e-15
8.520560953265705895e-03 4.410972107197999572e-15
8.873716604731459595e-03 1.336670385844919505e-14
9.241509662683198428e-03 4.211389038236702448e-14
9.624546810513282674e-03 1.099143122921003771e-13
1.002345987710275346e-02 3.771813577467000043e-13
