# Compact mechanical resonators - Pillar
# https://arxiv.org/pdf/1910.07574.pdf
# mass [eV] d_e
2.110173458998183e-9	0.009096051674263039
6.4114615445211355e-9	0.0601857560011951
1.070383577753619e-8	0.14679622199011383
1.4866901368154183e-8	0.2685566245707368
1.928985502428134e-8	0.41642259902248985
2.3204167716330133e-8	0.573167244286367
2.7409927704797648e-8	0.7844293330410784
3.160216090222578e-8	1.0080006650403506
3.571457845608069e-8	1.2730844174731948
4.071515547789694e-8	1.491454843630546
4.463405291348192e-8	1.847051896650987
4.9097220963682345e-8	2.0947789995174757
5.3412422591841545e-8	2.4546599725202856
5.756554247347467e-8	2.7487842187820237
6.146358476368803e-8	3.148994734049059
6.624272833163968e-8	3.6073075884260097
6.879308832325489e-8	3.8407914729671195
7.274256618821508e-8	4.131943051481689
7.694472676564554e-8	4.523574961182484
7.955565399705464e-8	4.838057338901839
8.609131660626776e-8	5.673624456052611
9.109604737935732e-8	6.11842490544194
9.45387283130794e-8	6.498778541403001
9.814539307055016e-8	7.115399537606277
1.0439377689767903e-7	7.426269645061999
1.0777556920301084e-7	8.15024085338859
