#
# mass [eV] kinetic mixing [dimensionless]
2.2123295488207922e-14	1e0
2.2123295488207922e-14	4.923554616563867e-7
2.1446833110531353e-13	2.657870872804927e-7
2.4842562392557294e-13	2.6598446235762667e-7
2.6677542947412056e-13	2.158258635123749e-7
2.9753437992923813e-13	0.000006150186588171778
1.1157130752885086e-12	0.000005576129020669945
3.1112455337173115e-12	0.0000040946669246072394
6.021437422312535e-12	0.0000037000905084434707
1.6809915323063153e-11	0.000003016859617870944
5.0394171858957464e-11	0.0000019959289410231093
9.720653192799823e-11	0.0000013175523477626947
1.5057204358316634e-10	9.64637377327666e-7
4.483917587379216e-10	3.4057450384857e-7
1.1514738963080176e-9	1.0821333998788298e-7
1.4698285208005595e-7	9.987635477506862e-8
0.000007185036746726864	6.035608742435723e-8
0.000020103029594969274	6.06705327929454e-8
0.00003627116872780319	7.502074011679837e-8
0.000060873540783278426	1.0296287784176099e-7
0.00011081467604440225	2.9413053350766584e-7
0.00016199430920036604	9.319078101251113e-7
0.0002195424249205515	0.0000023940356963178264
