1.000000000000000072e-17 2.000000000000000000e+00
1.023316578330244850e-17 2.000000000000000000e+00
1.047176819485520276e-17 2.000000000000000000e+00
1.071593399822671203e-17 2.000000000000000000e+00
1.096579291267809846e-17 2.000000000000000000e+00
1.122147768207980294e-17 2.000000000000000000e+00
1.148312414543511063e-17 2.000000000000000000e+00
1.175087130904807550e-17 2.000000000000000000e+00
1.202486142037412220e-17 2.000000000000000000e+00
1.230524004359261572e-17 2.000000000000000000e+00
1.259215613694150902e-17 2.000000000000000000e+00
1.288576213185518030e-17 2.000000000000000000e+00
1.318621401394748536e-17 2.000000000000000000e+00
1.349367140588306550e-17 2.000000000000000000e+00
1.380829765218092253e-17 2.000000000000000000e+00
1.413025990599533525e-17 2.000000000000000000e+00
1.445972921792019645e-17 2.000000000000000000e+00
1.479688062686396337e-17 2.000000000000000000e+00
1.514189325304351948e-17 2.000000000000000000e+00
1.549495039314631583e-17 2.000000000000000000e+00
1.585623961771137026e-17 2.000000000000000000e+00
1.622595287078087015e-17 2.000000000000000000e+00
1.660428657187529719e-17 2.000000000000000000e+00
1.699144172034625905e-17 2.000000000000000000e+00
1.738762400216250392e-17 2.000000000000000000e+00
1.779304389918577428e-17 2.000000000000000000e+00
1.820791680099462584e-17 2.000000000000000000e+00
1.863246311931559826e-17 2.000000000000000000e+00
1.906690840512251979e-17 2.000000000000000000e+00
1.951148346846616441e-17 2.000000000000000000e+00
1.996642450109793405e-17 2.000000000000000000e+00
2.043197320195270550e-17 2.000000000000000000e+00
2.090837690555750084e-17 2.000000000000000000e+00
2.139588871343421474e-17 2.000000000000000000e+00
2.189476762856620656e-17 2.000000000000000000e+00
2.240527869300018014e-17 2.000000000000000000e+00
2.292769312865648720e-17 2.000000000000000000e+00
2.346228848142262360e-17 2.000000000000000000e+00
2.400934876860651809e-17 2.000000000000000000e+00
2.456916462982790187e-17 2.000000000000000000e+00
2.514203348142796689e-17 2.000000000000000000e+00
2.572825967447932075e-17 2.000000000000000000e+00
2.632815465648019917e-17 2.000000000000000000e+00
2.694203713681882365e-17 2.000000000000000000e+00
2.757023325609582501e-17 2.000000000000000000e+00
2.821307675939470930e-17 2.000000000000000000e+00
2.887090917359234550e-17 2.000000000000000000e+00
2.954407998880379612e-17 2.000000000000000000e+00
3.023294684405776260e-17 2.000000000000000000e+00
3.093787571730136415e-17 2.000000000000000000e+00
3.165924111983520861e-17 2.000000000000000000e+00
3.239742629528195464e-17 2.000000000000000000e+00
3.315282342319423256e-17 2.000000000000000000e+00
3.392583382740991785e-17 2.000000000000000000e+00
3.471686818926559220e-17 2.000000000000000000e+00
3.552634676578139366e-17 2.000000000000000000e+00
3.635469961293317529e-17 2.000000000000000000e+00
3.720236681413065893e-17 2.000000000000000000e+00
3.806979871402284061e-17 2.000000000000000000e+00
3.895745615775501026e-17 2.000000000000000000e+00
3.986581073580438628e-17 2.000000000000000000e+00
4.079534503452448989e-17 2.000000000000000000e+00
4.174655289253134881e-17 2.000000000000000000e+00
4.271993966306776907e-17 2.000000000000000000e+00
4.371602248248501961e-17 2.000000000000000000e+00
4.473533054498463371e-17 2.000000000000000000e+00
4.577840538376616139e-17 2.000000000000000000e+00
4.684580115873045471e-17 2.000000000000000000e+00
4.793808495089106858e-17 2.000000000000000000e+00
4.905583706365045259e-17 2.000000000000000000e+00
5.019965133110079499e-17 2.000000000000000000e+00
5.137013543351338644e-17 2.000000000000000000e+00
5.256791122018419169e-17 2.000000000000000000e+00
5.379361503980697870e-17 2.000000000000000000e+00
5.504789807854968049e-17 2.000000000000000000e+00
5.633142670601351750e-17 2.000000000000000000e+00
5.764488282925872803e-17 2.000000000000000000e+00
5.898896425508493300e-17 2.000000000000000000e+00
6.036438506075864183e-17 2.000000000000000000e+00
6.177187597338488655e-17 2.000000000000000000e+00
6.321218475812448263e-17 2.000000000000000000e+00
6.468607661546320991e-17 2.000000000000000000e+00
6.619433458774388454e-17 2.000000000000000000e+00
6.773775997517744515e-17 2.000000000000000000e+00
6.931717276155400837e-17 2.000000000000000000e+00
7.093341204987988987e-17 2.000000000000000000e+00
7.258733650817245453e-17 2.000000000000000000e+00
7.427982482564910880e-17 2.000000000000000000e+00
7.601177617955321961e-17 2.000000000000000000e+00
7.778411071286482221e-17 2.000000000000000000e+00
7.959777002314977296e-17 2.000000000000000000e+00
8.145371766280736280e-17 2.000000000000000000e+00
8.335293965098186783e-17 2.000000000000000000e+00
8.529644499741016938e-17 2.000000000000000000e+00
8.728526623848370190e-17 2.000000000000000000e+00
8.932045998580959375e-17 2.000000000000000000e+00
9.140310748756222612e-17 2.000000000000000000e+00
9.353431520292376935e-17 2.000000000000000000e+00
9.571521538991855429e-17 2.000000000000000000e+00
9.794696670695385269e-17 2.000000000000000000e+00
1.002307548283864318e-16 2.000000000000000000e+00
1.025677930744420882e-16 2.000000000000000000e+00
1.049593230558226619e-16 2.000000000000000000e+00
1.074066153333432306e-16 2.000000000000000000e+00
1.099109700929496001e-16 2.000000000000000000e+00
1.124737178364750878e-16 2.000000000000000000e+00
1.150962200885031203e-16 2.000000000000000000e+00
1.177798701197117985e-16 2.000000000000000000e+00
1.205260936870841484e-16 2.000000000000000000e+00
1.233363497913774653e-16 2.000000000000000000e+00
1.262121314522546124e-16 2.000000000000000000e+00
1.291549665014882713e-16 2.000000000000000000e+00
1.321664183946603809e-16 2.000000000000000000e+00
1.352480870417874097e-16 2.000000000000000000e+00
1.384016096573130263e-16 2.000000000000000000e+00
1.416286616299197412e-16 2.000000000000000000e+00
1.449309574126215215e-16 2.000000000000000000e+00
1.483102514336103015e-16 2.000000000000000000e+00
1.517683390283403775e-16 2.000000000000000000e+00
1.553070573933458484e-16 2.000000000000000000e+00
1.589282865622976462e-16 2.000000000000000000e+00
1.626339504048190563e-16 2.000000000000000000e+00
1.664260176485901869e-16 2.000000000000000000e+00
1.703065029252842710e-16 2.000000000000000000e+00
1.742774678408917265e-16 2.000000000000000000e+00
1.783410220710006204e-16 2.000000000000000000e+00
1.824993244816150500e-16 2.000000000000000000e+00
1.867545842761074014e-16 2.000000000000000000e+00
1.911090621689135836e-16 2.000000000000000000e+00
1.955650715865947117e-16 2.000000000000000000e+00
2.001249798969034986e-16 2.000000000000000000e+00
2.047912096665083372e-16 2.000000000000000000e+00
2.095662399480430895e-16 2.000000000000000000e+00
2.144526075971665248e-16 2.000000000000000000e+00
2.194529086203311516e-16 2.000000000000000000e+00
2.245697995539771618e-16 2.000000000000000000e+00
2.298059988758848569e-16 2.000000000000000000e+00
2.351642884494346038e-16 2.000000000000000000e+00
2.406475150015421534e-16 2.000000000000000000e+00
2.462585916350544358e-16 2.000000000000000000e+00
2.520004993764089662e-16 2.000000000000000000e+00
2.578762887593798413e-16 2.000000000000000000e+00
2.638890814457507576e-16 2.000000000000000000e+00
2.700420718837769824e-16 2.000000000000000000e+00
2.763385290053166941e-16 2.000000000000000000e+00
2.827817979625338043e-16 2.000000000000000000e+00
2.893753019050947363e-16 2.000000000000000000e+00
2.961225437988031296e-16 2.000000000000000000e+00
3.030271082866393188e-16 2.000000000000000000e+00
3.100926635931923390e-16 2.000000000000000000e+00
3.173229634734973067e-16 2.000000000000000000e+00
3.247218492073125684e-16 2.000000000000000000e+00
3.322932516398968474e-16 2.000000000000000000e+00
3.400411932703702834e-16 2.000000000000000000e+00
3.479697903887687984e-16 2.000000000000000000e+00
3.560832552629274043e-16 2.000000000000000000e+00
3.643858983763540498e-16 2.000000000000000000e+00
3.728821307182829673e-16 2.000000000000000000e+00
3.815764661271244371e-16 2.000000000000000000e+00
3.904735236885555936e-16 2.000000000000000000e+00
3.995780301895265307e-16 2.000000000000000000e+00
4.088948226294855947e-16 2.000000000000000000e+00
4.184288507901575827e-16 2.000000000000000000e+00
4.281851798652406587e-16 2.000000000000000000e+00
4.381689931514185695e-16 2.000000000000000000e+00
4.483855948021181657e-16 2.000000000000000000e+00
4.588404126454752218e-16 2.000000000000000000e+00
4.695390010680053674e-16 2.000000000000000000e+00
4.804870439655124445e-16 2.000000000000000000e+00
4.916903577628021506e-16 2.000000000000000000e+00
5.031548945038046245e-16 2.000000000000000000e+00
5.148867450137487265e-16 2.000000000000000000e+00
5.268921421350666120e-16 2.000000000000000000e+00
5.391774640387493999e-16 2.000000000000000000e+00
5.517492376129117138e-16 2.000000000000000000e+00
5.646141419303660664e-16 2.000000000000000000e+00
5.777790117970494724e-16 2.000000000000000000e+00
5.912508413831868768e-16 2.000000000000000000e+00
6.050367879391211514e-16 2.000000000000000000e+00
6.191441755977834865e-16 2.000000000000000000e+00
6.335804992658241568e-16 2.000000000000000000e+00
6.483534286054713618e-16 2.000000000000000000e+00
6.634708121092336710e-16 2.000000000000000000e+00
6.789406812696098197e-16 2.000000000000000000e+00
6.947712548460225533e-16 2.000000000000000000e+00
7.109709432312424276e-16 2.000000000000000000e+00
7.275483529196217987e-16 9.923542853766986749e-01
7.445122910795127856e-16 9.795185540180730843e-01
7.618717702322984045e-16 9.678537903006547705e-01
7.796360130405220803e-16 9.571948923426697453e-01
7.978144572076612900e-16 9.465564082372656118e-01
8.164167604921455221e-16 9.350713307365973170e-01
8.354528058382853928e-16 9.243742835012762615e-01
8.549327066268366615e-16 9.142912593378997865e-01
8.748668120479896401e-16 9.046492947965631970e-01
8.952657125996382933e-16 8.931023124595200979e-01
9.161402457138501808e-16 8.814121112339200481e-01
9.375015015145270261e-16 8.696637041036814342e-01
9.593608287093126468e-16 8.573281398009724441e-01
9.817298406188819980e-16 8.415379581485173954e-01
1.004620421346811048e-15 8.250290227285599354e-01
1.028044732093307664e-15 8.054817242279717071e-01
1.052015217616156965e-15 7.828767457292479248e-01
1.076544612842313661e-15 7.558544060332597070e-01
1.101645949633654577e-15 7.251959221064941952e-01
1.127332563710484824e-15 6.901723134127886183e-01
1.153618101736476069e-15 6.511725937083346905e-01
1.180516528568803122e-15 6.096782242304128463e-01
1.208042134677326518e-15 5.667330719560104146e-01
1.236209543736766571e-15 5.236313809778955219e-01
1.265033720395901174e-15 4.821172938346345305e-01
1.294529978227913471e-15 4.437311348636198693e-01
1.324713987866114740e-15 4.075936549937667075e-01
1.355601785329366046e-15 3.753892419178206930e-01
1.387209780541618244e-15 3.467303873708796891e-01
1.419554766050098596e-15 3.210322120557048686e-01
1.452653925946778169e-15 2.986311098413997334e-01
1.486524844997854160e-15 2.789032990890585317e-01
1.521185517986101801e-15 2.614509890060976449e-01
1.556654359271058766e-15 2.463336193557357223e-01
1.592950212572119775e-15 2.331892907892650080e-01
1.630092360979737828e-15 2.217616828873615886e-01
1.668100537200055688e-15 2.118786591433109434e-01
1.706994934038404445e-15 2.034389779051317404e-01
1.746796215127242077e-15 1.964056305242888878e-01
1.787525525904231907e-15 5.061575483175615744e-05
1.829204504846289861e-15 3.134825860095260793e-05
1.871855294965575361e-15 2.432876345319601887e-05
1.915500555573523931e-15 2.038815880952275133e-05
1.960163474319181534e-15 1.775762048104530366e-05
2.005867779508230026e-15 1.585028209669999899e-05
2.052637752709247891e-15 1.436215081515109743e-05
2.100498241653910820e-15 1.316619949548425531e-05
2.149474673437976270e-15 1.218337055075901543e-05
2.199593068030070108e-15 1.134082687396138777e-05
2.250880052095457134e-15 1.061533204122352893e-05
2.303362873142126758e-15 9.984287834714668778e-06
2.357069413996723118e-15 9.430712711566273951e-06
2.412028207618001952e-15 8.930912151470355746e-06
2.468268452255687465e-15 8.478789208326210873e-06
2.525820026962779497e-15 8.075272114250443779e-06
2.584713507469558554e-15 7.700623518077351459e-06
2.644980182427714511e-15 7.358107470153955124e-06
2.706652070033235829e-15 7.040734717076446239e-06
2.769761935036885078e-15 6.747013435811451293e-06
2.834343306151303461e-15 6.478660390859109947e-06
2.900430493863985852e-15 6.231496898805540977e-06
2.968058608665596230e-15 5.995886253744806716e-06
3.037263579703305194e-15 5.772477354016667929e-06
3.108082173869057661e-15 5.567399444252726195e-06
3.180552015332913121e-15 5.377753558808980712e-06
3.254711605531841438e-15 5.190400754427116660e-06
3.330600343624581629e-15 5.015779188135692777e-06
3.408258547423445145e-15 4.855251684492396753e-06
3.487727474814170439e-15 4.697606746936306240e-06
3.569049345675222340e-15 4.549480754716604783e-06
3.652267364308168359e-15 4.411948140678819602e-06
3.737425742391056778e-15 4.274912712030804775e-06
3.824569722466991095e-15 4.150366291010371825e-06
3.913745601980376283e-15 4.026756755075075993e-06
4.005000757873602611e-15 3.911713214610590514e-06
4.098383671757252627e-15 3.801212099688533257e-06
4.193943955667178070e-15 3.693641406272757471e-06
4.291732378422148412e-15 3.595232266531181827e-06
4.391800892596077271e-15 3.493631762323447276e-06
4.494202662119132682e-15 3.402891729365075884e-06
4.598992090522428489e-15 3.310606972390450422e-06
4.706224849841271814e-15 3.226289711747117342e-06
4.815957910192340704e-15 3.140692736855725378e-06
4.928249570040502919e-15 3.062460523122542751e-06
5.043159487171348105e-15 2.983541541560123537e-06
5.160748710385896879e-15 2.911136713979891383e-06
5.281079711934320339e-15 2.837920620987654620e-06
5.404216420705904230e-15 2.770304782840008245e-06
5.530224256192888820e-15 2.702050675145140623e-06
5.659170163246230452e-15 2.639831849783554953e-06
5.791122647641746507e-15 2.575814316619621774e-06
5.926151812475540120e-15 2.517856613910902319e-06
6.064329395408049136e-15 2.457180823687575559e-06
6.205728806776488118e-15 2.402507834864736057e-06
6.350425168595949282e-15 2.346811509067900547e-06
6.498495354469875449e-15 2.294448073746743194e-06
6.650018030431104884e-15 2.243006806471960697e-06
6.805073696735192728e-15 2.193654447949896937e-06
6.963744730628207574e-15 2.146377570013239608e-06
7.126115430111730267e-15 2.098728313332271141e-06
7.292272058728297145e-15 2.055656519573151194e-06
7.462302891391092370e-15 2.009771632530954365e-06
7.636298261282225732e-15 1.967999101971515518e-06
7.814350607844525485e-15 1.926039039478011730e-06
7.996554525892329595e-15 1.885775034047209673e-06
8.183006815867373275e-15 1.848004016835147474e-06
8.373806535266472596e-15 1.808677238155633152e-06
8.569055051268330322e-15 1.772950412427506968e-06
8.768856094587408566e-15 1.736114802999745895e-06
8.973315814583500771e-15 1.701392227914518175e-06
9.182542835656263441e-15 1.668174662256386456e-06
9.396648314954671720e-15 1.634033665505743661e-06
9.615746001432076035e-15 1.602898491665451178e-06
9.839952296278205979e-15 1.570925454499534371e-06
1.006938631476025017e-14 1.540191175311991408e-06
1.030416994950585395e-14 1.511614307925666378e-06
1.054442793526166242e-14 1.481432910738117923e-06
1.079028791516181434e-14 1.453620734307911490e-06
1.104188050854157938e-14 1.426228525981006484e-06
1.129933938033219291e-14 1.398813782533693515e-06
1.156280131207372976e-14 1.373519529789807685e-06
1.183240627458375596e-14 1.347157891790994756e-06
1.210829750232037007e-14 1.322152336811156146e-06
1.239062156947913081e-14 1.298900229579579595e-06
1.267952846786431277e-14 1.273938721002765090e-06
1.297517168657584222e-14 1.251169081046691157e-06
1.327770829355426376e-14 1.228914130966934071e-06
1.358729901902706383e-14 1.205963914521733270e-06
1.390410834090066748e-14 1.184863172628943035e-06
1.422830457214349014e-14 1.163628899217110930e-06
1.456005995020645455e-14 1.142463348506681447e-06
1.489955072852850498e-14 1.122976685461039510e-06
1.524695727017569989e-14 1.102786389030842714e-06
1.560246414366364907e-14 1.083076974403363829e-06
1.596626022101421794e-14 1.065019562278849377e-06
1.633853877809863781e-14 1.045765127995573759e-06
1.671949759731991692e-14 1.027571083928640489e-06
1.710933907269017013e-14 1.010689120223810924e-06
1.750827031735727017e-14 9.925841002456515801e-07
1.791650327363903207e-14 9.756251412841982529e-07
1.833425482562292480e-14 9.599540642097551510e-07
1.876174691439123504e-14 9.429890654642610333e-07
1.919920665593286711e-14 9.271917625610956599e-07
1.964686646180448416e-14 9.125718641935128927e-07
2.010496416260501124e-14 8.966685181293412617e-07
2.057374313432915893e-14 8.818923795526413177e-07
2.105345242766708362e-14 8.681994554556632140e-07
2.154434690031886594e-14 8.534327895395436739e-07
2.204668735239412007e-14 8.394932219527501164e-07
2.256074066496863699e-14 8.265665626660241159e-07
2.308677994187171925e-14 8.128640442992135345e-07
2.362508465477949923e-14 7.997406610924339018e-07
2.417594079169133159e-14 7.875057031166667370e-07
2.473964100886816804e-14 7.748694562909491882e-07
2.531648478631358028e-14 7.624262415045439644e-07
2.590677858688011620e-14 7.508660045116610611e-07
2.651083601908541657e-14 7.392963143318817285e-07
2.712897800372469952e-14 7.274642912319765743e-07
2.776153294436803481e-14 7.164633151131274498e-07
2.840883690183306674e-14 7.059539417915836235e-07
2.907123377272581082e-14 6.946715893852956534e-07
2.974907547214443657e-14 6.841724931991614890e-07
3.044272212064305713e-14 6.743952338036214727e-07
3.115254223555490916e-14 6.639616402555674072e-07
3.187891292677649092e-14 6.542934579827883053e-07
3.262222009711673093e-14 6.454177835139984618e-07
3.338285864731764585e-14 6.367336386561497577e-07
3.416123268585531874e-14 6.275250266827216491e-07
3.495775574363278677e-14 6.189065919953056376e-07
3.577285099367876892e-14 6.108350717486140677e-07
3.660695147596906070e-14 6.024835998531866001e-07
3.746050032748996642e-14 5.940858827210844276e-07
3.833395101766605506e-14 5.862140571159498694e-07
3.922776758927723308e-14 5.788304314132347947e-07
4.014242490499325791e-14 5.708730703076128742e-07
4.107840889965651049e-14 5.631696948120186515e-07
4.203621683844718362e-14 5.559380453097209747e-07
4.301635758106799654e-14 5.491451483684783298e-07
4.401935185208878982e-14 5.416303269582923443e-07
4.504573251759463012e-14 5.345246428061433337e-07
4.609604486828438630e-14 5.278451306344914907e-07
4.717084690917022233e-14 5.215340937926422186e-07
4.827070965603187884e-14 5.145303249056331214e-07
4.939621743878325688e-14 5.079422866768373615e-07
5.054796821191245874e-14 5.017418222620130027e-07
5.172657387216024589e-14 4.959029874261575450e-07
5.293266058360566749e-14 4.893872398682457295e-07
5.416686911033157550e-14 4.832499917381275488e-07
5.542985515684674415e-14 4.774672682162515771e-07
5.672228971644549513e-14 4.720157887725473926e-07
5.804485942768983857e-14 4.660464980971627487e-07
5.939826693920362053e-14 4.603032435934354358e-07
6.078323128297235808e-14 4.548859790498904434e-07
6.220048825634718257e-14 4.497736729094789848e-07
6.365079081295577986e-14 4.443776886684270939e-07
6.513490946272808816e-14 4.389793856731043896e-07
6.665363268124920961e-14 4.338822918135852214e-07
6.820776732865692020e-14 4.290672606015398003e-07
6.979813907830666628e-14 4.242694225898076704e-07
7.142559285543134022e-14 4.191731673289911050e-07
7.309099328602918687e-14 4.143565040991781183e-07
7.479522515621829117e-14 4.098019149276852919e-07
7.653919388230155028e-14 4.054931675976681552e-07
7.832382599179204118e-14 4.007941125529591137e-07
8.015006961565413497e-14 3.962228218635262665e-07
8.201889499202212083e-14 3.918961482712999000e-07
8.393129498166373193e-14 3.877991200736504172e-07
8.588828559546257934e-14 3.837651128046200537e-07
8.789090653419963435e-14 3.794077854408520015e-07
8.994022174092053837e-14 3.752796922381993270e-07
9.203731996618229783e-14 3.713669865744528164e-07
9.418331534647961063e-14 3.676568178893932693e-07
9.637934799615795006e-14 3.638478730007683971e-07
9.862658461312830651e-14 3.598919799263886657e-07
1.009262190987048367e-13 3.561390496306247669e-07
1.032794731918952522e-13 3.525770701939748433e-07
1.056875971184805079e-13 3.491955896980925435e-07
1.081518702552289183e-13 3.456836235808975470e-07
1.106736018095974570e-13 3.420684847194267968e-07
1.132541315152812592e-13 3.386345703701549495e-07
1.158948303439811698e-13 3.353714200663182137e-07
1.185971012337670574e-13 3.322692832041655293e-07
1.213623798344241802e-13 3.291192374001433505e-07
1.241921352701784729e-13 3.257944049823981249e-07
1.270878709202059521e-13 3.226317396782531419e-07
1.300511252173409783e-13 3.196216584698151143e-07
1.330834724654076184e-13 3.167553844938161019e-07
1.361865236756082719e-13 3.140212884254261251e-07
1.393619274224143520e-13 3.109400823869891671e-07
1.426113707194129772e-13 3.080074231763948088e-07
1.459365799155757696e-13 3.052157446038732893e-07
1.493393216124253229e-13 3.025567707200138586e-07
1.528214036025870966e-13 3.000220281138735812e-07
1.563846758302247915e-13 2.974373392331932830e-07
1.600310313738701859e-13 2.947036803104683003e-07
1.637624074521688893e-13 2.920958101909539127e-07
1.675807864530768726e-13 2.896066834713293084e-07
1.714881969870540979e-13 2.872293183162971103e-07
1.754867149648151976e-13 2.849581627022148591e-07
1.795784647002096780e-13 2.832271464229606074e-07
1.837656200388172471e-13 2.814609208095554278e-07
1.880504055128583543e-13 2.797761644869376844e-07
1.924350975230332371e-13 2.781618531257162023e-07
1.969220255479173551e-13 2.766087835189455538e-07
2.015135733815558623e-13 2.751124298541931317e-07
2.062121803999144603e-13 2.736756819135142365e-07
2.110203428568596500e-13 2.723220432085921786e-07
2.159406152103567486e-13 2.710506564259170502e-07
2.209756114795903196e-13 2.698511593829806729e-07
2.261280066337279219e-13 2.684999929877454217e-07
2.314005380130653996e-13 2.671343340405631727e-07
2.367960067833078650e-13 2.657968604479978991e-07
2.423172794237600616e-13 2.645197073420808581e-07
2.479672892502160311e-13 2.633248934847742863e-07
2.537490379733571892e-13 2.622022361821792806e-07
2.596655972934872276e-13 2.611455943498006629e-07
2.657201105324506628e-13 2.601106012208613272e-07
2.719157943036018955e-13 2.591106228965174345e-07
2.782559402207125949e-13 2.581467718269605479e-07
2.847439166467247634e-13 2.572294000460134520e-07
2.913831704832788478e-13 2.563559814164301761e-07
2.981772290019673161e-13 2.554450276695212988e-07
3.051297017182870917e-13 2.545612747045072001e-07
3.122442823092857940e-13 2.537039455938751998e-07
3.195247505759213725e-13 2.528892437323068247e-07
3.269749744511767843e-13 2.521392784619119557e-07
3.345989120549974658e-13 2.513945601640791766e-07
3.424006137971425761e-13 2.507089092452229329e-07
3.503842245290675918e-13 2.501557540352448965e-07
3.585539857459816880e-13 2.493521399603412027e-07
3.669142378402493866e-13 2.487320997773406333e-07
3.754694224073336726e-13 2.482558535402898841e-07
3.842240846055061033e-13 2.477798982687770139e-07
3.931828755705769994e-13 2.472746694886640666e-07
4.023505548869293019e-13 2.465526419115652564e-07
4.117319931161679012e-13 2.464523394649400386e-07
4.213321743847289103e-13 2.458055521939555237e-07
4.311561990318228373e-13 2.454430170465404817e-07
4.412092863191189849e-13 2.448220961772082106e-07
4.514967772036101626e-13 2.452824616086965275e-07
4.620241371751313270e-13 2.449209190275079746e-07
4.727969591600390904e-13 2.448840268479191019e-07
4.838209664925957408e-13 2.448256696109574683e-07
4.951020159556350900e-13 2.453741169525525346e-07
5.066461008921268492e-13 2.440906031540633562e-07
5.184593543892912667e-13 2.435779741647164331e-07
5.305480525369574672e-13 2.436430447050991377e-07
5.429186177618942702e-13 2.436045944124472084e-07
5.555776222398878080e-13 2.435562762474509703e-07
5.685317913873752985e-13 2.430228035540090114e-07
5.817880074344935042e-13 2.442245727159150138e-07
5.953533130814369619e-13 2.443360531257393464e-07
6.092349152400711489e-13 2.445006601600364042e-07
6.234401888627863441e-13 2.447229799709871039e-07
6.379766808606282299e-13 2.450134625956952498e-07
6.528521141127846938e-13 2.453585088694182370e-07
6.680743915695615097e-13 2.453868035828509404e-07
6.836516004510238992e-13 2.457449289033029455e-07
6.995920165435374233e-13 2.460922927805298012e-07
7.159041085964888067e-13 2.465605219360520233e-07
7.325965428215230360e-13 2.470135849840997300e-07
7.496781874966876992e-13 2.475119029485859921e-07
7.671581176779302640e-13 2.479481570710718131e-07
7.850456200204509381e-13 2.475778291495690350e-07
8.033501977124734349e-13 2.496173462950293466e-07
8.220815755240541250e-13 2.503428065535016383e-07
8.412497049736118543e-13 2.511384397450334643e-07
8.608647696149245201e-13 2.520052724917247477e-07
8.809371904473990864e-13 2.529409630981653876e-07
9.014776314524916911e-13 2.538316973544144195e-07
9.224970052592174063e-13 2.548273195119389595e-07
9.440064789417602976e-13 2.553598770008468299e-07
9.660174799522646072e-13 2.579578208867312589e-07
9.885417021919572530e-13 2.591627681451639587e-07
1.011591112223829688e-12 2.604778992414270108e-07
1.035177955630176229e-12 2.617955110579237096e-07
1.059314763518369981e-12 2.633563755810450966e-07
1.084014359178330877e-12 2.649310333703843392e-07
1.109289864895222767e-12 2.667923230460360072e-07
1.135154708920999070e-12 2.686909546161386734e-07
1.161622632608501940e-12 2.706215206055214924e-07
1.188707697711903291e-12 2.726564810717405152e-07
1.216424293857367918e-12 2.740089362823857579e-07
1.244787146187906200e-12 2.761985768940446731e-07
1.273811323186478561e-12 2.785928519109123877e-07
1.303512244681509019e-12 2.812152435011596183e-07
1.333905690039058610e-12 2.840356216008834172e-07
1.365007806546013734e-12 2.867020252821320435e-07
1.396835117988739728e-12 2.896365762043967912e-07
1.429404533431761101e-12 2.926543811197009229e-07
1.462733356201129789e-12 2.964410952191249629e-07
1.496839293077255490e-12 3.001017354531683321e-07
1.531740463702079787e-12 3.038080157640255361e-07
1.567455410205595098e-12 3.079346747266356241e-07
1.604003107056819981e-12 3.128387535164969383e-07
1.641402971144466488e-12 3.176912510506551309e-07
1.679674872092653248e-12 3.226558999593064812e-07
1.718839142817145535e-12 3.286186189650231578e-07
1.758916590327732666e-12 3.343124825008623187e-07
1.799928506782476448e-12 3.404985391448261756e-07
1.841896680799710784e-12 3.471770994203639503e-07
1.884843409033795594e-12 3.541415441314622225e-07
1.928791508020777773e-12 3.617023713849006529e-07
1.973764326300255560e-12 3.692946780943818330e-07
2.019785756819878564e-12 3.779787312060920658e-07
2.066880249629082113e-12 3.871835259524255301e-07
2.115072824868794744e-12 3.968611222129138165e-07
2.164389086064020220e-12 4.079023601132822171e-07
2.214855233726359427e-12 4.198117587625313222e-07
2.266498079273692637e-12 4.331304871124242820e-07
2.319345059274427563e-12 4.485119104327079234e-07
2.373424250023866087e-12 4.651311006161376983e-07
2.428764382460450536e-12 4.830451109984838384e-07
2.485394857429798611e-12 5.051636960468606870e-07
2.543345761304648122e-12 5.309349700789954371e-07
2.602647881969004342e-12 5.635951392078535604e-07
2.663332725174980688e-12 6.008008889116049936e-07
2.725432531281027833e-12 6.459894014845314602e-07
2.788980292380439387e-12 7.075094297738605309e-07
2.854009769829237591e-12 7.836641744361095949e-07
2.920555512182745198e-12 8.894949205090544262e-07
2.988652873550382775e-12 1.054941223069936531e-06
3.058338032378431821e-12 1.362166008122859163e-06
3.129648010670750419e-12 2.411169552625965369e-06
3.202620693657650349e-12 2.463818460912808941e-06
3.277294849923382028e-12 2.449480052239152200e-06
3.353710152002928936e-12 2.436745924123294582e-06
3.431907197459042587e-12 2.424439033673500522e-06
3.511927530450727796e-12 2.413234316634642827e-06
3.593813663804625491e-12 2.401987039757637232e-06
3.677609101601030697e-12 2.392005209013103045e-06
3.763358362286532972e-12 2.380603309424908316e-06
3.851107002325569038e-12 2.369439648031412178e-06
3.940901640403448011e-12 2.359282410010757260e-06
4.032789982193705657e-12 2.349117829989942937e-06
4.126820845702951476e-12 2.339318927498198453e-06
4.223044187206672527e-12 2.329846402238898541e-06
4.321511127789762010e-12 2.320789573476667001e-06
4.422273980505896890e-12 2.311756485741953061e-06
4.525386278170166705e-12 2.302967205806569502e-06
4.630902801799736995e-12 2.294114136457093510e-06
4.738879609717651466e-12 2.285493521513344821e-06
4.849374067335233266e-12 2.277306747646229606e-06
4.962444877628913266e-12 2.267978510328159521e-06
5.078152112327670302e-12 2.258462542794620585e-06
5.196557243827657686e-12 2.248641489285428503e-06
5.317723177850966736e-12 2.239348996653435688e-06
5.441714286865887598e-12 2.229434462047051898e-06
5.568596444286408945e-12 2.220296811813961944e-06
5.698437059469135940e-12 2.211007236667647968e-06
5.831305113526218650e-12 2.201724518510531138e-06
5.967271195973310389e-12 2.192698247788298287e-06
6.106407542232036763e-12 2.183311823770969524e-06
6.248788072006888326e-12 2.173812505324748398e-06
6.394488428556936863e-12 2.165143353619332555e-06
6.543586018883229306e-12 2.154890199275431850e-06
6.696160054853215716e-12 2.144186540255220801e-06
6.852291595284057325e-12 2.133867152054788924e-06
7.012063589007176757e-12 2.123216423790995601e-06
7.175560918936921510e-12 2.112537043436406101e-06
7.342870447166757818e-12 2.101868485065184344e-06
7.514081061116962129e-12 2.091674748806758761e-06
7.689283720758305724e-12 2.080904162154554623e-06
7.868571506936843571e-12 2.071335812416977240e-06
8.052039670825469363e-12 2.060382402619257856e-06
8.239785684528511882e-12 2.049234460305951125e-06
8.431909292866251180e-12 2.037651913211764526e-06
8.628512566366887429e-12 2.025640025146189374e-06
8.829699955494083344e-12 2.014062029472918107e-06
9.035578346138920035e-12 2.002178645593012856e-06
9.246257116405732962e-12 1.990626872130664693e-06
9.461848194721992639e-12 1.978714061762193574e-06
9.682466119303113644e-12 1.967839937103047865e-06
9.908228099003787970e-12 1.956347432536676178e-06
1.013925407558814315e-11 1.943891952562980195e-06
1.037566678745184956e-11 1.931381896788571391e-06
1.061759183482999109e-11 1.918335133479129889e-06
1.086515774652537294e-11 1.905603196624002783e-06
1.111849604819269808e-11 1.892757293952198960e-06
1.137774133221490306e-11 1.879842370466618537e-06
1.164303132920875542e-11 1.867407043827218237e-06
1.191450698119774824e-11 1.855811306119231129e-06
1.219231251649109517e-11 1.840445414840483033e-06
1.247659552630868395e-11 1.827094928579698411e-06
1.276750704319264475e-11 1.812249815127919507e-06
1.306520162124719933e-11 1.799010161710586913e-06
1.336983741824945216e-11 1.785871115422119569e-06
1.368157627967470563e-11 1.771612744071421998e-06
1.400058382468096061e-11 1.757647557499313374e-06
1.432702953409829276e-11 1.742695002612081184e-06
1.466108684046982909e-11 1.727358331359643742e-06
1.500293322019216699e-11 1.712523080960288228e-06
1.535275028780421238e-11 1.697886973279192803e-06
1.571072389247448947e-11 1.683997447367660416e-06
1.607704421673822015e-11 1.668989714004834850e-06
1.645190587753660868e-11 1.651921439724873184e-06
1.683550802961200780e-11 1.635677432902516300e-06
1.722805447131392208e-11 1.620912774072159138e-06
1.762975375287203876e-11 1.605480460237902307e-06
1.804081928719381055e-11 1.590069187353821503e-06
1.846146946324545592e-11 1.572832530030118640e-06
1.889192776207664486e-11 1.555512122758451200e-06
1.933242287555043354e-11 1.539964117022675322e-06
1.978318882784162387e-11 1.522984351733090238e-06
2.024446509976801630e-11 1.506839800402083868e-06
2.071649675602066900e-11 1.489245254046939721e-06
2.119953457536068837e-11 1.472260208011941195e-06
2.169383518385182091e-11 1.455320890422265019e-06
2.219966119119952512e-11 1.438573318394009091e-06
2.271728133026902768e-11 1.420840417013558443e-06
2.324697059985645487e-11 1.402424468790234454e-06
2.378901041078890709e-11 1.385598225919875808e-06
2.434368873543107964e-11 1.368870745121567655e-06
2.491130026067785847e-11 1.350704959222366194e-06
2.549214654451420341e-11 1.332969665680795697e-06
2.608653617622556042e-11 1.315442280819357195e-06
2.669478494034329149e-11 1.298718188752550515e-06
2.731721598441384720e-11 1.279938917578727480e-06
2.795415999067864880e-11 1.262092261767064292e-06
2.860595535175750834e-11 1.245151991526553557e-06
2.927294835042825039e-11 1.226907200601441171e-06
2.995549334359822663e-11 1.209241776982820089e-06
3.065395295056535972e-11 1.191477535125967012e-06
3.136869824566886335e-11 1.175176736421436886e-06
3.210010895543181481e-11 1.156292036870590165e-06
3.284857366030053498e-11 1.138665759582860298e-06
3.361449000108775673e-11 1.121878319923954578e-06
3.439826489022935117e-11 1.103780507836135697e-06
3.520031472796689510e-11 1.087096936167865244e-06
3.602106562357081205e-11 1.069905330578427977e-06
3.686095362172168900e-11 1.052660603527423297e-06
3.772042493417009090e-11 1.035491240947959743e-06
3.859993617679779368e-11 1.019239380249691166e-06
3.949995461220654815e-11 1.002798406206716585e-06
4.042095839796318259e-11 9.855376318869319629e-07
4.136343684063286285e-11 9.697585477386325224e-07
4.232789065573561833e-11 9.531741774040319260e-07
4.331483223376411793e-11 9.366464101827023201e-07
4.432478591240409861e-11 9.211442025806368480e-07
4.535828825510200275e-11 9.054555844078110846e-07
4.641588833612791566e-11 8.895553550877285435e-07
4.749814803228514484e-11 8.742168092355639069e-07
4.860564232142148561e-11 8.590561370085672953e-07
4.973895958790077880e-11 8.432323657123621371e-07
5.089870193519695218e-11 8.284795294215552249e-07
5.208548550577676390e-11 8.135631426122659633e-07
5.329994080844103972e-11 7.988820907070816393e-07
5.454271305329847365e-11 7.846122251929463305e-07
5.581446249454977791e-11 7.697869736967015307e-07
5.711586478126446543e-11 7.559851132789700256e-07
5.844761131633649715e-11 7.421531730844096198e-07
5.981040962380956874e-11 7.278358922488443158e-07
6.120498372476715483e-11 7.146786333027303253e-07
6.263207452198705511e-11 7.014424886310876533e-07
6.409244019356470447e-11 6.876641066388085551e-07
6.558685659571448503e-11 6.753939212045871473e-07
6.711611767496300189e-11 6.623707748180785783e-07
6.868103588995321533e-11 6.492636730536690808e-07
7.028244264308367297e-11 6.377519604292297830e-07
7.192118872221207427e-11 6.248990533547819699e-07
7.359814475265786699e-11 6.130461130872689397e-07
7.531420165974391303e-11 6.010645530097435348e-07
7.707027114212319361e-11 5.891463701116582843e-07
7.886728615614171939e-11 5.782514997556977728e-07
8.070620141149523483e-11 5.666631442199648640e-07
8.258799387844288927e-11 5.554530452961641654e-07
8.451366330684739371e-11 5.445625842570275458e-07
8.648423275731743731e-11 5.336498830587050642e-07
8.850074914473456164e-11 5.235802130456713405e-07
9.056428379445312682e-11 5.125043400143667744e-07
9.267593301146902218e-11 5.027632993351254485e-07
9.483681866285946877e-11 4.930122446893683846e-07
9.704808877380326637e-11 4.826367947998934492e-07
9.931091813749820469e-11 4.732530289812683514e-07
1.016265089392997256e-10 4.633198442793878476e-07
1.039960913954122384e-10 4.541418197088149014e-07
1.064209244064726849e-10 4.450545052718952615e-07
1.089022962263732781e-10 4.358714324178397163e-07
1.114415251466790395e-10 4.273315100581156987e-07
1.140399601970035229e-10 4.181390250752408987e-07
1.166989818617149845e-10 4.097670657767905597e-07
1.194200028133534881e-10 4.015576396395085672e-07
1.222044686631491165e-10 3.931311467839487939e-07
1.250538587290393953e-10 3.853676708607325215e-07
1.279696868215944146e-10 3.772023808487062811e-07
1.309535020482670386e-10 3.695395337364262855e-07
1.340068896363953513e-10 3.618945314096685355e-07
1.371314717753948395e-10 3.542298549360683020e-07
1.403289084785876108e-10 3.470575566889369085e-07
1.436008984651263615e-10 3.396280126390292562e-07
1.469491800624820300e-10 3.327200881056139234e-07
1.503755321299741476e-10 3.256280075518598139e-07
1.538817750038349513e-10 3.188630541402167209e-07
1.574697714643089925e-10 3.122648651392457420e-07
1.611414277253023101e-10 3.056131555284973184e-07
1.648986944471068402e-10 2.993741433495793453e-07
1.687435677727379123e-10 2.929744319317214075e-07
1.726780903884359387e-10 2.867801379775744871e-07
1.767043526088950155e-10 2.806784212863589553e-07
1.808244934877955461e-10 2.746797393035117852e-07
1.850407019542305907e-10 2.691027927236932083e-07
1.893552179756299132e-10 2.630937185588538588e-07
1.937703337477992930e-10 2.576508087658733741e-07
1.982883949127075317e-10 2.520188200961523848e-07
2.029118018046682197e-10 2.466209008167299232e-07
2.076430107255779006e-10 2.414982835559510317e-07
2.124845352498887169e-10 2.362089213898710005e-07
2.174389475600084289e-10 2.313575949021409463e-07
2.225088798128373992e-10 2.260647740182192887e-07
2.276970255381684446e-10 2.213773329586301180e-07
2.330061410696929332e-10 2.165354917620475450e-07
2.384390470093725559e-10 2.118449771441405476e-07
2.439986297259555105e-10 2.072640586992762495e-07
2.496878428884332085e-10 2.026762100522542850e-07
2.555097090352512178e-10 1.984239254559868958e-07
2.614673211801097646e-10 1.939624158579495839e-07
2.675638444552050655e-10 1.898855941938559507e-07
2.738025177927863388e-10 1.856275669180707288e-07
2.801866556459200906e-10 1.815725953289419833e-07
2.867196497493775719e-10 1.775711195698083584e-07
2.934049709215792937e-10 1.736635762132145078e-07
3.002461709085555615e-10 1.699245831029840696e-07
3.072468842709009622e-10 1.660814646874095146e-07
3.144108303147271568e-10 1.625563948177298852e-07
3.217418150676378215e-10 1.588396395758601127e-07
3.292437333007775483e-10 1.553865124232325227e-07
3.369205705980274049e-10 1.518881409663180775e-07
3.447764054734470953e-10 1.485085829861324222e-07
3.528154115380890503e-10 1.452409955523299670e-07
3.610418597173344862e-10 1.419436273115725337e-07
3.694601205199309926e-10 1.388797052654918353e-07
3.780746663599357123e-10 1.356598926918401700e-07
3.868900739327983206e-10 1.327423848681912232e-07
3.959110266468466995e-10 1.296482499096233887e-07
4.051423171114655563e-10 1.268002717740515836e-07
4.145888496832919903e-10 1.238880091573089045e-07
4.242556430717785871e-10 1.211090129764252701e-07
4.341478330055101385e-10 1.183768172407752560e-07
4.442706749606891878e-10 1.156740519673574785e-07
4.546295469532408644e-10 1.130959833296342140e-07
4.652299523960199338e-10 1.104502550036474810e-07
4.760775230226377851e-10 1.080330415388644163e-07
4.871780218794640943e-10 1.054557432447526407e-07
4.985373463873904179e-10 1.031152751967860813e-07
5.101615314749844374e-10 1.006589965682310736e-07
5.220567527846986233e-10 9.837769400068875452e-08
5.342293299538363303e-10 9.604654270832255980e-08
5.466857299720191731e-10 9.382044413939235907e-08
5.594325706169388800e-10 9.160500796134600345e-08
5.724766239702190032e-10 8.943261963429540651e-08
5.858248200152547775e-10 8.730940534557364454e-08
5.994842503189421211e-10 8.518884438059379298e-08
6.134621717992518544e-10 8.314219020490219859e-08
6.277660105806513261e-10 8.106867328215268454e-08
6.424033659394204107e-10 7.907822511993133944e-08
6.573820143409599146e-10 7.705213743502978354e-08
6.727099135712349990e-10 7.509268476845887691e-08
6.883952069645510210e-10 7.310961994793814775e-08
7.044462277299051104e-10 7.115240170789826936e-08
7.208715033782150059e-10 6.920476003373339771e-08
7.364346518878268971e-10 6.276918346440990071e-08
9.378946273381403390e-10 5.579360733610197233e-08
1.195052319777728007e-09 5.075239271780971596e-08
1.523581196897073671e-09 4.741398197066606234e-08
1.943231548359401196e-09 4.516965213211312678e-08
2.479123796795266548e-09 4.357024962024051985e-08
3.163218792832144769e-09 4.228972328973002625e-08
4.036693733912816914e-09 4.133967516260299969e-08
5.151365545227277048e-09 4.041097007992368704e-08
6.573837087916130391e-09 3.950312856540761554e-08
8.388944319173325619e-09 3.858138205867114249e-08
1.070421238440291991e-08 3.751409133551074981e-08
1.365847219995571830e-08 3.647632546156413770e-08
1.743136780118952923e-08 3.578384539001540560e-08
2.225401099965736739e-08 3.567053575461325146e-08
2.840608524709665355e-08 3.527434087344398174e-08
3.625751924132533302e-08 3.482060617718469256e-08
4.628956629223119113e-08 3.474120504526408648e-08
5.910294291297172715e-08 3.481633621842485606e-08
7.548026674765702720e-08 3.526569020579175002e-08
9.639026293911890407e-08 3.562574259859138241e-08
1.231323584989508410e-07 3.653728162217130111e-08
1.573292805723211592e-07 3.787386884014968271e-08
2.011570865311780672e-07 4.050678368397636561e-08
2.570660952920313715e-07 4.231821706227302369e-08
3.273729435808624068e-07 3.752633783698079654e-08
4.025542373368249068e-07 3.407041037196660930e-08
5.089323680581325120e-07 3.258157362717588406e-08
6.489763783994171376e-07 3.073740277917600790e-08
8.278376886498721165e-07 2.946517175817430846e-08
1.056273082262808202e-06 2.859919259582785853e-08
1.347972321280996531e-06 2.798155955476922207e-08
1.720304803216664064e-06 2.743571522611121352e-08
2.195987144796325083e-06 2.719374202399720672e-08
2.804089303022664296e-06 2.735931652657275398e-08
3.555245517342835010e-06 2.718093152361575834e-08
4.599053537645206229e-06 2.668725318652208188e-08
5.833276185181278628e-06 2.677945194254704850e-08
7.448121070702365950e-06 2.686122418240736734e-08
9.510905900957493329e-06 2.706322550259839892e-08
1.214475752536458769e-05 2.724252659249151528e-08
1.551151215082218341e-05 2.771700766807597684e-08
1.987573235894561147e-05 2.827849982025875898e-08
2.532045456762690191e-05 2.959727482294909561e-08
3.236906011260357616e-05 3.142499437698615786e-08
4.141106806377235143e-05 3.457289891569355230e-08
5.302606844148893681e-05 3.966502773786583570e-08
6.724284592815320022e-05 4.860194545348423432e-08
8.161255982069865877e-05 6.116441985617755683e-08
9.368251387143782167e-05 7.619029817263232089e-08
1.075135446698290132e-04 9.391541710150293076e-08
1.393097000497115086e-04 1.882551448291183396e-07
1.497225121044503716e-04 2.433698765034525230e-07
1.635776590191936365e-04 3.229564994978324251e-07
1.790422821146206705e-04 4.594535514859402261e-07
1.905351425814354324e-04 5.940207821347701938e-07
2.085011557630549487e-04 1.054056502126554524e-06
2.233032431015597699e-04 1.461378119103385063e-06
2.397291530874376593e-04 2.414819713996424133e-06
2.657763373992798588e-04 4.736344006404762786e-06
3.026221413074345616e-04 1.556545736277056494e-05
3.310039840147805897e-04 3.243571605748717975e-05
3.519158011695956256e-04 5.557941208574246659e-05
3.714100905628044580e-04 9.844414815049876719e-05
3.935096441304252704e-04 1.895145617463202790e-04
4.181903306606997548e-04 3.777873467835846837e-04
4.312643153473915878e-04 5.657514740325605713e-04
4.488941565887619514e-04 9.809728744433173289e-04
4.726848974070809004e-04 1.843118474509337348e-03
5.032357366762852833e-04 4.345177601284689987e-03
5.096881776259617938e-04 5.921257457694054614e-03
