# Hidden photon as DM https://arxiv.org/pdf/1201.5902.pdf
# mass [eV] kinetic mixing [dimensionless]
3.176284500028227e-13	1.2359228012845686e-9
4.09738999628491e-13	1.1903274884015764e-9
5.281477846816354e-13	1.190839753683071e-9
6.807750365892237e-13	1.1913522394213064e-9
8.774938075362869e-13	1.1928952621352603e-9
1.130855938733311e-12	1.2048059695311562e-9
1.4573981952269912e-12	1.215784607875703e-9
1.8782651183693754e-12	1.2258036326683367e-9
2.420325557192621e-12	1.2444782259220385e-9
3.1182681928206195e-12	1.2744017803159273e-9
4.0173317751190886e-12	1.3073021348797868e-9
5.175246599657082e-12	1.3456950002273325e-9
6.667144081387395e-12	1.382823570331101e-9
8.590646490440456e-12	1.4087510065428965e-9
1.1071450273563347e-11	1.4203602267697059e-9
1.427373437121647e-11	1.4075292481551725e-9
1.8406167317709247e-11	1.380426065481274e-9
2.3743435126008516e-11	1.3306490750950454e-9
2.8241166107444356e-11	1.3059756225007202e-9
4.0983780171611344e-11	1.1933369642138334e-9
5.224074113167058e-11	1.1017483108307037e-9
6.745260974351097e-11	1.0144803370127692e-9
8.712031780565701e-11	9.205032734837145e-10
1.1254070688344438e-10	8.287616355022733e-10
1.4540940081428198e-10	7.384663963757344e-10
1.8791114828250683e-10	6.523477484472077e-10
2.429264257816246e-10	5.659095113888595e-10
3.141324470439959e-10	4.846026844431262e-10
3.9694468424031997e-10	4.148816797849036e-10
4.55551414236685e-10	3.252267431520723e-10
4.641928261634328e-10	2.5102091662524366e-10
4.798777651630223e-10	1.8475823417895742e-10
4.944299231313226e-10	1.3279295157956342e-10
5.094731887479141e-10	9.499096013450233e-11
5.249228195945417e-10	6.827370929199897e-11
5.408938460918063e-10	4.883832402584378e-11
5.572962995160351e-10	3.510200899251457e-11
5.742523045403034e-10	2.5109567165928263e-11
5.853361322078903e-10	1.7373615713211138e-11
6.144261582442383e-10	1.1711448332976418e-11
6.262751872895457e-10	8.9042710074286e-12
6.472680340260584e-10	6.637372254870575e-12
6.669288624976258e-10	4.75921596594371e-12
6.871868905153849e-10	3.4125156373250876e-12
6.96177318524832e-10	2.4864694397883694e-12
7.542815813702915e-10	1.4963469818335887e-12
7.673755442626111e-10	1.1358753369164577e-12
8.112492636410446e-10	6.989504387923905e-13
8.289513875206618e-10	4.815574437000696e-13
9.761822307371762e-10	5.008900620479124e-13
1.257904849759262e-9	5.085209075799998e-13
1.6204705413497547e-9	5.234551559149694e-13
2.084756677980254e-9	5.74903783194539e-13
2.681161025499698e-9	6.418609019302982e-13
3.448306531644381e-9	7.153789283471535e-13
4.434556822889192e-9	8.007698257470997e-13
5.7030873925446795e-9	8.948056594534072e-13
7.33409725166711e-9	1.0024796036442788e-12
9.431051963068996e-9	1.126025352893644e-12
1.2127780623224767e-8	1.2637044817161297e-12
1.5594506693088656e-8	1.423127955967803e-12
2.005183988898664e-8	1.604049038346813e-12
2.5783199869461226e-8	1.8079704685946917e-12
3.31515592048222e-8	2.041340995314757e-12
4.262490083903116e-8	2.3068271238793453e-12
5.4805330883892915e-8	2.6068409891728698e-12
7.046266453617182e-8	2.9535194391203032e-12
9.059797369263281e-8	3.3376387231262424e-12
1.1647676472965219e-7	3.788045193215127e-12
1.4975833398636563e-7	4.2843990115043165e-12
1.9254278879426526e-7	4.854172470811461e-12
2.4754593217635414e-7	5.504473209312748e-12
3.182616649566534e-7	6.241893030013538e-12
4.0917128232237825e-7	7.0842217658473504e-12
5.260580629197997e-7	8.033276352131405e-12
6.762994793793057e-7	9.133117970781105e-12
8.695423807724203e-7	1.0329845503441567e-11
0.0000011180414325307448	1.1663208812162446e-11
0.0000013733726792151283	1.2864001896083157e-11
0.0000025442278126961067	1.7698357687527098e-11
0.0000030542791430753037	1.942215774308514e-11
0.000007968408213160009	3.213408612354629e-11
0.000011314791003154004	4.0546109660219396e-11
0.000014244077001027876	4.6600290575981434e-11
0.000019178947054699506	6.082229068000375e-11
0.00002716450175282191	8.646918736482263e-11
0.000035167549696825084	1.1941139366716808e-10
0.00003976512320704	1.4549988926515858e-10
0.000044444136109230206	1.7801632738349872e-10
0.00004965622714304052	2.215579282137905e-10
0.00005477660100686473	2.9248221405074697e-10
0.000059129666153538875	3.605566444356028e-10
0.00006310872861171478	4.40261912167752e-10
0.00006733360599619858	5.461709797413891e-10
0.00007183195577245414	6.818645040013071e-10
0.00007663082637200708	8.512704245785819e-10
0.00008172365187438786	1.0797343058398665e-9
0.00008718335606941818	1.3479890441145499e-9
0.00009696410000310798	1.7371877330085424e-9
0.00011132083538129768	2.134961839218931e-9
0.0001432080810686519	2.3508861755373993e-9
0.00017012268579270798	2.452220119755455e-9
0.0005882470608918525	3.4291366664470474e-9
0.000682114114680891	3.544155053225544e-9
0.0026171963736323287	4.912650785767642e-9
0.003326305590041476	5.2291264061117255e-9
0.0042825326594113	5.538391039357e-9
0.005513650349454434	5.86594641678175e-9
0.007095780363025102	6.337583661806235e-9
0.008698267609918077	7.7289398488566e-9
0.009728299283326912	9.152186583590973e-9
0.011442114203723019	1.2849290470092176e-8
0.014643656079065141	1.509313388761215e-8
0.019481621841281764	1.4241830867468648e-8
0.02527381459071231	1.2785285294061116e-8
0.031398180315800474	1.1839820843107535e-8
0.040540410912341326	1.0909034929072096e-8
0.050947563743918005	9.627993684997359e-9
0.06615036906621849	8.563736386834536e-9
0.08546723904589544	7.643898697546562e-9
0.11042098950880831	6.83466274529939e-9
0.14266552461085405	6.100546221539531e-9
0.18431937865530357	5.454700230357073e-9
0.2381390842692653	4.87301544594891e-9
0.30766822023598067	4.357124347603592e-9
0.40079935730000826	4.012009522626548e-9
0.5137097700494538	3.432612267800593e-9
0.6236084081546149	3.067827555599947e-9
0.7993502265277991	2.8750310057607927e-9
1.0326803130868927	2.5773327942122424e-9
1.3341668213315498	2.306470653013087e-9
1.7235790636300146	2.0694320320200856e-9
2.2266516758517287	1.8567541405984077e-9
2.8766617639468155	1.6630568724851853e-9
3.716292378291351	1.492142619935795e-9
4.800564849190374	1.3445900825574124e-9
6.202068795419585	1.203281769709923e-9
8.012023418431987	1.0814865053244775e-9
10.349442467073498	9.753847024511972e-10
13.369253010442423	8.781733259763945e-10
17.269584427450656	7.920180455705901e-10
22.308587571777707	7.130818430555058e-10
28.816870787550634	6.431232547865837e-10
37.22453533916485	5.795271435147998e-10
48.07925180258576	5.253880839484103e-10
62.10252819014135	4.750735532746385e-10
80.21454770988173	4.299488159768035e-10
103.60520023781955	3.897832692562585e-10
133.81183510731356	3.539811731295306e-10
172.81922605573607	3.2202357591903074e-10
223.1976332329011	2.929511265553494e-10
288.2464382811958	2.67195092437531e-10
372.24647395850485	2.439141800037925e-10
480.6999434811278	2.2323969533666353e-10
620.7401372768184	2.0449423086838158e-10
801.5206183199425	1.879713961068765e-10
1034.9136765239457	1.7308243942528383e-10
1336.2204398835556	1.5964847770362982e-10
1725.0662005712554	1.4802264398143067e-10
2227.0281151240265	1.3736206141934952e-10
2874.898186734929	1.2780011447196515e-10
3710.581907561807	1.1993566700446139e-10
4789.525199082952	1.1216681782916916e-10
6180.65924979312	1.0617791181139813e-10
7975.711159963479	1.0059565609743047e-10
10329.9585421325	9.612027330450272e-11
12641.544099922192	9.217052282621344e-11
14564.063433230665	9.077972726409121e-11
18365.373551280598	8.595413139696454e-11
21426.91141202156	6.713164912490014e-11
23638.779795856666	5.262213262215567e-11
26053.132782177327	4.14005411149719e-11
28716.88435381332	3.2417507673822734e-11
31649.890883600725	2.5504522382848945e-11
34880.75531733152	2.0113458401725326e-11
38452.70974314748	1.5637394932009226e-11
41442.9558417017	1.1880896859018212e-11
44568.15113949403	8.974014927017396e-12
47006.42212241961	7.106923476797187e-12
49439.142453607645	5.766350385287225e-12
58330.02968987556	2.732904764560324e-12
62810.717514940356	2.167130325980257e-12
66133.1215433369	1.7284297805894906e-12
70359.65928722016	1.3564464169406635e-12
72272.98886372964	1.1303550099251746e-12
78111.91401411925	8.676459842214316e-13
85023.18812681152	6.168355274970152e-13
89423.38769613598	5.004823526317486e-13
94051.31050986453	4.0607678081094636e-13
98918.74191437339	3.294788538430507e-13
105056.31834937933	2.608081134087365e-13
110789.74074726057	2.0782563086001424e-13
116523.43505185997	1.6862365417254693e-13
122553.86486786112	1.3681631389178864e-13
128896.38712903786	1.1100876587446157e-13
135567.15353557086	9.006927427322404e-14
142583.1516855338	7.307958163663868e-14
149940.25334853362	5.971884412402849e-14
155776.58527902554	5.0211367267173874e-14
163774.40810276245	4.152190857920501e-14
172250.21447837367	3.3689665340460436e-14
181164.6687144722	2.7334811659420033e-14
190540.47212548132	2.2178668766964768e-14
202362.86987336623	1.7556139617338835e-14
213406.77307557987	1.3989656010899664e-14
224451.20003328662	1.1350798779789522e-14
236067.2085067372	9.209707003437974e-15
248284.37951723282	7.47248759622078e-15
261133.8249907695	6.06295844751941e-15
274607.9842823381	4.954501139020574e-15
285296.93078764994	4.165724905865991e-15
299944.538452872	3.4448145533882637e-15
315467.54879862675	2.7950220361913155e-15
331793.92049723864	2.2677993435411726e-15
348965.2298569735	1.840026230910821e-15
370617.3529021695	1.4565237322788608e-15
390843.70259306976	1.1606347654110088e-15
411071.01151564106	9.417051905167867e-16
432345.1430517943	7.640721200800986e-16
454720.2733447008	6.199458286550534e-16
478253.3823119845	5.030059602574086e-16
503004.3987492703	4.0812436241950544e-16
528958.7590982099	3.3350923249305547e-16
549548.1527179707	2.8041323982967346e-16
577762.8471836129	2.318855976705946e-16
607663.7705359249	1.8814520936322094e-16
639112.1544452391	1.5265553428900538e-16
698203.561630161	1.1001633813750326e-16
