1.000000000000000072e-17 2.000000000000000000e+00
1.063497589636833531e-17 2.000000000000000000e+00
1.131027123163354742e-17 2.000000000000000000e+00
1.202844619298109759e-17 2.000000000000000000e+00
1.279222353331163821e-17 2.000000000000000000e+00
1.360449889377250589e-17 2.000000000000000000e+00
1.446835178174402711e-17 2.000000000000000000e+00
1.538705724590255788e-17 2.000000000000000000e+00
1.636409829262134459e-17 2.000000000000000000e+00
1.740317909078302144e-17 2.000000000000000000e+00
1.850823901506573267e-17 2.000000000000000000e+00
1.968346758094480924e-17 2.000000000000000000e+00
2.093332032802955773e-17 2.000000000000000000e+00
2.226253571195516357e-17 2.000000000000000000e+00
2.367615306886824135e-17 2.000000000000000000e+00
2.517953172061409490e-17 2.000000000000000000e+00
2.677837129305706180e-17 2.000000000000000000e+00
2.847873332456636103e-17 2.000000000000000000e+00
3.028706424658649154e-17 2.000000000000000000e+00
3.221021982342064860e-17 2.000000000000000000e+00
3.425549114388041503e-17 2.000000000000000000e+00
3.643063226334271879e-17 2.000000000000000000e+00
3.874388960101052708e-17 2.000000000000000000e+00
4.120403320383027003e-17 2.000000000000000000e+00
4.382038999558954661e-17 2.000000000000000000e+00
4.660287913725549870e-17 2.000000000000000000e+00
4.956204963260789557e-17 2.000000000000000000e+00
5.270912032173960924e-17 2.000000000000000000e+00
5.605602241404744784e-17 2.000000000000000000e+00
5.961544472196777565e-17 2.000000000000000000e+00
6.340088176694061909e-17 2.000000000000000000e+00
6.742668493999121381e-17 2.000000000000000000e+00
7.170811691088283417e-17 2.000000000000000000e+00
7.626140949212015551e-17 2.000000000000000000e+00
8.110382517717665855e-17 2.000000000000000000e+00
8.625372258625449918e-17 2.000000000000000000e+00
9.173062606768577614e-17 2.000000000000000000e+00
9.755529971886150782e-17 2.000000000000000000e+00
1.037498261073080700e-16 2.000000000000000000e+00
1.103376899903623074e-16 2.000000000000000000e+00
1.173438673508464877e-16 2.000000000000000000e+00
1.247949200862895541e-16 2.000000000000000000e+00
1.327190967106896461e-16 2.000000000000000000e+00
1.411464394505962557e-16 2.000000000000000000e+00
1.501088981415303720e-16 2.000000000000000000e+00
1.596404513565578611e-16 2.000000000000000000e+00
1.697772352262354465e-16 2.000000000000000000e+00
1.805576804383070865e-16 2.000000000000000000e+00
1.920226579365564405e-16 2.000000000000000000e+00
2.042156338711859615e-16 2.000000000000000000e+00
2.171828343881643563e-16 2.000000000000000000e+00
2.309734208823074547e-16 2.000000000000000000e+00
2.456396763785078504e-16 2.000000000000000000e+00
2.612372037477149081e-16 2.000000000000000000e+00
2.778251365091600441e-16 2.000000000000000000e+00
2.954663630180159275e-16 2.000000000000000000e+00
3.142277648884215791e-16 2.000000000000000000e+00
3.341804705558046249e-16 2.000000000000000000e+00
3.554001249398010321e-16 2.000000000000000000e+00
3.779671762301078587e-16 2.000000000000000000e+00
4.019671808825583196e-16 2.000000000000000000e+00
4.274911279817138340e-16 2.000000000000000000e+00
4.546357841996837473e-16 2.000000000000000000e+00
4.835040606590153135e-16 2.000000000000000000e+00
5.142054030904819779e-16 2.000000000000000000e+00
5.468562067649639303e-16 2.000000000000000000e+00
5.815802577724786987e-16 2.000000000000000000e+00
6.185092023213993390e-16 2.000000000000000000e+00
6.577830458370087894e-16 2.000000000000000000e+00
6.995506837516336056e-16 2.000000000000000000e+00
7.439704659986581206e-16 9.799285249290529132e-01
7.912107973505646455e-16 9.504210365729629517e-01
8.414507758769592686e-16 9.212696641560534916e-01
8.948808719431895304e-16 8.933201549972263900e-01
9.517036503236899391e-16 8.616492067538333854e-01
1.012134538167820171e-15 8.187585848890804874e-01
1.076402641729661958e-15 7.560108057976127061e-01
1.144751614958215437e-15 6.643277552566162480e-01
1.217440583240929728e-15 5.523515921114390270e-01
1.294745125802789503e-15 4.434735517509279523e-01
1.376958320485305357e-15 3.560253489992515896e-01
1.464391854866504795e-15 2.917944592030273232e-01
1.557377207934333192e-15 2.460718439883100572e-01
1.656266906793505005e-15 2.149556826134279286e-01
1.761435863170139348e-15 1.258282440464714158e-01
1.873282794781318519e-15 2.419987861382503252e-05
1.992231736958083042e-15 1.641934331005574435e-05
2.118733650252923548e-15 1.280026251851092843e-05
2.253268130126424792e-15 1.058661821113438060e-05
2.396345225194947696e-15 9.073534703432305950e-06
2.548507370932561928e-15 7.930947453930925454e-06
2.710331446158471961e-15 7.023610435956565982e-06
2.882430960106448107e-15 6.298814449647477860e-06
3.065458378367791384e-15 5.690830288801072487e-06
3.260107596526169036e-15 5.177984466809151512e-06
3.467116570862311397e-15 4.738493226383675668e-06
3.687270116101991786e-15 4.355622301649125146e-06
3.921402880814379426e-15 4.017103377589006290e-06
4.170402511741027481e-15 3.720141635693712480e-06
4.435213019051979297e-15 3.455163503388579573e-06
4.716838355287683219e-15 3.218010675727346995e-06
5.016346221554996546e-15 3.001956624153870316e-06
5.334872115407575502e-15 2.808382569474782991e-06
5.673623635756689007e-15 2.632819661570418749e-06
6.033885061133806132e-15 2.470549374509708914e-06
6.417022218661500937e-15 2.323260175603265242e-06
6.824487662192511300e-15 2.187869953750338212e-06
7.257826179248015719e-15 2.064585719865544927e-06
7.718680647633373215e-15 1.948584754750606540e-06
8.208798263934531239e-15 1.842687999740595567e-06
8.730037167509397970e-15 1.743271516560879713e-06
9.284373485086213028e-15 1.651936871973316281e-06
9.873908822677316367e-15 4.182323999247238361e-12
1.050087823321114733e-14 2.359748879539034133e-12
1.116765869008994587e-14 1.405700984364089153e-12
1.187677809879744627e-14 8.996667983947191135e-13
1.263092488072261676e-14 6.788483068906930989e-13
1.343295816553241248e-14 4.881161774027376952e-13
1.428591863073614239e-14 3.782324365714342654e-13
1.519304002953575817e-14 2.960618773633171340e-13
1.615776145066720418e-14 2.333763684154665167e-13
1.718374035671144495e-14 1.942032663396211296e-13
1.827486645030780419e-14 1.591560615186902537e-13
1.943527642083738413e-14 1.354466842809870135e-13
2.066936962748614337e-14 1.154053591004139847e-13
2.198182477814419942e-14 9.907813027351385439e-14
2.337761766737557834e-14 8.695782978411001466e-14
2.486204004070527911e-14 7.583157569885317994e-14
2.644071965674450860e-14 6.813488330772241528e-14
2.811964162321102599e-14 6.138656835522357678e-14
2.990517108773650460e-14 5.607896516015176054e-14
3.180407736948476375e-14 5.155528227879929121e-14
3.382355962307041170e-14 4.719165372826530995e-14
3.597127413207295578e-14 4.359147809592029779e-14
3.825536333562537289e-14 4.009321496408765439e-14
4.068448669811887594e-14 3.695925177887425769e-14
4.326785353906124265e-14 3.414661758463041622e-14
4.601525794755097755e-14 3.141251283891693578e-14
4.893711591373761139e-14 2.915484539298452672e-14
5.204450481803827791e-14 2.692559843721359402e-14
5.534920542782604921e-14 2.495611465347371972e-14
5.886374656080694345e-14 2.314671726530433116e-14
6.260145258441163199e-14 2.141732725091486899e-14
6.657649393128601733e-14 1.995059283108803336e-14
7.080394082239395222e-14 1.850374467500779586e-14
7.529982040140496684e-14 1.724188435648906651e-14
8.008117749698031996e-14 1.605673319104668541e-14
8.516613924331799868e-14 1.494164174895291340e-14
9.057398380394363075e-14 1.397181323130865037e-14
9.632521345929964785e-14 1.301573774359770111e-14
1.024416323352182246e-13 1.219184053777187778e-14
1.089464290669668422e-13 1.140176870375701408e-14
1.158642647122594950e-13 1.066919165152271357e-14
1.232213662465319808e-13 1.001679445406744335e-14
1.310456259949442466e-13 9.373868267101961420e-15
1.393667073780731724e-13 8.825991869342428551e-15
1.482161573722021219e-13 8.290210322644153097e-15
1.576275261105705405e-13 7.800158375365502547e-15
1.676364940790081110e-13 7.353931597126434203e-15
1.782810073881944381e-13 6.914761132483563851e-15
1.896014216353713026e-13 6.543464958906690778e-15
2.016406549009343442e-13 6.174121242018032417e-15
2.144443504599353720e-13 5.840614650928224239e-15
2.280610498253776388e-13 5.530528627008900372e-15
2.425423767793339099e-13 5.230002644455194220e-15
2.579432330896103093e-13 4.969886581363104912e-15
2.743220066539325115e-13 4.711319680657529235e-15
2.917407928607966244e-13 4.480680774331422956e-15
3.102656300061946572e-13 4.261999380762616633e-15
3.299667496587415982e-13 4.053123962455521217e-15
3.509188429223707309e-13 3.868339063033834631e-15
3.732013436060878737e-13 3.684759444811011455e-15
3.968987293743021054e-13 3.522944090235945203e-15
4.221008420194921861e-13 3.366677468178090411e-15
4.489032280714059575e-13 3.219495112060431366e-15
4.774075010341339449e-13 3.086623008416957226e-15
5.077217266243434825e-13 2.954691680246555704e-15
5.399608324712406198e-13 2.839781585397304942e-15
5.742470438314624589e-13 2.726887697025057656e-15
6.107103469708373640e-13 2.622018919817139826e-15
6.494889819697598300e-13 2.525563690817925389e-15
6.907299668205175220e-13 2.429860173456578230e-15
7.345896548035473771e-13 2.347547065609153057e-15
7.812343272557262428e-13 2.265362819863055403e-15
8.308408239780180438e-13 2.190102747935355500e-15
8.835972136725028685e-13 2.125421448635161246e-15
9.397035069505288090e-13 2.066294325044324819e-15
9.993724146151628153e-13 2.075880267481272907e-15
1.062830154092763566e-12 2.093474335536532389e-15
1.130317307070998401e-12 2.117919349602281997e-15
1.202089731594803278e-12 2.162366347970406374e-15
1.278419532078261492e-12 2.225427078324433491e-15
1.359596090909879557e-12 2.280513086874052569e-15
1.445927165562312148e-12 2.339391731868239186e-15
1.537740055365931435e-12 2.414640233881019821e-15
1.635382842369678977e-12 2.504851396625591677e-15
1.739225710993587177e-12 2.612549109386133672e-15
1.849662351476087809e-12 2.755028250254797774e-15
1.967111452436817251e-12 2.913162809557397437e-15
2.092018288213557204e-12 3.065375400546852348e-15
2.224856406991292384e-12 3.301870138953099264e-15
2.366129426123295729e-12 3.670187347765623539e-15
2.516372941450908834e-12 4.129073953446242934e-15
2.676156557860390608e-12 4.671845114578826047e-15
2.846086048775330209e-12 7.118563007819907651e-15
3.026805652771570846e-12 1.223147475197801400e-06
3.219000516021707937e-12 2.460673322101705368e-06
3.423399289828795472e-12 2.425778034227187652e-06
3.640776893097371649e-12 2.396392713642223532e-06
3.871957450214533952e-12 2.367081122326772696e-06
4.117817415479536916e-12 2.340257169810966093e-06
4.379288895927045244e-12 2.315609969737475973e-06
4.657363185141762277e-12 2.292001601548403032e-06
4.953094521461569371e-12 2.268749906067793089e-06
5.267604084817783891e-12 2.243192744539235057e-06
5.602084247364852101e-12 2.217900893843730933e-06
5.957803094014994142e-12 2.193326799041400160e-06
6.336109230015789485e-12 2.168616908115542288e-06
6.738436893797485475e-12 2.141392286693453718e-06
7.166311394473507359e-12 2.113141207369152436e-06
7.621354894609550346e-12 2.085080087963645699e-06
8.105292560184139404e-12 2.057220364039166530e-06
8.619959101057192401e-12 2.026162616993432950e-06
9.167305726742409510e-12 1.994955872944430697e-06
9.749407543854452707e-12 1.964432256906605092e-06
1.036847142327632944e-11 1.931762647918421309e-06
1.102684436687276590e-11 1.897404631406482006e-06
1.172702240546968133e-11 1.863819471671123960e-06
1.247166006183414690e-11 1.827326707646270744e-06
1.326358041453057790e-11 1.790454016394607138e-06
1.410578580080752439e-11 1.752828874707968241e-06
1.500146919909221273e-11 1.712586615696637974e-06
1.595402633424576679e-11 1.674029618855915417e-06
1.696706855147294037e-11 1.630729110832906389e-06
1.804443650769439064e-11 1.589920967303569778e-06
1.919021473228786588e-11 1.544983589338006702e-06
2.040874711240131570e-11 1.500716339298776223e-06
2.170465336154639397e-11 1.454962707554001025e-06
2.308284653390758525e-11 1.408130644984949502e-06
2.454855165076765368e-11 1.362314331636001956e-06
2.610732550966671195e-11 1.314870668105960866e-06
2.776507775139476402e-11 1.267390193157276900e-06
2.952809326468748025e-11 1.220303616896881448e-06
3.140305601356663062e-11 1.174289634119917007e-06
3.339707437765857554e-11 1.126643659772258805e-06
3.551770810156195190e-11 1.080448753723261098e-06
3.777299695543576787e-11 1.034519800078501999e-06
4.017149121546538555e-11 9.902129620037886414e-07
4.272228407976449886e-11 9.465694878752012698e-07
4.543504614260960505e-11 9.043015867527503456e-07
4.832006205770342598e-11 8.629654924022687678e-07
5.138826952946981103e-11 8.223262763883173542e-07
5.465130078019908100e-11 7.833463780783424745e-07
5.812152665025931740e-11 7.455399914321658560e-07
6.181210349856351719e-11 7.090476495036347341e-07
6.573702308110477900e-11 6.741151074375184470e-07
6.991116559665553587e-11 6.404208855191086887e-07
7.435035610074468472e-11 6.077941512083342001e-07
7.907142450178220881e-11 5.769650741192409397e-07
8.409226936679623548e-11 5.469457421441306201e-07
8.943192577867876235e-11 5.185821897904330164e-07
9.511063750220506126e-11 4.917274655787730460e-07
1.011499337324172905e-10 4.653642078822390714e-07
1.075727107163512289e-10 4.407919689155574466e-07
1.144033185575398983e-10 4.169949872339801084e-07
1.216676535323985038e-10 3.947556841667141196e-07
1.293932562684746486e-10 3.735464590853064609e-07
1.376094161567838933e-10 3.531577587643317081e-07
1.463472823940710010e-10 3.339618784238194372e-07
1.556399820759955072e-10 3.156297782179136948e-07
1.655227457889411793e-10 2.983354229134486681e-07
1.760330411766092932e-10 2.816957798057736836e-07
1.872107149877654282e-10 2.660804909886889258e-07
1.990981441436759514e-10 2.510734218027548884e-07
2.117403963979653359e-10 2.370218925665963743e-07
2.251854011979837937e-10 2.236465620207520857e-07
2.394841313954590984e-10 2.109838610164168523e-07
2.546907964953414925e-10 1.990220582696469225e-07
2.708630481754809232e-10 1.876338174667941091e-07
2.880621988563083050e-10 1.767864050125628674e-07
3.063534541491688638e-10 1.665719229558947855e-07
3.258061600645592662e-10 1.569688247215316268e-07
3.464940659174911300e-10 1.478104113916135667e-07
3.684956039267179396e-10 1.392307520818181531e-07
3.918941865678337990e-10 1.310260029813244413e-07
4.167785228075770466e-10 1.232585250041646786e-07
4.432429544182564304e-10 1.159484499481976536e-07
4.713878136473245197e-10 1.090780707936277001e-07
5.013198035981065418e-10 1.025273208472940964e-07
5.331524027637970636e-10 9.625278335695113416e-08
5.670062952483843748e-10 9.034366146604740676e-08
6.030098283055651175e-10 8.467262750827748914e-08
6.412994989302893019e-10 7.922833352447625304e-08
6.820204713476690339e-10 7.391556687063620744e-08
7.253271273612230721e-10 6.868068065427380034e-08
7.713836516468692467e-10 6.340941453607376043e-08
8.203646542117043243e-10 5.802058653730881959e-08
8.724558323773982875e-10 5.240289480263657767e-08
9.278546747979603056e-10 4.599787015919582327e-08
9.867712101808947927e-10 4.162217034208851800e-08
1.049428803550402906e-09 3.862292888089231313e-08
1.116065003071319456e-09 3.997186745357220309e-08
1.186932440644368597e-09 3.607043762341290909e-08
1.262299789687050039e-09 3.606900140650193147e-08
1.342452783731259572e-09 3.606747399327890624e-08
1.427695299699451879e-09 3.606584959299784185e-08
1.518350509966197297e-09 3.606412204721432162e-08
1.614762107572907746e-09 3.606228480643755665e-08
1.717295609240680811e-09 3.606033090529989299e-08
1.826339741121374017e-09 3.605825293614959328e-08
1.942307912540539752e-09 3.605604302096691678e-08
2.065639783319413517e-09 3.605369278149683108e-08
2.196802930618138554e-09 3.605119330748532951e-08
2.336294621619522351e-09 3.604853512289873148e-08
2.484643698773859998e-09 3.604570814999808367e-08
2.642412584752335523e-09 3.604270167113226988e-08
2.810199414710143975e-09 3.603950428810518540e-08
2.988640303943078394e-09 3.603610387896273660e-08
3.178411759534944553e-09 3.603248755203596319e-08
3.380233245138780124e-09 3.602864159706599975e-08
3.594869908615384676e-09 3.602455143322558792e-08
3.823135482870429450e-09 3.602020155384009815e-08
4.065895370887753439e-09 3.601557546759841397e-08
4.324069926654685394e-09 3.601065563603092875e-08
4.598637944418358026e-09 3.600542340701749238e-08
4.890640369501406724e-09 3.599985894407327602e-08
5.201184244745339019e-09 3.599394115114447535e-08
5.531446907543719481e-09 3.598764759262872676e-08
5.882680453376861801e-09 3.598095440831699177e-08
6.256216482770007600e-09 3.597383622293446173e-08
6.653471149672104503e-09 3.596626604993755335e-08
7.075950530394494259e-09 3.595821518920221512e-08
7.525256333464018697e-09 3.594965311821567637e-08
8.003091972038266300e-09 3.594054737635919332e-08
8.511269021904588627e-09 3.593086344184296312e-08
9.051714089546179541e-09 3.592056460082676175e-08
9.626476116314087034e-09 3.590961180822997125e-08
1.023773414639657713e-08 3.589796353970349300e-08
1.088780558803546493e-08 3.588557563420214310e-08
1.157915499931011691e-08 3.587240112656080820e-08
1.231440343179760013e-08 3.585839006943959669e-08
1.309633836753229799e-08 3.584348934396291997e-08
1.392792428693892540e-08 3.582764245833463640e-08
1.481231390780385982e-08 3.581078933366570452e-08
1.575286013789354976e-08 3.579286607620245082e-08
1.675312878653587783e-08 3.577380473509184265e-08
1.781691208335635524e-08 3.575353304476546339e-08
1.894824305542085954e-08 3.573197415096548800e-08
2.015141081729287064e-08 3.570904631937398496e-08
2.143097683197257978e-08 3.568466262574081500e-08
2.279179220436566056e-08 3.565873062633550374e-08
2.423901607284645275e-08 3.563115200747348953e-08
2.577813516864056491e-08 3.560182221278822187e-08
2.741498461718172853e-08 3.557063004683590186e-08
2.915577006030363647e-08 3.553745725353004970e-08
3.100709118313854883e-08 3.550217806780775984e-08
3.297596673491735623e-08 3.546465873882774777e-08
3.506986113852901027e-08 3.542475702289271963e-08
3.729671278972390960e-08 3.538232164417345184e-08
3.966496415324863520e-08 3.533719172119016760e-08
4.218359377001132985e-08 3.528919615687696260e-08
4.486215029662620977e-08 3.523815298991660886e-08
4.771078870638732989e-08 3.518386870488683294e-08
5.074030878891517982e-08 3.512613749860251028e-08
5.396219609443971347e-08 3.506474049987231143e-08
5.738866547794678534e-08 3.499944493971180215e-08
6.103270740827096308e-08 3.493000326886711725e-08
6.490813721770601806e-08 3.485615221930344092e-08
6.902964747884718702e-08 3.477761180610032546e-08
7.341286370723430481e-08 3.469408426596972169e-08
7.807440360098073623e-08 3.460525292837254058e-08
8.303194004197633835e-08 3.451078101495372161e-08
8.830426809751191572e-08 3.441031036274442191e-08
9.391137627634827138e-08 3.430346006629059235e-08
9.987452230937408475e-08 3.418982503355996573e-08
1.062163137421495030e-07 3.406897445015263947e-08
1.129607936448852042e-07 3.394045014599275519e-08
1.201335317647991523e-07 3.380376485830894799e-08
1.277617214664238771e-07 3.365840038431840717e-08
1.358742828273937275e-07 3.350380561661065128e-08
1.445019722805666243e-07 3.333939445378298393e-08
1.536774992181511292e-07 3.327958760482249452e-08
1.634356499999194089e-07 3.326132286225223599e-08
1.738134198356434583e-07 3.324189835255342450e-08
1.848501530417418002e-07 3.322124043330886327e-08
1.965876922038913729e-07 3.319927078598536210e-08
2.090705368111062210e-07 3.317590611901163822e-08
2.223460119626903313e-07 3.315105785200242189e-08
2.364644477876827508e-07 3.312463177993146568e-08
2.514793702570054831e-07 3.309652771598043973e-08
2.674477041117141285e-07 3.306663911170951912e-08
2.844299886767118494e-07 3.303485265310979331e-08
3.024906073781148549e-07 3.300104783100589004e-08
3.216980318344069482e-07 3.296509648418028034e-08
3.421250814468036897e-07 3.292686231348705589e-08
3.638491994729811051e-07 3.288620036511304075e-08
3.869527466308068392e-07 3.284295648102734148e-08
4.115233133452153937e-07 3.279696671453566120e-08
4.376540518219981298e-07 3.274805670872381040e-08
4.654440292074888413e-07 3.269604103543377733e-08
4.949986031730202836e-07 3.264072249226648345e-08
5.264298213481044112e-07 3.258189135494585628e-08
5.598568461166579094e-07 3.251932458220976946e-08
5.954064063867452862e-07 3.245278497021358393e-08
6.332132780466299277e-07 3.238202025324027728e-08
6.734207949286290333e-07 3.230676214730783365e-08
7.161813922179172963e-07 3.222672533304803742e-08
7.616571843665035939e-07 3.214160637400054651e-08
8.100205797033539041e-07 3.205108256622113021e-08
8.614549340707474003e-07 3.195481071484297670e-08
9.161552459649934842e-07 3.185242583295244007e-08
9.743288958169107933e-07 3.174353975784659651e-08
1.036196432214802157e-06 3.162773967942651778e-08
1.101992408050724128e-06 3.150458657514702145e-08
1.171966269760034931e-06 3.137361354558946499e-08
1.246383303025468307e-06 3.123432404434757894e-08
1.325525638531175093e-06 3.108618999551511828e-08
1.409693321579729303e-06 3.092864979163864272e-08
1.499205449627183796e-06 3.076110616454511731e-08
1.594401382048908603e-06 3.058292392097215579e-08
1.695642026722650499e-06 3.039342753441621443e-08
1.803311208306453933e-06 3.019189858406907785e-08
1.917817123398991531e-06 2.997757303113287303e-08
2.039593888099073404e-06 2.974963832218762163e-08
2.169103183831381810e-06 2.950723030862977986e-08
2.306836007678246753e-06 2.924942997050237621e-08
2.453314533853271314e-06 2.897525993229629907e-08
2.609094093373965678e-06 2.868368075751350048e-08
2.774765279438900747e-06 2.837358700794372366e-08
2.950956186491245530e-06 2.804380305271479066e-08
3.138334791457341656e-06 2.769307861122792179e-08
3.337611486188283967e-06 2.732008401307993515e-08
3.549541770705449452e-06 2.692340515700197293e-08
3.774929117460503558e-06 2.650153814970315683e-08
4.014628017469128301e-06 2.605288360429359450e-08
4.269547219866917710e-06 2.557574057667088643e-08
4.540653177169110421e-06 2.506830011688211565e-08
4.828973709296158376e-06 2.452863841101258771e-08
5.135601900256103924e-06 2.395470948760099951e-08
5.461700242256708133e-06 2.334433746092992421e-08
5.808505042958895326e-06 2.269520828178351848e-08
6.177331112580177246e-06 2.200486096439834781e-08
6.569576748617637470e-06 2.127067825634695670e-08
6.986729037089043216e-06 2.048987671598126070e-08
7.430369490389841103e-06 2.012068641006253430e-08
7.902180043140662573e-06 2.012451462715751808e-08
8.403949428756383758e-06 2.012858592681063737e-08
8.937579960912222222e-06 2.013291574417841978e-08
9.505094745616613465e-06 2.013752049451262849e-08
1.010864535123299923e-05 2.014241763539393352e-08
1.075051996552983280e-05 2.014762573291731262e-08
1.143315207068363019e-05 2.015316453208002262e-08
1.215912966912341368e-05 2.015905503163904935e-08
1.293120509519440541e-05 2.016531956372182856e-08
1.375230544983879068e-05 2.017198187849206604e-08
1.462554369785304391e-05 2.017906723419161632e-08
1.555423046979482985e-05 2.018660249289980725e-08
1.654188661328259433e-05 2.019461622237325688e-08
1.759225654127184157e-05 2.020313880435227388e-08
1.870932242791534350e-05 2.021220254974444435e-08
1.989731930582631632e-05 2.022184182112209322e-08
2.116075112198072180e-05 2.053644167044029672e-08
2.250440781313132433e-05 2.093396736241343268e-08
2.393338346546948739e-05 2.135673497764561153e-08
2.545309562738084613e-05 2.180634731742154209e-08
2.706930584851524358e-05 2.228450895704418953e-08
2.878814152303820170e-05 2.279303270823970806e-08
3.061611911987517079e-05 2.333384649190921878e-08
3.256016888802128445e-05 2.390900064728408176e-08
3.462766113057885037e-05 2.452067570519489197e-08
3.682643414713167274e-05 2.521712755792540957e-08
3.916482395039395638e-05 2.610240276350410027e-08
4.165169586979489705e-05 2.704389081080235222e-08
4.429647816181333039e-05 2.804516107977593106e-08
4.710919775448891721e-05 2.911000959740428443e-08
5.010051826162388811e-05 3.024247342923046754e-08
5.328178041079316527e-05 3.144684598472849971e-08
5.666504503843735582e-05 3.272769329452532511e-08
6.026313881504073613e-05 3.408987132118716254e-08
6.408970287374572651e-05 3.842463162644971219e-08
6.815924452676913592e-05 4.361717636520761485e-08
7.248719226568652496e-05 4.913943517895844485e-08
7.708995425409932982e-05 5.501234411673319745e-08
8.198498053444806279e-05 6.125816861621283512e-08
8.719082918480822826e-05 6.790058791670454818e-08
9.272723667648042451e-05 7.496478483213465074e-08
9.861519269912071548e-05 8.247754122441402908e-08
1.048770197370867401e-04 9.046733953913236571e-08
1.115364576986863624e-04 1.010416825731926055e-07
1.186187539191835879e-04 1.304604657698986703e-07
1.261507588787759307e-04 1.617472707896420437e-07
1.341610279984355658e-04 1.950207125155787879e-07
1.426799298995359746e-04 2.304069375900342733e-07
1.517397615377082381e-04 2.680401026630614239e-07
1.613748706474206311e-04 3.080628830086336443e-07
1.716217859614876267e-04 3.921711996788815602e-07
1.825193556992098785e-04 4.844629014768878873e-07
1.941088948481775643e-04 5.826149038825554957e-07
2.064343417981064153e-04 6.869993218590116039e-07
2.195424249205514967e-04 7.980118987726088074e-07
