# Dark E-field
# Note that this is a 5 sigma limit, not a 95%
#mass [eV] kinetic mixing
#https://arxiv.org/pdf/2101.02805.pdf
2.570240591634544e-7	 1e0
2.570240591634544e-7	 5.198416987351509e-14
2.5705271931950925e-7	 1.0912784443258981e-13
2.570726225893285e-7	 7.896725749028803e-14
2.571279263314218e-7	 1.255170843531362e-13
2.5720313334333436e-7	 1.4436772343876023e-13
2.572633977095467e-7	 9.403903648973264e-14
2.572783403552469e-7	 1.660494240947502e-13
2.5729816075232577e-7	 5.841725746211421e-14
2.5737336776423835e-7	 6.719058614852725e-14
2.633668797363189e-7	 4.999851010903301e-14
2.6366527339721984e-7	 5.550679949776367e-14
2.6374048040913237e-7	 6.384302439912147e-14
2.6381568742104495e-7	 7.343121565838168e-14
2.640630329537302e-7	 8.992903528628677e-14
2.670688090342312e-7	 1.0900656701907794e-13
2.6964241401880513e-7	 5.398068802481921e-14
2.7012623942061635e-7	 6.28036289799117e-14
2.702014464325289e-7	 7.223571983247657e-14
2.705711417274511e-7	 8.832747439050035e-14
2.711548973108252e-7	 4.894610457742298e-14
2.725022526833329e-7	 1.3568396477133315e-13
2.7277091574861556e-7	 1.1377290591629062e-13
2.7647862621702407e-7	 5.342686042201932e-14
2.7651572770541825e-7	 6.221130033145656e-14
2.7659093471733083e-7	 7.155443298658015e-14
2.7660018020743164e-7	 1.020684727265953e-13
2.771765638165861e-7	 8.41812462206632e-14
2.781879960157548e-7	 4.934325492715933e-14
2.812536140695208e-7	 1.256748232733372e-13
2.813549481927147e-7	 1.5174914566999532e-13
2.8227019066804334e-7	 1.024653285982487e-13
2.828896773513953e-7	 5.986853052964263e-14
2.8296488436330786e-7	 6.885981699408766e-14
2.8351913034503803e-7	 8.326562942025812e-14
2.83951898701466e-7	 4.966509477831556e-14
2.891859027259701e-7	 1.0629784744849836e-13
2.8927605790843225e-7	 5.896198476447794e-14
2.8935126492034477e-7	 6.78171226948665e-14
2.898226254399829e-7	 8.23263808224401e-14
2.9028628206605624e-7	 4.975701350821257e-14
2.925825248639843e-7	 1.3273910511749885e-13
2.9474814495701166e-7	 1.5829753826406226e-13
2.9531934532021523e-7	 9.045600828295462e-14
2.954076525999371e-7	 1.0660797668494893e-13
2.9567362628542313e-7	 5.929053216814005e-14
2.9574883329733566e-7	 6.819501261282354e-14
2.960733836669253e-7	 7.948338572862131e-14
2.9610870817252054e-7	 1.3320836972023248e-13
2.9671090403106436e-7	 4.970558876815771e-14
2.988195791019139e-7	 4.8365214464868364e-14
3.0206305241566977e-7	 1.0645370152064518e-13
3.021258906710777e-7	 6.60074533751944e-14
3.0220109768299025e-7	 7.592070691314481e-14
3.0227630469490283e-7	 8.732277104266759e-14
3.0228525495086593e-7	 5.760694965671097e-14
3.0513064387656653e-7	 4.8697663564891166e-14
3.0695766149096034e-7	 9.246451092395378e-14
3.070946294126556e-7	 6.94687704788285e-14
3.071698364245681e-7	 7.990185794869189e-14
3.0803675616714865e-7	 3.997622293733078e-14
3.0845943985611e-7	 5.892216890741991e-14
3.115949178019576e-7	 3.4732695654424146e-14
3.118197093485933e-7	 4.971264553307512e-14
3.134238407276826e-7	 2.924448554654231e-14
3.148016906788842e-7	 6.50724879332877e-14
3.148888983010892e-7	 4.1476398851953996e-14
3.164427090600284e-7	 5.612873031541318e-14
3.181182965962695e-7	 3.3949434740143264e-14
3.193895514851322e-7	 5.089265951032498e-14
3.193955338610798e-7	 2.9035777132274434e-14
3.210012524011348e-7	 4.3403110711738624e-14
3.222534003137568e-7	 7.787591853672566e-14
3.2246099652845756e-7	 6.463538594230377e-14
3.232183941808945e-7	 5.641983426829754e-14
3.2332510023351066e-7	 3.097125311364147e-14
3.2442008868820336e-7	 3.743573256860941e-14
3.271173868210389e-7	 4.643176166603505e-14
3.2770078092660457e-7	 3.819097811070514e-14
3.2878584407574786e-7	 5.677082038151247e-14
3.287878640987951e-7	 2.8861837979575394e-13
3.288598079965544e-7	 6.514603948399591e-14
3.28935015008467e-7	 7.492992256652176e-14
3.2918253812559596e-7	 9.17947806775945e-14
3.307218807801372e-7	 4.7255679340672965e-14
3.3244395042790756e-7	 3.9461645961704743e-13
3.33627131448653e-7	 6.365263724066087e-14
3.341556424847484e-7	 7.337066764763229e-14
3.3481145196957896e-7	 8.427629688175563e-14
3.356971664682067e-7	 1.0168403869078791e-13
3.3629904232425616e-7	 2.861953725997756e-13
3.367621381573493e-7	 1.2380170130595707e-13
3.368373451692619e-7	 1.423947175597362e-13
3.370851346630564e-7	 1.7453069399148523e-13
3.3966143062113356e-7	 3.601725096615174e-13
3.3989799085860393e-7	 1.10429370958213e-13
3.4025522416518857e-7	 1.2498950980553345e-13
3.411615066420742e-7	 2.429594391103211e-13
3.411816378119295e-7	 1.3830859060080195e-13
3.414912020276302e-7	 2.0544324223428342e-13
3.422921245647502e-7	 1.6794262978182817e-13
3.4358099787948053e-7	 2.916756787029308e-13
3.45630246516575e-7	 3.7828808216679607e-13
3.461514179149164e-7	 4.553233655674391e-13
3.462526415151604e-7	 3.3690118133076046e-13
3.4677772319833164e-7	 5.458124829363114e-13
3.472205899434804e-7	 6.552517944770047e-13
3.4759816332828675e-7	 7.297034745410486e-13
3.476572101558214e-7	 8.144346658537019e-13
3.4773241716773395e-7	 9.367496003022715e-13
3.477713990085045e-7	 2.1761899436905014e-13
3.4778959935860966e-7	 1.3083178660110923e-12
3.4780762417964653e-7	 1.0774342626325436e-12
3.4803182453983445e-7	 1.6351013349719363e-12
3.511397298892597e-7	 8.062424357133211e-13
3.512149369011722e-7	 9.27327029491702e-13
3.5129014391308474e-7	 1.066596573851985e-12
3.513653509249973e-7	 1.2267821547015227e-12
3.514991608033352e-7	 6.2269635788021e-13
3.522784013423489e-7	 2.614441423644151e-13
3.5235360835426143e-7	 3.007088304677224e-13
3.52428815366174e-7	 3.458704406359362e-13
3.5250402237808654e-7	 3.978145953334006e-13
3.5275228543039767e-7	 4.880241179415789e-13
3.5278180162655163e-7	 1.8010621930054392e-13
3.5306947344492493e-7	 2.2490470410008198e-13
3.533757141184325e-7	 1.4752733727157063e-13
3.538933320754215e-7	 1.310378391160798e-13
3.5531257955022583e-7	 1.1239017967264837e-13
3.574993617894623e-7	 1.0136911094510454e-13
3.584490537970334e-7	 8.38114545636432e-14
3.6021829061298914e-7	 7.148989759239033e-14
3.611151155575644e-7	 5.831307104023e-14
3.633113010671979e-7	 4.7510486748949275e-14
3.637215211321755e-7	 4.015816440557581e-14
3.6386652253014323e-7	 3.351367305817655e-14
3.6401653772890513e-7	 1.0910891016990656e-13
3.6499320333360585e-7	 9.244193496018414e-14
3.663281277950537e-7	 7.688954706221506e-14
3.6670188385425546e-7	 6.605745601757811e-14
3.672815475960724e-7	 5.804695331505184e-14
3.686850524376138e-7	 2.592075234384155e-13
3.689584740450255e-7	 1.8761002359953936e-13
3.6903368105693806e-7	 2.1578601941673404e-13
3.6910258283451855e-7	 1.428368929928008e-13
3.691777898464311e-7	 1.6428868763729613e-13
3.693168295866364e-7	 1.239071093318288e-13
3.708582625580672e-7	 8.500428036176197e-14
3.7140763976629893e-7	 1.0186071754372408e-13
3.725529065083116e-7	 6.370563062593261e-14
3.7288665256467243e-7	 7.416408968944442e-14
3.748111368887354e-7	 1.1755501644870246e-13
3.76469109651353e-7	 1.0017281715434608e-13
3.774341523542127e-7	 8.61042183868514e-14
3.7763901376848033e-7	 5.91227584203294e-14
3.785972890241642e-7	 4.7175933040957224e-14
3.7943172872776533e-7	 7.555038615621744e-14
3.838325066410251e-7	 4.371082540892095e-14
3.8412446178060313e-7	 6.208469707646375e-14
3.851196252715673e-7	 7.352160359569822e-14
3.856997185172983e-7	 5.115037943343093e-14
3.8977271728360223e-7	 4.1486998146685315e-14
3.908242030698911e-7	 6.238555153158513e-14
3.908558691801701e-7	 1.3101767009602003e-13
3.916079392992956e-7	 1.0481800576743139e-13
3.919261228112333e-7	 5.217807156629249e-14
3.9210780004513865e-7	 7.521892168305576e-14
3.9236684641950403e-7	 8.493099464500593e-14
3.924166588559656e-7	 9.317827344539554e-14
3.930014809906164e-7	 3.6115105774735624e-14
3.9643023703372046e-7	 3.234872973972121e-14
3.969787455000143e-7	 4.857602276339876e-14
3.994784670459622e-7	 3.9840572810249854e-14
4.0184924099840833e-7	 3.415774944016737e-14
4.0339527101637153e-7	 5.060023993878787e-14
4.058803927162569e-7	 4.0207066807663927e-14
4.094773739479391e-7	 4.602986924164561e-14
4.0955258095985165e-7	 5.294281226214747e-14
4.101052178292058e-7	 6.231157445723765e-14
4.11861700382427e-7	 3.200608369681697e-14
4.1189613674817577e-7	 3.984789657026539e-14
4.1596879570343244e-7	 5.5117121095992297e-14
4.162495167524432e-7	 6.717316411021235e-14
4.163548445524602e-7	 4.873973315506445e-14
4.1806257548962596e-7	 3.5827477410973803e-14
4.184899592760722e-7	 4.318469353774454e-14
4.190375318440559e-7	 8.009104265866885e-14
4.22533119572746e-7	 5.270694613794574e-14
4.2277983811917836e-7	 6.331201871741546e-14
4.24346918985046e-7	 4.719589925077297e-14
4.2539921388702025e-7	 7.960623776816161e-14
4.277698147415076e-7	 9.614804907834475e-14
4.2861557431503354e-7	 5.427933541228959e-14
4.2885445612759704e-7	 6.59562809265516e-14
4.311978789452164e-7	 8.169258071563667e-14
4.32398027523474e-7	 1.0895489812132073e-13
4.3273374390440155e-7	 1.3660108232224805e-13
4.328089509163141e-7	 1.5711635890657112e-13
4.3288415792822665e-7	 1.8071269873121542e-13
4.3295936494013924e-7	 2.0785282773857186e-13
4.3303457195205176e-7	 2.3906896583498257e-13
4.3308118786852644e-7	 1.2677923780012558e-13
4.3310977896396434e-7	 2.7497326376186504e-13
4.3318498597587687e-7	 3.1626980741633715e-13
4.3326019298778945e-7	 3.6376842502692247e-13
4.334517533272229e-7	 4.41722061622444e-13
4.3715718001415076e-7	 6.018496339803354e-13
4.3829781969482444e-7	 7.473751538534092e-13
4.3837302670673697e-7	 8.59618832548307e-13
4.3958193280731477e-7	 3.1766457003426287e-13
4.3961546173686807e-7	 2.0907382753209308e-13
4.398395634390317e-7	 3.7086940098278323e-13
4.3991477045094427e-7	 4.265679958143765e-13
4.399899774628568e-7	 4.906316201091527e-13
4.4008825935342434e-7	 2.413546397821262e-13
4.403450131619505e-7	 2.802346689881813e-13
4.418467930069705e-7	 1.3803548079956704e-13
4.4211970330019867e-7	 1.5993071755000023e-13
4.421949103121112e-7	 1.8394972859361282e-13
4.4288373817121936e-7	 1.19553648712118e-13
4.433777114994632e-7	 5.632373161271243e-13
4.434529185113757e-7	 6.478264652504139e-13
4.437206133999316e-7	 1.0376974044985263e-13
4.446854433429674e-7	 7.377624874019161e-13
4.447606503548799e-7	 8.485624988314223e-13
4.454479554273832e-7	 2.0405564204973618e-13
4.4550865822985544e-7	 9.040385825124804e-14
4.4552316243929576e-7	 2.347015041767023e-13
4.455983694512083e-7	 2.6994987989295745e-13
4.4567357646312087e-7	 3.1049199241329624e-13
4.457487834750334e-7	 3.5712287551676684e-13
4.45823990486946e-7	 4.107569642169703e-13
4.463759994359209e-7	 4.788793738832505e-13
4.4673194423076294e-7	 1.48913418816695e-13
4.468071512426755e-7	 1.7127780950969665e-13
4.468645820517724e-7	 5.621034932047714e-13
4.470022987878721e-7	 7.728913272489723e-14
4.471470027888146e-7	 6.634379721658522e-14
4.478346765387656e-7	 1.332046416486173e-13
4.4797787372811427e-7	 6.140715255548155e-13
4.484781143073508e-7	 7.573081327346562e-13
4.499600342920822e-7	 5.644091826877338e-14
4.502694085910861e-7	 1.0884208090934475e-13
4.5235322884972795e-7	 8.927283325901643e-14
4.5385688073075896e-7	 7.775707863194597e-14
4.5444134665190784e-7	 6.701557143578834e-14
4.552399083783975e-7	 5.4637399591515734e-14
4.560671855094355e-7	 1.2262961571334175e-13
4.586957845257973e-7	 1.016477961708004e-13
4.593660385319634e-7	 6.498041726741286e-14
4.603158933252746e-7	 8.765972775851842e-14
4.6066717243036666e-7	 7.421284338147804e-14
4.6263231525521356e-7	 1.229033170105655e-13
4.6334321973336483e-7	 1.614649878124808e-13
4.6473821213289867e-7	 1.448620066974833e-13
4.663014435947953e-7	 7.033286134173878e-14
4.665921454118499e-7	 1.0026023953831038e-13
4.6700353849171915e-7	 8.256212814967407e-14
4.6918853008781487e-7	 1.1951099524422643e-13
4.6933888713663095e-7	 6.419045437029224e-14
4.7208286054626767e-7	 9.754078349920886e-14
4.7357151698794844e-7	 7.823617869974799e-14
4.744070136019061e-7	 5.667636674653886e-14
4.7556517309785494e-7	 1.1558817871853543e-13
4.7584101353440434e-7	 6.38113313402091e-14
4.791027514081961e-7	 9.50066188272952e-14
4.799693412954611e-7	 7.576168716563632e-14
4.818611015117766e-7	 6.317367775404846e-14
4.81925527958256e-7	 1.1681355159114543e-13
4.835454726952424e-7	 5.6542473843290396e-14
4.837856309908585e-7	 1.5097532585101293e-13
4.842470249730327e-7	 1.2896401980824447e-13
4.849422828688737e-7	 8.816640060782225e-14
4.88089875381728e-7	 6.342460457695732e-14
4.881855933968894e-7	 7.578755990564913e-14
4.888593073399672e-7	 1.0193789092476394e-13
4.895204181520714e-7	 5.286735524997124e-14
4.919087560689795e-7	 1.2404888835455171e-13
4.929955376087693e-7	 5.5229931760073523e-14
4.938252076901865e-7	 7.868025032369475e-14
4.939681010128203e-7	 6.659461331331806e-14
4.943018117799648e-7	 9.577263303385809e-14
4.956534217797697e-7	 1.7609867991748281e-13
4.969178871467237e-7	 1.4840603860001587e-13
4.977255590310666e-7	 1.194896420616775e-13
4.977460324683755e-7	 1.961537974902373e-13
5.004374579011822e-7	 7.653453940241279e-14
5.005126649130947e-7	 8.802879125899926e-14
5.010292580598565e-7	 6.686815282452324e-14
5.011550710887135e-7	 1.0551999966554233e-13
5.052258448414657e-7	 1.2038916821556666e-13
5.064272923954075e-7	 9.634558808995136e-14
5.06862995828058e-7	 8.10718574639127e-14
5.070316871758009e-7	 6.913120553302045e-14
5.101674634787478e-7	 6.193376978331302e-14
5.123459599238148e-7	 5.444229529546045e-14
5.134115553783161e-7	 8.345421410145785e-14
5.153026373207145e-7	 1.0972591470928127e-13
5.160954852677277e-7	 1.3407329423528137e-13
5.162611197582494e-7	 7.128097703970352e-14
5.181522830935179e-7	 7.434435040119679e-14
5.196863352115069e-7	 8.639415403372584e-14
5.213901728563894e-7	 1.1497998978713983e-13
5.219754486365953e-7	 1.0584526019795045e-13
5.226275501050177e-7	 1.3724040554216784e-13
5.25559516362954e-7	 2.219320609222498e-13
5.262390879744422e-7	 9.339946237764051e-14
5.26488918209469e-7	 1.845650328611154e-13
5.266489661893656e-7	 1.612812036523817e-13
5.283739941549123e-7	 1.0443385118402459e-13
5.287598088808592e-7	 1.2892844696986677e-13
5.289735465575717e-7	 2.4824743393803574e-13
5.323708523956942e-7	 2.0972072134043365e-13
5.325443602898439e-7	 1.7909160833493922e-13
5.326210866353305e-7	 1.566869566047825e-13
5.330297873667341e-7	 7.285317735424095e-14
5.33847428724316e-7	 9.062581539623146e-14
5.344850240555723e-7	 1.0804879051100805e-13
5.352774324810873e-7	 1.2889397259370152e-13
5.382650310293134e-7	 1.700029318772218e-13
5.384626203606109e-7	 1.4822111711410614e-13
5.393436994309403e-7	 1.9188323872280396e-13
5.393785298875063e-7	 2.2249060214159627e-13
5.394537368994188e-7	 2.559050975668937e-13
5.397709344941595e-7	 3.099724808742936e-13
5.400648715644024e-7	 9.171778660902477e-14
5.41879851173318e-7	 3.602769629307098e-13
5.420629851308972e-7	 4.340174054713235e-13
5.424639264086908e-7	 5.328588138501914e-13
5.441655908639434e-7	 1.297518078104519e-13
5.442439884763612e-7	 2.7709475560291676e-13
5.443328694904397e-7	 1.5896570435469039e-13
5.444969575164307e-7	 1.8013635967110296e-13
5.445721645283433e-7	 2.0718993185897051e-13
5.446260059118716e-7	 1.0176282802460924e-13
5.446473715402559e-7	 2.383065136994172e-13
5.448593185738275e-7	 3.534997543423706e-13
5.454604049190378e-7	 6.616778038815275e-14
5.456269034261798e-7	 4.1203861289445407e-14
5.459289673932566e-7	 8.120632803818802e-14
5.461080035897972e-7	 4.7696031732648144e-14
5.463965043173129e-7	 3.434171368954768e-14
5.466209858528701e-7	 5.604245045740085e-14
5.467412031219121e-7	 3.0587278259181225e-14
5.495426643156546e-7	 4.31938157815458e-14
5.496383823308161e-7	 5.161331194624089e-14
5.507642085091434e-7	 5.771547589344655e-14
5.509266686777337e-7	 6.520410160250606e-14
5.51511720627547e-7	 7.404162158750211e-14
5.517236676611187e-7	 8.962050387211023e-14
5.52338997758585e-7	 1.0375633722231999e-13
5.528447079386879e-7	 1.202745270711814e-13
5.53803483390555e-7	 1.465394724601354e-13
5.548488608561394e-7	 1.6297116205377905e-13
5.549774586310543e-7	 1.8580040458876004e-13
5.551378500966512e-7	 2.2345994466323701e-13
5.559101913242507e-7	 3.5725933134509437e-13
5.559388416145032e-7	 2.91270862399627e-13
5.563059777202754e-7	 4.3443363673565025e-13
5.564241059056532e-7	 5.412164865660901e-13
5.600550418379248e-7	 1.2905750971282418e-13
5.601219911732047e-7	 1.0656757981845872e-13
5.60894572295579e-7	 7.642800122289523e-14
5.609396032708936e-7	 6.694148030384725e-14
5.61076685142607e-7	 5.030393038401112e-14
5.611253987753231e-7	 1.7615783187033908e-13
5.61189984017696e-7	 1.5454208161090117e-13
5.612505403130022e-7	 2.018728101636691e-13
5.613715877893185e-7	 9.026934555843486e-14
5.614967808758155e-7	 4.356877392186828e-14
5.615766408467983e-7	 5.874079859098741e-14
5.62238215659923e-7	 2.482132765648736e-13
5.647246050537592e-7	 4.2595480186546597e-13
5.656984978746874e-7	 2.9981042979496043e-13
5.66194180453202e-7	 1.4886466513652907e-13
5.66607059351934e-7	 7.14531304571052e-14
5.66614656019804e-7	 1.1036332904657997e-13
5.666341414728904e-7	 8.272860691743765e-14
5.667799161031235e-7	 2.5775700971189954e-13
5.668288820537367e-7	 9.573348799349131e-14
5.66841131680677e-7	 1.6819656657839325e-13
5.669163386925895e-7	 1.934569746602928e-13
5.669915457045021e-7	 2.2251108810398904e-13
5.671710827233248e-7	 1.2972854110262919e-13
5.67612858177916e-7	 2.301196384769598e-14
5.687334426554131e-7	 5.4330875711216344e-14
5.69109876540039e-7	 4.6909945645220734e-14
5.69127633751185e-7	 3.089582539037171e-14
5.691796709260942e-7	 6.396523141021898e-14
5.694880372057076e-7	 2.6289938482230762e-14
5.697279776947624e-7	 3.531568433119407e-14
5.698668931258571e-7	 4.144864010990817e-14
5.729183710182924e-7	 5.4268644166855375e-14
5.730873426164856e-7	 8.02839653694027e-14
5.733855660922947e-7	 6.293639520288131e-14
5.734311460995144e-7	 4.777053956586443e-14
5.735281460523788e-7	 9.826336984656618e-14
5.739644321839852e-7	 1.2884136073577333e-13
5.739735481854292e-7	 1.1620663109943373e-13
5.753326870257124e-7	 1.4413029038117923e-13
5.757191912431835e-7	 1.722642366976475e-13
5.765652701271997e-7	 2.1512357147174815e-13
5.777974259161192e-7	 2.619416984632039e-13
5.790579979907899e-7	 2.9374315257440066e-13
5.791146474283344e-7	 3.2639274526885214e-13
5.79189854440247e-7	 3.754116646688519e-13
5.792650614521595e-7	 4.3179243415275717e-13
5.793402684640721e-7	 4.966406847161342e-13
5.794154754759846e-7	 5.712280952751767e-13
5.796554467008085e-7	 6.955229138009626e-13
5.80962102792394e-7	 2.3040697115085537e-13
5.813347193514153e-7	 2.683578163777453e-13
5.813859968595375e-7	 1.881193725774128e-13
5.816694216317037e-7	 1.5372397050010046e-13
5.81888858289189e-7	 1.3332781640580753e-13
5.822419893951239e-7	 8.720464322917367e-14
5.822628422484269e-7	 1.0100894245680739e-13
5.823380492603395e-7	 1.1617885441330933e-13
5.833647389229638e-7	 7.533295002263983e-14
5.846789451993118e-7	 5.720962291703366e-14
5.849209893810075e-7	 6.632130549420976e-14
5.890645188257909e-7	 7.30434729038989e-14
5.893134996152288e-7	 6.759309715463776e-14
5.900516820759046e-7	 9.049877161469132e-14
5.919680792357057e-7	 1.160497597151178e-13
5.935174956144616e-7	 1.4044748469135232e-13
5.938355542860532e-7	 1.7315932968887886e-13
5.947470508395223e-7	 2.159832082125705e-13
5.954326155844773e-7	 2.7438057952842446e-13
5.967065767862687e-7	 3.750235675840794e-13
5.971304708534121e-7	 3.232079407107317e-13
5.977883897701244e-7	 4.884242171318568e-13
5.988504324258486e-7	 5.91431369455125e-13
5.992544991898515e-7	 6.554863417524996e-13
5.994322612180085e-7	 9.124211959118236e-13
5.994716553671055e-7	 7.58909281185386e-13
5.997508654684744e-7	 9.611076957502758e-13
5.998070897479683e-7	 1.3332343579328711e-12
5.99826072480387e-7	 1.1054505506562428e-12
6.00036481188715e-7	 1.6351197215291149e-12
6.002809609524398e-7	 2.002119296277479e-12
6.023106386739343e-7	 3.2706111770570963e-13
6.025636077140039e-7	 4.699555598402247e-13
6.025675959646355e-7	 3.953612641470841e-13
6.026439424767286e-7	 5.457167451739511e-13
6.027618807454096e-7	 6.796125674712565e-13
6.028370877573221e-7	 7.816793999943247e-13
6.042369637290581e-7	 2.1927900143014477e-13
6.043596024359836e-7	 2.633406023285155e-13
6.04698159669757e-7	 1.8589162902612443e-13
6.074452264872367e-7	 1.615648327575499e-13
6.089657755280869e-7	 8.445952733788428e-14
6.09372772435411e-7	 1.363701430120968e-13
6.094010645970353e-7	 1.145944819189686e-13
6.094125735488582e-7	 7.326920276845686e-14
6.096327249837295e-7	 9.904503650705543e-14
6.096442990498486e-7	 6.565988619746976e-14
6.117313424661438e-7	 2.378617386721917e-13
6.121156578936848e-7	 1.9982257812778426e-13
6.139785207852477e-7	 1.6011245235471515e-13
6.145449637546697e-7	 3.083610915666071e-13
6.146440188775025e-7	 3.7076276612333165e-13
6.14825085456183e-7	 2.7137588635822666e-13
6.154151756246514e-7	 1.2479529759761317e-13
6.154581917564649e-7	 1.9387670003428639e-13
6.158875554244747e-7	 2.252292592633141e-13
6.164275265766711e-7	 1.0640100513703374e-13
6.165640766816336e-7	 9.282400907102091e-14
6.170336647060148e-7	 7.959062397431091e-14
6.190867401645487e-7	 6.714827457447014e-14
6.199845713484292e-7	 5.709303189236607e-14
6.214802223103354e-7	 9.69402894494041e-14
6.239588631029443e-7	 8.216535890420208e-14
6.242826710709011e-7	 4.938180657523684e-14
6.247605014799213e-7	 4.197496903351729e-14
6.251487861664244e-7	 3.509930381517928e-14
6.255458070209779e-7	 5.953311963420823e-14
6.258800604072559e-7	 7.022842304941927e-14
6.260863099399252e-7	 3.0256821505687804e-14
6.279699037382804e-7	 1.1570307774465968e-13
6.294989789216575e-7	 1.0005173981029275e-13
6.306475219805884e-7	 8.336927168252047e-14
6.309106688290884e-7	 7.17913479452644e-14
6.314185492390804e-7	 4.02322064847236e-14
6.316409711432953e-7	 4.8565695622934964e-14
6.32702817737959e-7	 5.99193898325434e-14
6.367588686304247e-7	 4.1508498639057195e-14
6.377680459744855e-7	 4.994541953506782e-14
6.398201358653195e-7	 5.948391874829492e-14
6.421451435460934e-7	 3.703930372870453e-14
6.421733936547348e-7	 3.046819854821522e-14
6.439785406857624e-7	 4.793278343376226e-14
6.452880274814162e-7	 9.226907863549751e-14
6.459022180787021e-7	 5.711570619906647e-14
6.467207590416897e-7	 6.575825132840738e-14
6.469142570247202e-7	 8.006951094369128e-14
6.47253665292767e-7	 4.72549354109176e-14
6.47537628737746e-7	 1.0694141549909056e-13
6.491321313403101e-7	 1.3658335830085723e-13
6.494491023071839e-7	 1.5696303004149307e-13
6.496035425649801e-7	 1.8111605781446181e-13
6.496431971712614e-7	 1.1984719886568763e-13
6.499161644394985e-7	 2.2189961549670173e-13
6.505890962710887e-7	 3.3261751566922723e-13
6.509285533748577e-7	 2.7525028769794706e-13
6.515732423593272e-7	 5.076796263424393e-13
6.519081091663799e-7	 4.1397229913494313e-13
6.546706719675974e-7	 1.0736320865914355e-13
6.546729509679583e-7	 1.851622544215574e-13
6.547729990838056e-7	 2.230444069918342e-13
6.552192599116347e-7	 1.6058619348510215e-13
6.552700490625367e-7	 3.274554138574774e-13
6.553153441947113e-7	 1.3827811090202147e-13
6.55478577595567e-7	 1.2488330013147106e-13
6.561881443579602e-7	 2.8738514796571385e-13
6.563446647621642e-7	 8.844602615805058e-14
6.56684453661574e-7	 6.013768826262937e-14
6.568417046864821e-7	 4.0810526080077887e-13
6.571269459995205e-7	 7.013051148945162e-14
6.611165396136023e-7	 6.87763305013488e-14
6.613096072010019e-7	 1.533176480230112e-13
6.614820043096487e-7	 1.1122662205883981e-13
6.625255315867822e-7	 7.584238308998116e-14
6.630069704130406e-7	 1.354925680920027e-13
6.634842785511447e-7	 9.115878541936286e-14
6.67875140085459e-7	 1.1742541310808346e-13
6.691707241105134e-7	 1.4081432677060315e-13
6.707216715100246e-7	 9.601868415929793e-14
6.711838527832327e-7	 1.6656933433623392e-13
6.746959800218955e-7	 1.2675847214979909e-13
6.760553869798684e-7	 1.0201876202821603e-13
6.772386358280054e-7	 2.01796148237127e-13
6.779998870628709e-7	 1.5732505984296612e-13
6.804705513542164e-7	 2.4989322695170504e-13
6.818821761725501e-7	 1.3013109537927497e-13
6.83125273412216e-7	 1.9948004222177294e-13
6.844099509429107e-7	 1.5410526491728113e-13
6.867749500528132e-7	 1.370888720635438e-13
6.898624775873222e-7	 1.919415506511094e-13
6.899373738264582e-7	 2.2064046304865023e-13
6.900992864430137e-7	 1.653120475722714e-13
6.90189348393643e-7	 2.6906229234239116e-13
6.91850568731775e-7	 1.5376020206685743e-13
6.927200332672227e-7	 3.1602728906204336e-13
6.962174700939328e-7	 1.7831215551492563e-13
6.965108395949471e-7	 2.0515487808694752e-13
6.971966433958839e-7	 2.4659472139949995e-13
6.974403868671843e-7	 1.5221159937539014e-13
6.975583658323006e-7	 1.3390481333157427e-13
7.004887676956266e-7	 2.948980546283582e-13
7.025053702111284e-7	 1.8593557560626602e-13
7.027033267147062e-7	 2.2440171191123195e-13
7.031324751437932e-7	 1.5921058769187783e-13
7.033170741730331e-7	 1.1417171627246912e-13
7.03426846023754e-7	 1.3386988475987562e-13
7.036258787219467e-7	 7.87182446266398e-14
7.038993587652651e-7	 6.760854812001258e-14
7.039624870752644e-7	 9.553676124015979e-14
7.040133087833143e-7	 2.779549648174066e-13
7.040885157952268e-7	 3.196993118187212e-13
7.041208491128485e-7	 5.855803570652772e-14
7.044673996052409e-7	 3.78345181779219e-14
7.045568503694097e-7	 5.115384831599691e-14
7.047650533309598e-7	 4.387839759397727e-14
7.04828051412367e-7	 2.8727488777482905e-14
7.049032584242795e-7	 3.30418936696255e-14
7.05045370375361e-7	 2.506316080589042e-14
7.050915472636276e-7	 2.147664922708257e-14
7.058241170076407e-7	 1.8406982420304246e-14
7.062569846387054e-7	 1.598609683431983e-14
7.06715552068484e-7	 1.3743730305594231e-14
7.072457859203284e-7	 1.0571317172799171e-14
7.075656488005392e-7	 1.2214209255072103e-14
7.076372042323279e-7	 7.424787165099736e-15
7.082849598128715e-7	 8.906088089508446e-15
7.086291391394474e-7	 6.471879384625387e-15
7.089891554560881e-7	 5.697209868746156e-15
7.138785315959343e-7	 1.0491864191494473e-14
7.141484032220144e-7	 8.950829156756895e-15
7.142764761362403e-7	 7.45900260005665e-15
7.148442579989024e-7	 1.2490877764152604e-14
7.153815571057478e-7	 6.099855659584059e-15
7.164270237496074e-7	 5.388636252510762e-15
7.171449088633182e-7	 2.0489437717461206e-14
7.180986705143909e-7	 8.088942131604663e-15
7.182439567874038e-7	 1.0599442837803345e-14
7.183049200470601e-7	 1.4217607891265795e-14
7.183476951307588e-7	 1.7201419869971305e-14
7.184576130712463e-7	 9.184632191894668e-15
7.186285380983203e-7	 2.1678275751731955e-14
7.187037451102329e-7	 2.4934002685643353e-14
7.187789521221454e-7	 2.8678687228065166e-14
7.187960446248528e-7	 1.2021096986504703e-14
7.18854159134058e-7	 3.2985762915585136e-14
7.192194503347761e-7	 3.789887148321816e-14
7.192946573466887e-7	 4.359066994845863e-14
7.193698643586012e-7	 5.013728462592441e-14
7.196104366384653e-7	 6.1115074360353e-14
7.198785697963214e-7	 7.522102687641405e-14
7.199537768082339e-7	 8.651801036360162e-14
7.200289838201465e-7	 9.951161833478523e-14
7.204706215329575e-7	 1.3178364511038937e-13
7.206074225992694e-7	 1.1330657670837573e-13
7.206249424145445e-7	 1.5572655171974458e-13
7.209155149605702e-7	 1.7558194685970893e-13
7.219949065065424e-7	 1.9707603730279196e-13
7.223117825150679e-7	 2.2644184339593963e-13
7.225246963972776e-7	 2.588938555649254e-13
7.226577071456188e-7	 3.0053386713808075e-13
7.230059280416849e-7	 3.5789637670989047e-13
7.232002128224592e-7	 4.00956519703553e-13
7.234604332273134e-7	 4.53716949303942e-13
7.234930643688459e-7	 8.279545761847587e-13
7.235356402392261e-7	 5.218579079824909e-13
7.235762478820218e-7	 9.66537680151334e-13
7.235775501679424e-7	 1.6638975479992115e-12
7.236108472511386e-7	 6.002325382414295e-13
7.23646042268077e-7	 1.1005572864096917e-12
7.236860542630511e-7	 6.903777722878485e-13
7.237212492799897e-7	 1.2658432178514634e-12
7.237964562919022e-7	 1.455952426981666e-12
7.24108166566276e-7	 2.0202719404795326e-12
7.2692182041195e-7	 4.31836459026428e-13
7.269970274238625e-7	 4.966913214148737e-13
7.28764702976584e-7	 1.7600461547107602e-13
7.287787499060816e-7	 3.216522230457355e-13
7.288170371121462e-7	 2.6836344936646477e-13
7.288399099884965e-7	 2.0243766640392697e-13
7.28915117000409e-7	 2.3284053471769496e-13
7.297318278570462e-7	 3.6078616030861915e-13
7.302614324793953e-7	 1.5497966333871125e-13
7.303620750477844e-7	 1.3398846724234864e-13
7.307193472009661e-7	 1.1573374351778628e-13
7.342641898249579e-7	 2.895406977154897e-13
7.344604687310479e-7	 2.429111373949009e-13
7.346613056378598e-7	 3.5295850253586675e-13
7.352623401876072e-7	 2.1320281218513199e-13
7.354236312586098e-7	 1.8673755923208552e-13
7.37490328492218e-7	 1.553993618533401e-13
7.389673732290181e-7	 1.0826348264669681e-13
7.389686163201242e-7	 1.8635538906274493e-13
7.390438233320367e-7	 2.143429590336935e-13
7.395192228073385e-7	 1.2723528895384392e-13
7.410744126536755e-7	 4.460309571933359e-14
7.413444741964524e-7	 4.04225887433334e-14
7.417868281665199e-7	 9.205473475461786e-14
7.425648788897607e-7	 1.3273945339830618e-13
7.42702240456973e-7	 5.81135064748718e-14
7.427774474688855e-7	 6.684121666829705e-14
7.428682708128171e-7	 5.043321496982529e-14
7.431304853429873e-7	 7.88485856691132e-14
7.463252294853884e-7	 1.0714108420806602e-13
7.463953087464886e-7	 4.956261030088998e-14
7.467673555554197e-7	 5.766502008021171e-14
7.483231531351865e-7	 6.570888615953022e-14
7.483609465578395e-7	 7.48611081450232e-14
7.493682982321066e-7	 9.036488591035331e-14
7.513271794776813e-7	 1.4363905656539168e-13
7.520583967435036e-7	 1.1668499546899634e-13
7.527410713016372e-7	 9.649528310238357e-14
7.551242057005468e-7	 5.882177673286191e-14
7.555787996783971e-7	 6.837430783882687e-14
7.561298688717454e-7	 8.219132904124799e-14
7.58300616715585e-7	 9.970257707246562e-14
7.583149627306778e-7	 5.411141110683164e-14
7.620124176974618e-7	 7.352487721983098e-14
7.621175624868436e-7	 6.23477713880251e-14
7.625806268726917e-7	 8.78834425328848e-14
7.644384964544724e-7	 5.754096563940735e-14
7.654414845133425e-7	 6.589519579902383e-14
7.665957311667597e-7	 1.079203589262964e-13
7.6831917826916e-7	 1.483350313693216e-13
7.686341930940574e-7	 8.562075663274778e-14
7.688450291149531e-7	 7.380385060391456e-14
7.690867455907402e-7	 1.2662764335561025e-13
7.734071605250802e-7	 1.1078872203247404e-13
7.74259112217719e-7	 7.903702447397819e-14
7.745005109482634e-7	 1.2384564980221718e-13
7.74573853323517e-7	 1.4195196064172832e-13
7.752564268804981e-7	 1.7137589624024092e-13
7.756212532027086e-7	 9.699627860659259e-14
7.790111084627278e-7	 5.761775277699445e-14
7.795556688960433e-7	 6.910799733216741e-14
7.808965254613719e-7	 9.848863351368209e-14
7.810828337408825e-7	 1.3401327038642747e-13
7.811580407527951e-7	 1.541398994087471e-13
7.812666558381811e-7	 8.382870215603695e-14
7.813124430272519e-7	 1.1608310964409886e-13
7.816787405398176e-7	 1.8045012255177604e-13
7.85538360839481e-7	 7.113727180226722e-14
7.864390543392908e-7	 5.800359931504987e-14
7.898829590318533e-7	 7.851624024004873e-14
7.918799398011096e-7	 6.217473969630686e-14
7.937073562405668e-7	 7.528183975429187e-14
7.944528335372195e-7	 9.457448761572283e-14
7.947968323631364e-7	 1.1282888474012042e-13
7.959547924465535e-7	 1.3885837546691733e-13
7.96822098591075e-7	 1.7625901718080146e-13
7.973463500669718e-7	 2.5687858327570716e-13
7.974572071559598e-7	 2.1045476651056536e-13
7.989491710208536e-7	 3.3621357378386606e-13
7.997076793159989e-7	 4.120778091165167e-13
7.997828863279115e-7	 4.739652413723177e-13
8.001799451658042e-7	 5.473043939186189e-13
8.005297337378764e-7	 6.645622083729488e-13
8.005870885802946e-7	 7.851875664896633e-13
8.011275224386247e-7	 8.71401017597375e-13
8.014348767145814e-7	 1.0572104227927943e-12
8.015042596144603e-7	 1.7563930131479382e-12
8.021266732715282e-7	 1.3473828876447696e-12
8.022079461941761e-7	 2.205410139016195e-12
8.036329725627529e-7	 4.131105737196554e-13
8.045474214575987e-7	 4.470688206544051e-13
8.045485091623164e-7	 3.503488750595363e-13
8.045491307078695e-7	 7.702132790335365e-13
8.046226284695112e-7	 5.142113377708925e-13
8.048499587555196e-7	 6.225469972091646e-13
8.048807252603929e-7	 8.31158508626414e-13
8.050664637898134e-7	 9.805627818430487e-13
8.054447778497371e-7	 2.493868649132264e-13
8.054734932542856e-7	 2.8788445410363305e-13
8.061547382576471e-7	 2.0188197302831668e-13
8.076588267004354e-7	 1.6430393829078943e-13
8.088268143854409e-7	 1.4279802163467914e-13
8.114395458617893e-7	 8.646195814035041e-14
8.118317414756977e-7	 1.003678884949215e-13
8.122501008276789e-7	 1.2434907968834883e-13
8.139841922023532e-7	 1.4102083449902975e-13
8.179807301081194e-7	 9.921242323595255e-14
8.183159583115681e-7	 8.75479224659354e-14
8.186222428120057e-7	 1.1872827958712562e-13
8.21725956428624e-7	 1.6011882034979992e-13
8.219834834694155e-7	 1.3511313675171596e-13
8.24685563968845e-7	 1.1115911214796597e-13
8.248050283538393e-7	 9.165091064314232e-14
8.266394812069107e-7	 8.091480619042451e-14
8.300939659646165e-7	 1.3119002705088763e-13
8.313954700852443e-7	 9.410376365892824e-14
8.31900553540248e-7	 1.1040289597409293e-13
8.320929662850113e-7	 1.5605881430696617e-13
8.322464436404903e-7	 7.343233664753091e-14
8.324979365098716e-7	 8.413519072874429e-14
8.377918730643234e-7	 1.0809173610389768e-13
8.3788686076346e-7	 7.115434963284382e-14
8.379506157985587e-7	 9.422631029194874e-14
8.380357364620415e-7	 1.3705405817802664e-13
8.38039496812637e-7	 1.23868008086859e-13
8.395469795847509e-7	 8.677708299538307e-14
8.436696465514938e-7	 7.326255370846758e-14
8.441773213030309e-7	 1.0627048796388197e-13
8.441934814874088e-7	 6.376972711054736e-14
8.44250352905508e-7	 1.2173689192295378e-13
8.443255599174205e-7	 1.4001980715215825e-13
8.448175477529254e-7	 9.324473382129427e-14
8.504385122266017e-7	 1.3012055317584432e-13
8.512092964448454e-7	 8.456468104433829e-14
8.514361446346237e-7	 1.1462936524398624e-13
8.519392339643113e-7	 9.910167057111165e-14
8.528525967730476e-7	 7.463475747195503e-14
8.578204792708819e-7	 1.1764881973479712e-13
8.581126833739844e-7	 1.0306686315008372e-13
8.582836860942524e-7	 9.02768302768753e-14
8.585563115124354e-7	 7.977365744048833e-14
8.644269646468737e-7	 8.876389122335942e-14
8.650299133267222e-7	 6.443731147205636e-14
8.650611482927811e-7	 1.0525911172786088e-13
8.653710923418751e-7	 5.911113920974089e-14
8.659227857369538e-7	 7.802845207312864e-14
8.690095834476122e-7	 1.30120017632156e-13
8.6995701081827e-7	 7.862205551180836e-14
8.711589556086542e-7	 1.0220991910689319e-13
8.723336456265396e-7	 1.7005538499102357e-13
8.724088526384522e-7	 1.955949575803118e-13
8.724840596503647e-7	 2.2497016153215755e-13
8.725114403676204e-7	 3.1467100078951934e-13
8.725592666622772e-7	 2.5875704673533947e-13
8.729191415374621e-7	 1.4970837908786042e-13
8.738138119648893e-7	 4.1816316882583265e-13
8.747998865853661e-7	 1.28710262734273e-13
8.749223828547692e-7	 9.413142154074471e-14
8.749816368641548e-7	 1.0510221212702662e-13
8.752414429053072e-7	 3.5049018857196126e-13
8.786799364954084e-7	 1.7150327779480857e-13
8.78813879562079e-7	 1.9943318008726162e-13
8.788872219373326e-7	 2.28590434751748e-13
8.789941588497255e-7	 2.789093533856085e-13
8.794769650762004e-7	 3.9876310096880917e-13
8.795695901623005e-7	 1.4679198825697266e-13
8.800149719471335e-7	 3.405356889735259e-13
8.817320359333966e-7	 1.4208294391007588e-13
8.82169604002706e-7	 1.5593952967732543e-13
8.825251280590199e-7	 1.7593980744635557e-13
8.847220844070108e-7	 1.9871508799250003e-13
8.855228681588524e-7	 2.2809998244796205e-13
8.856246824999795e-7	 2.806853576660265e-13
8.892219706197784e-7	 2.3559340792806326e-13
8.907676212217474e-7	 2.691508146918292e-13
8.921039293619858e-7	 3.185729600940217e-13
8.958196766648342e-7	 4.5052137094761473e-13
8.959757881895618e-7	 3.507502294411059e-13
8.961347484647407e-7	 3.9368845971944467e-13
8.964329030696597e-7	 5.416124953141169e-13
8.969345961985768e-7	 7.079518886253198e-13
8.971281077470856e-7	 8.473754823623435e-13
8.973169799020023e-7	 6.407468196549497e-13
8.9919107786552e-7	 1.1359185079872283e-12
8.991922716276141e-7	 9.923523049294635e-13
8.99265905044039e-7	 1.30559216744822e-12
8.998561661375346e-7	 1.5896905437985308e-12
9.001071600439578e-7	 2.104849165129706e-12
9.013177650357139e-7	 1.820526041981581e-12
9.015120059895579e-7	 2.5415561700521797e-12
9.032104748355132e-7	 9.748711856732667e-13
9.038018754291891e-7	 1.7058599327286768e-12
9.038311768624019e-7	 6.108123876561398e-13
9.039063838743144e-7	 7.025465442299165e-13
9.039163951973286e-7	 1.2291922009547284e-12
9.040016677941689e-7	 8.388117571661615e-13
9.040423099672732e-7	 5.268025151441717e-13
9.041300514811712e-7	 1.0651199720281107e-12
9.042018399925422e-7	 1.4577693912714498e-12
9.042576755013864e-7	 1.9368192816885693e-12
9.05026268373129e-7	 3.452402798982525e-13
9.052216926540837e-7	 4.53817969341377e-13
9.053451730372789e-7	 3.981836967969445e-13
9.057772428190041e-7	 3.0163710751978965e-13
9.05890316298453e-7	 1.7606115148084857e-13
9.064319232386374e-7	 2.5383545766315443e-13
9.067448483015967e-7	 2.0983977731434535e-13
9.097688681243419e-7	 4.483280654659208e-13
9.102594229520441e-7	 3.7866323170010987e-13
9.104706862855076e-7	 3.266618108868485e-13
9.106833170191876e-7	 2.825195155736952e-13
9.108932129524344e-7	 2.4310216231727e-13
9.116040331650262e-7	 1.8012123579136154e-13
9.116792401769387e-7	 2.0717253661672768e-13
9.11818747556179e-7	 1.5638626260774744e-13
9.122496118127383e-7	 1.3041478745515924e-13
9.124070959172287e-7	 8.05941565576531e-14
9.126196533973258e-7	 1.086704607265532e-13
9.127007206958808e-7	 9.277067507192678e-14
9.129819167832785e-7	 6.589436590556312e-14
9.130064323157331e-7	 5.555390800593147e-14
9.134329309547178e-7	 4.5578183869570185e-14
9.151233794724795e-7	 3.148316421411064e-14
9.154626086762122e-7	 3.703685478340712e-14
9.155528156541371e-7	 1.917930510012458e-14
9.158855911432113e-7	 2.2220336094577056e-14
9.161066127418568e-7	 9.155514753769877e-15
9.161809495899952e-7	 2.6842927915610487e-14
9.161818197537695e-7	 1.0530525216734915e-14
9.16257026765682e-7	 1.211204004609665e-14
9.163322337775945e-7	 1.39310728628345e-14
9.164202446278988e-7	 1.6409574907666924e-14
9.168339191776341e-7	 7.618372187323017e-15
9.170851918189385e-7	 6.500585582422027e-15
9.19609021932991e-7	 9.405087727308691e-15
9.199455543196299e-7	 4.6004677279932174e-14
9.199577089882218e-7	 1.0477229239308505e-14
9.200101259965246e-7	 1.9836038118052098e-14
9.20015823497427e-7	 1.1673550588599015e-14
9.200853330084371e-7	 2.28150907098099e-14
9.200910305093395e-7	 1.3426729370017673e-14
9.201942692256922e-7	 5.346496878396706e-14
9.202767690387599e-7	 1.5840241019581483e-14
9.202886198406371e-7	 3.330258613331934e-14
9.203223490459797e-7	 6.089571069374421e-14
9.203638268525496e-7	 3.830409676473997e-14
9.204790303207975e-7	 2.7635929937835565e-14
9.209029243879409e-7	 7.282251455085733e-14
9.217270271970478e-7	 8.84287887726432e-14
9.227483449302497e-7	 1.152550518836e-13
9.22778282707719e-7	 1.3334977450340603e-13
9.2291072370597e-7	 9.934569835691573e-14
9.231282782799037e-7	 1.621868418803814e-13
9.235292531693278e-7	 1.986995806504522e-13
9.269716174742028e-7	 9.780782444689294e-14
9.272143310126477e-7	 8.946034996972804e-14
9.273389353573847e-7	 1.1280046847993919e-13
9.274141423692972e-7	 1.2974127722293255e-13
9.27648575539764e-7	 1.5780469798761998e-13
9.284839376958923e-7	 2.363515930017617e-13
9.28994981328788e-7	 2.8247100001254244e-13
9.301441569017229e-7	 1.9914629106889172e-13
9.319323365516316e-7	 4.289155573391006e-13
9.320833103299311e-7	 5.264976414866171e-13
9.323744626216629e-7	 3.7332639303555473e-13
9.327311804400706e-7	 3.2911906326615436e-13
9.335045429339973e-7	 6.407992748995608e-13
9.345382974977407e-7	 2.6347952031944685e-13
9.354370592734351e-7	 9.277899006675642e-14
9.355261681875496e-7	 2.2521139997817966e-13
9.357246474142263e-7	 1.611671737413236e-13
9.360326380344397e-7	 1.074376030032059e-13
9.362867465746895e-7	 1.9438651426666894e-13
9.365102896983335e-7	 1.297681607513797e-13
9.411260410555042e-7	 2.0981457027661905e-13
9.41292082510376e-7	 2.4484743292404816e-13
9.422006325640618e-7	 1.6553828097737743e-13
9.424126995450212e-7	 1.1443703775590302e-13
9.436332670240694e-7	 1.3593207397027065e-13
9.440410453029459e-7	 1.8979179599870576e-13
9.477607337342379e-7	 2.8796435737943153e-13
9.480277006344194e-7	 2.3763816611479617e-13
9.480817129429748e-7	 2.020623707414957e-13
9.486888386391416e-7	 3.422526564796711e-13
9.489660790330556e-7	 4.14422893712759e-13
9.493657017463546e-7	 5.075552753195411e-13
9.498453484496018e-7	 1.6506964365876075e-13
9.521235200831842e-7	 3.213364033670137e-13
9.521349150849891e-7	 2.288741405183422e-13
9.522101220969017e-7	 2.632473403196169e-13
9.530868535357733e-7	 1.338790643369801e-13
9.532060452546528e-7	 1.9304018393517272e-13
9.547288732958641e-7	 1.1074684517922306e-13
9.549650191696323e-7	 8.193251777011929e-14
9.55549032933467e-7	 9.435236805199972e-14
9.556392579733993e-7	 1.6453900790791742e-13
9.597256141444747e-7	 2.4357762483441777e-13
9.598008211563873e-7	 2.801590505323644e-13
9.598760281683e-7	 3.2223441561412917e-13
9.599512351802123e-7	 3.706288210531474e-13
9.60026442192125e-7	 4.2629128466444983e-13
9.601016492040374e-7	 4.903133514131349e-13
9.6017685621595e-7	 5.63950498690617e-13
9.60276074124523e-7	 6.78280068191979e-13
9.606621367856741e-7	 1.288199975281901e-13
9.608168705510925e-7	 2.132801252072839e-13
9.60976296985436e-7	 1.861583452221637e-13
9.615719707047888e-7	 9.991924191816125e-14
9.619500437165975e-7	 1.5730309112966819e-13
9.642956610112129e-7	 2.0967494433769053e-13
9.666486576651699e-7	 8.568923528701089e-14
9.670343683021582e-7	 1.185852303608455e-13
9.676267456102745e-7	 9.851255818104981e-14
9.678645755765175e-7	 1.6997795474230706e-13
9.679732079270579e-7	 1.4507653523229724e-13
9.73988021646452e-7	 1.1856136065130038e-13
9.77867108160887e-7	 1.0332601108554317e-13
9.780542710655329e-7	 1.1168877254096526e-13
9.791490458639418e-7	 1.386459601502845e-13
9.819727273112039e-7	 1.6758317570768449e-13
9.825778019070458e-7	 1.9843443210129396e-13
9.838152991030614e-7	 2.280828264414417e-13
9.858694380950973e-7	 4.313190908599631e-13
9.866009497317996e-7	 3.5802410990783853e-13
9.874430118776796e-7	 5.080114616694105e-13
9.876635539983271e-7	 5.918825966756723e-13
9.879277552544615e-7	 7.289380390199155e-13
9.880641154427273e-7	 8.84656322422766e-13
9.88137138412627e-7	 1.0761485030583129e-12
9.882875524364522e-7	 1.4236614887461376e-12
9.884978851781016e-7	 1.226027035964227e-12
9.88666151371421e-7	 2.625669862192272e-13
9.901535789403582e-7	 3.127995534251623e-13
9.907742267053334e-7	 4.544789060937466e-13
9.909873132390858e-7	 5.641602310528674e-13
9.913223262921508e-7	 6.126853135712214e-13
9.913401024949664e-7	 3.6876109579419454e-13
9.927492084181643e-7	 1.1516323776417522e-13
9.93042173914569e-7	 2.0965998094648603e-13
9.931070943475795e-7	 1.305059018464433e-13
9.931782613133976e-7	 1.489817462809245e-13
9.935027598875246e-7	 1.7362607756378903e-13
9.944850090431096e-7	 2.552647332760627e-13
9.9524847416404e-7	 2.7335799012925185e-13
9.97172520218803e-7	 1.2957362928632533e-13
9.97232913728369e-7	 4.91590508007192e-14
9.974924348944764e-7	 1.0440573700576661e-13
9.975251955246655e-7	 1.4541952617155192e-13
9.975426298774272e-7	 2.0778921834901356e-13
9.976004025365782e-7	 1.6725919061237098e-13
9.98181942071e-7	 6.985231595111757e-14
9.988396089828644e-7	 8.244947692844075e-14
9.993498201886802e-7	 5.23519064118329e-14
0.000001000130337115883	 6.092822276575929e-14
0.0000010047309877017545	 1.0038716748635424e-13
0.0000010052968146556654	 7.755704826959783e-14
0.0000010065479858538468	 6.262482678729658e-14
0.0000010069438970522722	 1.2297084356721233e-13
0.0000010073824418360222	 1.3873601249330477e-13
0.0000010083753263266252	 1.7372936841319479e-13
0.0000010083943179963	 1.5029112250703851e-13
0.0000010084467350046027	 1.984136071343298e-13
0.0000010086911242786073	 2.423916915363071e-13
0.0000010089446965834781	 2.917889647297011e-13
0.0000010090347170977373	 9.768079071547295e-14
0.000001009218860326905	 7.728306082365176e-14
0.0000010095942116863594	 6.540325158981247e-14
0.0000010103472585199253	 3.3474458339843853e-13
0.0000010113873706067537	 4.2068461023964983e-13
0.0000010125974958928394	 5.30548194430006e-13
0.0000010142377419512917	 7.241449535246193e-13
0.0000010142809759287279	 6.084687881514557e-13
0.0000010152462750191282	 8.286043738590552e-13
0.0000010198868284595343	 4.1367211481939485e-13
0.000001020086957248377	 5.103917483371545e-13
0.0000010203465353894934	 3.720304407488077e-13
0.0000010205265764180112	 6.466156660252246e-13
0.0000010245911735618306	 4.571706760742672e-13
0.000001024666380573743	 5.258303287392449e-13
0.0000010247484245867385	 6.125438645025648e-13
0.0000010250861724402369	 3.893376196770917e-13
0.0000010257523242457531	 3.1790369397869964e-13
0.0000010260201067881691	 1.4103181412986962e-13
0.0000010262616808264335	 2.1218605018808046e-13
0.0000010269381295699445	 1.6138507506474336e-13
0.0000010270555326188439	 2.5533201607590213e-13
0.0000010272615922348165	 1.877190066752916e-13
0.0000010277276478086382	 1.3842912374823046e-13
0.0000010296095323567225	 3.072645509552507e-13
0.0000010323689459938049	 2.0969695126479653e-13
0.000001032400548132144	 2.477979751220347e-13
0.0000010325195309426572	 1.8004469063346456e-13
0.0000010327325225180611	 1.5581955748128806e-13
0.0000010333174659440475	 1.309965876215471e-13
0.0000010337088028631769	 1.1016263229948112e-13
0.0000010345910765303987	 9.120438860425236e-14
0.0000010369407204242096	 7.320050795801358e-14
0.000001037466101226178	 6.165293402011692e-14
0.0000010396183891670936	 5.2555080713902485e-14
0.0000010411175725795597	 8.357493746867516e-14
0.0000010420997566208488	 9.496494868689709e-14
0.00000104217203348944	 1.0863331882235535e-13
0.000001043075627535164	 1.2446613198319998e-13
0.0000010433488278829834	 1.49583519428063e-13
0.0000010439199971689095	 2.0304428351132392e-13
0.0000010440112478254087	 2.4061422406757917e-13
0.0000010441479878470679	 7.01381789154213e-14
0.0000010443068056847242	 1.7980476617165844e-13
0.000001045254055906194	 3.017441353749409e-13
0.0000010481260847182572	 8.880159851704391e-14
0.000001048243778808328	 7.708098306977013e-14
0.0000010483656017367154	 6.314550905991377e-14
0.0000010484941839729914	 1.0256269785626e-13
0.0000010485676817346333	 1.1759141805038286e-13
0.0000010496847581794317	 1.434071435804513e-13
0.0000010499489268784182	 1.7660358809469563e-13
0.0000010503153901364647	 2.0335098963146953e-13
0.0000010505778550113718	 2.453819460101277e-13
0.0000010524327442575612	 3.148467212665033e-13
0.0000010565000273660916	 2.1593554232661085e-13
0.0000010568558362974507	 1.4194060692238335e-13
0.0000010570301798250663	 2.631416833036189e-13
0.0000010571756991776614	 1.639996460614059e-13
0.000001057501078274655	 1.9144157862438353e-13
0.0000010578583115812397	 8.798311312761577e-14
0.000001057859166206375	 1.263747254915348e-13
0.000001058007016354794	 1.0333003903038584e-13
0.0000010597470331304071	 3.2179448818072254e-13
0.0000010620810143751023	 4.523810583585091e-13
0.0000010622919168668422	 3.8999413909857076e-13
0.0000010627279656025775	 2.97628399197215e-13
0.000001063020247398874	 2.1580881874294273e-13
0.0000010632082649286551	 1.881990214510304e-13
0.0000010632743997660539	 2.5665543170274686e-13
0.000001063305008493979	 1.3848928435991672e-13
0.000001063434455714483	 1.6198561176804668e-13
0.0000010636555187494989	 3.3004311363355016e-13
0.0000010641927930846014	 9.006421566525995e-14
0.000001064196781335233	 1.0386964900893577e-13
0.0000010642719883471456	 1.1946919289181575e-13
0.000001065395949888814	 5.867297656336195e-14
0.0000010656271389367973	 4.0412337515669025e-14
0.0000010656781315698744	 3.710486341485556e-14
0.000001065877982370761	 4.951977492058975e-14
0.00000106599978139355	 6.750312751846887e-14
0.0000010664830569666027	 7.845596287297994e-14
0.0000010721220050905632	 9.271153338529142e-14
0.0000010722397534425478	 7.260552656372911e-14
0.0000010725078072945302	 1.2267068466968833e-13
0.0000010739773962594517	 1.1260683669800576e-13
0.0000010765738695100101	 6.40547723093491e-14
0.000001078961740973956	 6.040304197285746e-14
0.0000010791098759974202	 9.878571050849524e-14
0.000001079130500950687	 8.120604394688596e-14
0.000001080264873380368	 1.2090716846959334e-13
0.0000010803189996389414	 1.337168285063916e-13
0.00000108284018936829	 7.015618900819717e-14
0.0000010838444232806904	 9.997501181150177e-14
0.0000010851020516465616	 8.702297675122058e-14
0.0000010857778464723553	 6.041009497901355e-14
0.000001089434659232833	 5.513228946645473e-14
0.0000010897621604776314	 7.508474853451363e-14
0.0000010907628874549848	 9.989127099601196e-14
0.000001091322257560394	 1.236823562655463e-13
0.0000010932129469018901	 6.257494909512863e-14
0.0000010945395549271464	 5.488002640030553e-14
0.0000010967471737411118	 7.869676733202309e-14
0.0000010990409876044447	 9.726171106111099e-14
0.0000010991423217276387	 1.174410369197379e-13
0.000001099690289051042	 6.427037572487881e-14
0.0000011022253208588331	 4.323785215099016e-14
0.0000011025486133386132	 6.856192386532678e-14
0.00000110258212685285	 8.193851772493016e-14
0.0000011026873881820232	 5.3032380395423164e-14
0.0000011059641086048915	 1.0854745487450397e-13
0.000001106369683015287	 9.117042635656258e-14
0.0000011084619252940599	 7.491145000893637e-14
0.000001109555390372834	 6.221916378966081e-14
0.0000011105645087511626	 4.675947634441007e-14
0.0000011114381798181207	 5.314062511603517e-14
0.0000011149514660564321	 8.444102739636845e-14
0.0000011151117004999949	 7.381395963081881e-14
0.0000011151990187709685	 1.0345229467221759e-13
0.0000011177650354356591	 6.534772801811829e-14
0.0000011220946227203532	 6.212761343886442e-14
0.0000011221883384709116	 4.652669935901019e-14
0.000001122413275806541	 5.395402378050574e-14
0.0000011226337690914663	 7.430872717146361e-14
0.0000011232822323480272	 4.093985652574174e-14
0.0000011240288021874353	 3.547731155180636e-14
0.0000011242354919815378	 2.06469019211923e-14
0.0000011245350251426195	 3.08508944018891e-14
0.0000011245583848963195	 2.5114508831062063e-14
0.000001124592081544514	 1.825455270866534e-14
0.0000011273837755938526	 4.3472601101158646e-14
0.0000011274798354590682	 5.197948798635019e-14
0.000001127553675070764	 5.963406350965956e-14
0.0000011276288820826767	 6.859013681412778e-14
0.0000011278811674226377	 3.7187512873672783e-14
0.000001127997396441048	 7.928038043593992e-14
0.0000011283956517541304	 9.685018915530718e-14
0.0000011312473649058326	 1.20960221925157e-13
0.0000011340354179807849	 1.3582081956713786e-13
0.0000011356602095833846	 1.6570290203402334e-13
0.0000011372310105821945	 2.0618620040321256e-13
0.0000011372957179138727	 1.3542148576905105e-13
0.0000011377686104887774	 3.26426023756944e-13
0.0000011378048115329732	 2.7204475147989845e-13
0.0000011384067305898535	 3.6280622172072444e-13
0.0000011386465515509174	 4.4162657128180245e-13
0.000001139786828094171	 5.437150179374519e-13
0.0000011404417151264742	 6.234605244107262e-13
0.0000011411005090165394	 7.201174472384711e-13
0.000001142573394392697	 8.716027173470369e-13
0.0000011438900054583867	 1.036769858437717e-12
0.0000011450881085053055	 1.4102016026034374e-12
0.0000011456842298854435	 1.1796886731039567e-12
0.000001147035025956548	 9.023647398508853e-13
0.0000011474095416825368	 5.446150165028872e-13
0.0000011474486645220672	 6.605276275362192e-13
0.0000011475628424401528	 8.168583355994109e-13
0.0000011479739741052746	 1.022081636203324e-12
0.0000011479986157966777	 3.169356517946937e-13
0.0000011481522540880591	 4.596996964170169e-13
0.0000011481545848838826	 3.700668909448228e-13
0.0000011488070523281406	 2.648091864122256e-13
0.0000011501576947203997	 2.1629542551516528e-13
0.0000011503257271700925	 1.5197234860592443e-13
0.0000011509144543210373	 1.7946771375785947e-13
0.0000011516715922172813	 1.2691217785404433e-13
0.000001155019275821228	 2.2960939351515717e-13
0.0000011552342995052871	 1.9946800450085886e-13
0.000001155444537288588	 1.7174726374805872e-13
0.000001156944119526117	 1.4543712946514658e-13
0.0000011598082215770039	 1.3197321026883325e-13
0.0000011599388887861933	 1.1003618610925294e-13
0.0000011603526494410175	 9.402527931498102e-14
0.0000011631931385159418	 8.313891505605078e-14
0.0000011645302901822878	 7.035511500320837e-14
0.0000011658439957691624	 5.165847262813012e-14
0.0000011658837833171315	 6.087409125250414e-14
0.0000011663598095175324	 4.5730713737789623e-14
0.000001166504363254715	 3.7644596484031335e-14
0.0000011680929892920626	 7.697319461933639e-14
0.0000011684493679735118	 8.698371275714822e-14
0.0000011685378827196753	 1.0255524011309061e-13
0.0000011694581105082935	 1.9265967288908493e-13
0.0000011699626242132068	 1.1645454376292984e-13
0.0000011700119075960132	 1.414854567498829e-13
0.0000011712739040459093	 1.6803159628516845e-13
0.0000011741691298259326	 1.1619819093015567e-13
0.0000011760152328161514	 1.4561371852305865e-13
0.0000011772938834994552	 1.760510955030659e-13
0.0000011774699362773412	 2.613643318718907e-13
0.000001177614652800264	 2.1410943111760958e-13
0.000001181258318577409	 1.726842362970555e-13
0.0000011813312880253307	 1.3883161590541165e-13
0.0000011819508308204342	 1.109851419828061e-13
0.0000011822185184045016	 9.717583337982623e-14
0.0000011831563102956919	 8.205209842871595e-14
0.0000011859580731218351	 6.89554544819662e-14
0.000001186163183154324	 5.731369244885075e-14
0.0000011863432241828419	 4.244919619260032e-14
0.0000011864571742008913	 8.485971525601103e-14
0.000001186514149209916	 9.434901651133171e-14
0.0000011866699758595983	 4.8938212938279596e-14
0.0000011870820272641516	 2.6733700613166946e-14
0.0000011876617294825981	 3.1106343721243164e-14
0.0000011879476404369766	 2.055264939014787e-14
0.0000011879841044427522	 3.610895998995063e-14
0.000001188459560893063	 2.36709792291688e-14
0.0000011914328017390149	 3.0672788652504764e-14
0.0000011921045370954158	 3.6291451608991966e-14
0.0000011922088013619309	 4.4060545233220025e-14
0.0000011928655807784626	 5.070100233792515e-14
0.0000011931013718533112	 6.108526739381464e-14
0.0000011934582633098415	 8.893003953666079e-14
0.0000011948713471245786	 7.855828206227541e-14
0.0000011954073345416451	 1.0147753343059086e-13
0.0000011956461036563884	 1.1825912708991086e-13
0.000001195698520664691	 1.3037298575967082e-13
0.0000011959811167094534	 2.2055921931225552e-13
0.0000011962768170062915	 1.48406817376439e-13
0.0000011963061372224743	 1.8318561977304121e-13
0.0000011966010048076418	 2.369647292882797e-13
0.0000011969724818664827	 2.7541121880646263e-13
0.000001197042805306193	 3.139084210542109e-13
0.0000011979573898558223	 3.8318700115932906e-13
0.0000011983962873420088	 4.477073977688832e-13
0.0000011986077316549128	 5.144237593393865e-13
0.0000012001194557935247	 6.846771925725356e-13
0.0000012001687798727661	 6.186752419391173e-13
0.000001200693519705883	 8.353781091044814e-13
0.0000012028409077960227	 9.849463054399269e-13
0.000001203899788338746	 1.1644912153626242e-12
0.0000012040848276294191	 1.4061706658089757e-12
0.0000012049170771248811	 1.6698655730742556e-12
0.0000012058625773996454	 3.4543780952909136e-13
0.000001206656410200386	 5.317808820239866e-13
0.0000012071159773261213	 4.1995944933856615e-13
0.0000012074151463955675	 7.298087847628159e-13
0.000001207492347532796	 6.285997229339161e-13
0.0000012084757361885616	 1.904633822135238e-12
0.0000012094972981003738	 9.334657371274279e-13
0.0000012098807399111099	 2.281416334048063e-12
0.0000012104880935073126	 5.173817639938863e-13
0.0000012110635410984618	 6.128396588989896e-13
0.000001212609557968346	 1.2505651223241937e-12
0.0000012126820871548342	 1.1120149872080643e-12
0.0000012129524180340175	 1.3781030697102142e-12
0.0000012134226663142447	 1.6694855886568927e-12
0.0000012134690259794827	 7.554910869245982e-13
0.0000012144669282691264	 3.3302001391321564e-12
0.0000012144826631854942	 2.7308484645290366e-12
0.0000012146350195391725	 4.150643389818049e-12
0.000001214710226551085	 4.774002997936915e-12
0.0000012149096649804029	 2.049292551700448e-12
0.0000012149848719923153	 2.3570631987964065e-12
0.0000012157500611622202	 8.924204613050123e-13
0.0000012188537340824036	 1.0344778804235014e-12
0.0000012192709335859865	 1.1962453749937665e-12
0.0000012193434601827018	 1.3690577303791248e-12
0.0000012195883047344714	 1.668861077273547e-12
0.0000012199379685041428	 4.137942824470167e-12
0.0000012203026085619006	 4.7485182014341436e-12
0.0000012205532986016092	 3.5507320139675126e-12
0.0000012205690237041	 2.6430808708330177e-12
0.0000012206442307160124	 3.040028934333401e-12
0.0000012207156773773295	 2.021859971712815e-12
0.000001221070175883481	 2.2768285159652826e-12
0.0000012221221624501123	 8.691916064800411e-13
0.0000012226476999333556	 5.664028014944406e-13
0.0000012227841143835348	 4.2510158407649895e-13
0.0000012228593213954474	 4.889449770094321e-13
0.0000012229804339860597	 6.824802235174063e-13
0.0000012229958172384963	 1.0824408541574312e-12
0.000001223082989002304	 1.2730309444151645e-12
0.0000012231581960142166	 1.4642196340001338e-12
0.000001223233403026129	 1.6841217772411737e-12
0.0000012235167967210177	 3.655144286997141e-13
0.0000012243059575710183	 3.219012283237542e-13
0.000001225049310513763	 2.7479796218207415e-13
0.0000012254254215400046	 2.301035572196132e-13
0.0000012264359164879425	 1.9551099721240052e-13
0.0000012278127693764862	 1.5497013377459685e-13
0.00000122815630676744	 1.34148795058239e-13
0.0000012298490561990277	 1.1861815687343263e-13
0.000001232463354488124	 9.874590639830291e-14
0.000001234508143735089	 8.173177671950846e-14
0.0000012345388726740226	 6.204309198233708e-14
0.0000012348511771163479	 7.068421973011747e-14
0.0000012387157919784902	 7.579954494654655e-14
0.0000012388203980950595	 9.208488299088209e-14
0.0000012388203980950595	 1e0
