9.999999999999999452e-21 2.314806131479354642e-02
1.071593399822671152e-20 2.167103711570340235e-02
1.148312414543511144e-20 2.019983718500261566e-02
1.230524004359261616e-20 5.132054743617700011e-03
1.318621401394748485e-20 4.788063037554141609e-03
1.413025990599533732e-20 4.467128430401628297e-03
1.514189325304352143e-20 4.167705449403639149e-03
1.622595287078087160e-20 3.888352211854159083e-03
1.738762400216250481e-20 3.627723481656934187e-03
1.863246311931559939e-20 3.384564191290065447e-03
1.996642450109793278e-20 3.157703397980834038e-03
2.139588871343421512e-20 2.946048644986437679e-03
2.292769312865648886e-20 2.748580700827144615e-03
2.456916462982789999e-20 2.564348651138523023e-03
2.632815465648019963e-20 2.392465319507281613e-03
2.821307675939470732e-20 2.232102995239657744e-03
3.023294684405776463e-20 2.082489447489227399e-03
3.239742629528195715e-20 1.942904206549998748e-03
3.471686818926559480e-20 1.812675094407272718e-03
3.720236681413065768e-20 1.691174987838937535e-03
3.986581073580438724e-20 1.577818798479847708e-03
4.271993966306776835e-20 1.472060655306644530e-03
4.577840538376616043e-20 1.373391275975155987e-03
4.905583706365045586e-20 1.281335514351991320e-03
5.256791122018419126e-20 1.195450072430327823e-03
5.633142670601351654e-20 1.115321365611578620e-03
6.036438506075863683e-20 1.040563531073084589e-03
6.468607661546321232e-20 9.708165696310807995e-04
6.931717276155399874e-20 9.057446121509942763e-04
7.427982482564911256e-20 8.450343021568991518e-04
7.959777002314977489e-20 7.883932868515412980e-04
8.529644499741016244e-20 7.355488092803720308e-04
9.140310748756223277e-20 6.862463948600969329e-04
9.794696670695385943e-20 6.402486259466879824e-04
1.049593230558226644e-19 5.973339985417197096e-04
1.124737178364750718e-19 5.572958556314810009e-04
1.205260936870841303e-19 5.199413920222938600e-04
1.291549665014882813e-19 4.850907258798017744e-04
1.384016096573130238e-19 4.525760325011853893e-04
1.483102514336102901e-19 4.222407361489458879e-04
1.589282865622976359e-19 3.939387560545124347e-04
1.703065029252842561e-19 3.675338029607688045e-04
1.824993244816150531e-19 3.428987228159727750e-04
1.955650715865947069e-19 3.199148844586030094e-04
2.095662399480430833e-19 2.984716083445085257e-04
2.245697995539771518e-19 2.784656335653723502e-04
2.406475150015421769e-19 2.598006205918946317e-04
2.578762887593798351e-19 2.423866873471412602e-04
2.763385290053167006e-19 2.261399763759987800e-04
2.961225437988031504e-19 2.109822510264214041e-04
3.173229634734973221e-19 1.968405186978708344e-04
3.400411932703702753e-19 1.836466793426838151e-04
3.643858983763540825e-19 1.713371975277129392e-04
3.904735236885555825e-19 1.598527964770413980e-04
4.184288507901576128e-19 1.491381726224238905e-04
4.483855948021182066e-19 1.391417292868594329e-04
4.804870439655123728e-19 1.298153282188379892e-04
5.148867450137487580e-19 1.211140577807676036e-04
5.517492376129117816e-19 1.129960166752828183e-04
5.912508413831868999e-19 1.054221121679593500e-04
6.335804992658241699e-19 9.835587183477123596e-05
6.789406812696098674e-19 9.176326792775170329e-05
7.275483529196217309e-19 8.561255351308377608e-05
7.796360130405221373e-19 7.987410959253746603e-05
8.354528058382854806e-19 7.452030247206303283e-05
8.952657125996381469e-19 6.952535069068987593e-05
9.593608287093126606e-19 6.486520086892505954e-05
1.028044732093307689e-18 6.051741187879276042e-05
1.101645949633654654e-18 5.646104677773333919e-05
1.180516528568803210e-18 5.267657198596299018e-05
1.265033720395901142e-18 4.914576322178013931e-05
1.355601785329366219e-18 4.585161774184731139e-05
1.452653925946778281e-18 4.277827246383610939e-05
1.556654359271058889e-18 3.991092757715367946e-05
1.668100537200055780e-18 3.723577527389384818e-05
1.787525525904231719e-18 3.473993325681578123e-05
1.915500555573524063e-18 3.241138270415304802e-05
2.052637752709247854e-18 3.023891039252269119e-05
2.199593068030070413e-18 2.821205469922302266e-05
2.357069413996723019e-18 2.632105522389333364e-05
2.525820026962779574e-18 2.455680578693632092e-05
2.706652070033235702e-18 2.291081057836512301e-05
2.900430493863985779e-18 2.137514324590889322e-05
3.108082173869057658e-18 1.994240872536282662e-05
3.330600343624581897e-18 1.860570762937672473e-05
3.569049345675222524e-18 1.735860302319368147e-05
3.824569722466991206e-18 1.619508942734702435e-05
4.098383671757252825e-18 1.510956389804648797e-05
4.391800892596077284e-18 1.409679904599009522e-05
4.706224849841271715e-18 1.315191786367303832e-05
5.043159487171348278e-18 1.227037023997337851e-05
5.404216420705904051e-18 1.144791104891950124e-05
5.791122647641746143e-18 1.068057970712524572e-05
6.205728806776487428e-18 9.964681101450616042e-06
6.650018030431104952e-18 9.296767795044409767e-06
7.126115430111731216e-18 8.673623426081642450e-06
7.636298261282226693e-18 8.092247219251183889e-06
8.183006815867372326e-18 7.549839535408732427e-06
8.768856094587408024e-18 7.043788389808392499e-06
9.396648314954671042e-18 6.571656873991224905e-06
1.006938631476025017e-17 6.131171420760267907e-06
1.079028791516181371e-17 5.720210855731540830e-06
1.156280131207373090e-17 5.336796182738540948e-06
1.239062156947913113e-17 4.979081053901150824e-06
1.327770829355426403e-17 4.645342878467569938e-06
1.422830457214349157e-17 4.333974527613259431e-06
1.524695727017569880e-17 4.043476595251224285e-06
1.633853877809857112e-17 3.772450177585222146e-06
1.750827031735719863e-17 3.519590136635510552e-06
1.876174691439115775e-17 3.283678815297529133e-06
2.010496416260492895e-17 3.063580173667933501e-06
2.154434690031877835e-17 2.858234318401459509e-06
2.308677994187162560e-17 2.666652398754347356e-06
2.473964100886806662e-17 2.487911844736139090e-06
2.651083601908530948e-17 2.321151924438948137e-06
2.840883690183295162e-17 2.165569599150343276e-06
3.044272212064293322e-17 2.020415656290023870e-06
3.262222009711659968e-17 1.884991101548268720e-06
3.495775574363264621e-17 1.758643792852348947e-06
3.746050032748981654e-17 1.640765299951681368e-06
4.014242490499309777e-17 1.530787974498914920e-06
4.301635758106781796e-17 1.428182216517800147e-06
4.609604486828419964e-17 1.332453924094467775e-06
4.939621743878305237e-17 1.243142114010921529e-06
5.293266058360544814e-17 1.159816701862913984e-06
5.672228971644526113e-17 1.082076430972195015e-06
6.078323128297211403e-17 1.009546940119783007e-06
6.513490946272782981e-17 9.418789607953375207e-07
6.979813907830639116e-17 8.787466352814107354e-07
7.479522515621797661e-17 8.198459474732804941e-07
8.015006961565380828e-17 7.648932588778679923e-07
8.588828559546223925e-17 7.136239427418441206e-07
9.203731996618192943e-17 6.657911097314679882e-07
9.862658461312790557e-17 6.211644190276515765e-07
1.056875971184804998e-16 5.795289691110191998e-07
1.132541315152812631e-16 5.406842628955076339e-07
1.213623798344241646e-16 5.044432422270419310e-07
1.300511252173409984e-16 4.706313870979218014e-07
1.393619274224143551e-16 4.390858752391076221e-07
1.493393216124253312e-16 4.096547980434187563e-07
1.600310313738701646e-16 3.821964290438815322e-07
1.714881969870540985e-16 3.565785414245610064e-07
1.837656200388172331e-16 3.326777712773146158e-07
1.969220255479173522e-16 3.103790235382292525e-07
2.110203428568596581e-16 2.895749177429751224e-07
2.261280066337279297e-16 2.701652709321143736e-07
2.423172794237600920e-16 2.520566152162652973e-07
2.596655972934872501e-16 2.351617476779409052e-07
2.782559402207125830e-16 2.193993104425976685e-07
2.981772290019673516e-16 2.046933988967054009e-07
3.195247505759213599e-16 1.909731961662116028e-07
3.424006137971425646e-16 1.781726320951981705e-07
3.669142378402494213e-16 1.662300650825442320e-07
3.931828755705770148e-16 1.550879852444611108e-07
4.213321743847289111e-16 1.446927374734686895e-07
4.514967772036101949e-16 1.349942630601936540e-07
4.838209664925956966e-16 1.259458586337562411e-07
5.184593543892912659e-16 1.175039512599221966e-07
5.555776222398877907e-16 1.096278886139853295e-07
5.953533130814370258e-16 1.022797432179586710e-07
6.379766808606281880e-16 9.542412979936772932e-08
6.836516004510238108e-16 8.902803489213056867e-08
7.325965428215229847e-16 8.306065785896186275e-08
7.850456200204509295e-16 7.749326256973604100e-08
8.412497049736118796e-16 7.229903902156630614e-08
9.014776314524917589e-16 6.745297423421894352e-08
9.660174799522645741e-16 6.293173179915986361e-08
1.035177955630176174e-15 5.871353950219549217e-08
1.109289864895222854e-15 5.477808447855086727e-08
1.188707697711903385e-15 5.110641539549901042e-08
1.273811323186478438e-15 4.768085119150179866e-08
1.365007806546013811e-15 4.448489593238747193e-08
1.462733356201129863e-15 4.150315937455507632e-08
1.567455410205594972e-15 3.872128285267346902e-08
1.679674872092653180e-15 3.612587013498458027e-08
1.799928506782476492e-15 3.370442291324210221e-08
1.928791508020777625e-15 3.144528061663419327e-08
2.066880249629082065e-15 2.933756425986391568e-08
2.214855233726359153e-15 2.737112405498293077e-08
2.373424250023866043e-15 2.553649053470331739e-08
2.543345761304648315e-15 2.382482895181919598e-08
2.725432531281027804e-15 2.222789673514692151e-08
2.920555512182745280e-15 2.073800379711144695e-08
3.129648010670750527e-15 1.934797550183797819e-08
3.353710152002928677e-15 1.805111811542170411e-08
3.593813663804625706e-15 1.684118657199829016e-08
3.851107002325569170e-15 1.571235440039275113e-08
4.126820845702951703e-15 1.465918566652683163e-08
4.422273980505897332e-15 1.367660879647260575e-08
4.738879609717651175e-15 1.275989215409592143e-08
5.078152112327670876e-15 1.190462125568371409e-08
5.441714286865887813e-15 1.110667751183025728e-08
5.831305113526219073e-15 1.036221839421393172e-08
6.248788072006888048e-15 9.667658931756563609e-09
6.696160054853215388e-15 9.019654447059406571e-09
7.175560918936921598e-15 8.415084449982476211e-09
7.689283720758306254e-15 7.851037610805954036e-09
8.239785684528511756e-15 5.115575741662235029e-09
8.829699955494082410e-15 9.025516771351389324e-10
9.461848194721992045e-15 1.607342121478469527e-10
1.013925407558814244e-14 3.410975911186318578e-12
1.086515774652537186e-14 1.621568462890271575e-12
1.164303132920875668e-14 7.112561693578977284e-13
1.247659552630868480e-14 5.477360808830872435e-13
1.336983741824945297e-14 4.353118658870539953e-13
1.432702953409829382e-14 3.341219930377054888e-13
1.535275028780421276e-14 2.641112070346327744e-13
1.645190587753660778e-14 2.059677157804294523e-13
1.762975375287203891e-14 1.585460409251028856e-13
1.889192776207664370e-14 1.260439735572980404e-13
2.024446509976801640e-14 9.864987630666625470e-14
2.169383518385182240e-14 8.770430007539333321e-14
2.324697059985645399e-14 7.783074070476874987e-14
2.491130026067785938e-14 6.885397957149494147e-14
2.669478494034329113e-14 6.151232786578192305e-14
2.860595535175750789e-14 5.486135884853088138e-14
3.065395295056536451e-14 5.111664056112479552e-14
3.284857366030053841e-14 4.889996938951808744e-14
3.520031472796689974e-14 4.488382363279470841e-14
3.772042493417008913e-14 4.078337227861648577e-14
4.042095839796318391e-14 3.729924603511574514e-14
4.331483223376411904e-14 3.409986630486335582e-14
4.641588833612791536e-14 3.007303749832020957e-14
4.973895958790078198e-14 2.478068139535123631e-14
5.329994080844104078e-14 2.098316514671641916e-14
5.711586478126446543e-14 1.747490697742372578e-14
6.120498372476715524e-14 1.486173750640118858e-14
6.558685659571448392e-14 1.263116364477028535e-14
7.028244264308367004e-14 1.070423696258440015e-14
7.531420165974390485e-14 9.291596459087777422e-15
8.070620141149524321e-14 7.974270344939344526e-15
8.648423275731744640e-14 6.969020083490639075e-15
9.267593301146902410e-14 6.102581806456624883e-15
9.931091813749821015e-14 5.342099621703643575e-15
1.064209244064726859e-13 4.775976054085584658e-15
1.140399601970035530e-13 4.245082882443396686e-15
1.222044686631491195e-13 3.835079924889254187e-15
1.309535020482670293e-13 3.483304367873086660e-15
1.403289084785876118e-13 3.174736102418840317e-15
1.503755321299741445e-13 2.953115405405990214e-15
1.611414277253023289e-13 2.750373161123507913e-15
1.726780903884359482e-13 2.608185469805458926e-15
1.850407019542305927e-13 2.503491081880268292e-15
1.982883949127075539e-13 2.427776295127474849e-15
2.124845352498887357e-13 2.419165135911579570e-15
2.276970255381684607e-13 2.438383338658426644e-15
2.439986297259555044e-13 2.526045302121868749e-15
2.614673211801097351e-13 2.687091114437757378e-15
2.801866556459200850e-13 2.909969950576211852e-15
3.002461709085555437e-13 3.321415259050479196e-15
3.217418150676378255e-13 3.867991051622738724e-15
3.447764054734471086e-13 3.920564761345602527e-15
3.694601205199309793e-13 3.710692985531717305e-15
3.959110266468466874e-13 3.529688524774894833e-15
4.242556430717786025e-13 3.354844615116947305e-15
4.546295469532408588e-13 3.188049661521921603e-15
4.871780218794640886e-13 3.043421075671938174e-15
5.220567527846986258e-13 2.903597235395150478e-15
5.594325706169389067e-13 2.770378318202866953e-15
5.994842503189420589e-13 2.654305271500700979e-15
6.424033659394204115e-13 2.542020197957464976e-15
6.883952069645510000e-13 2.435203083263434386e-15
7.376797602527745467e-13 2.341747749772693527e-15
7.904927622696436052e-13 2.251316464423239646e-15
8.470868266557420101e-13 2.165455264019933759e-15
9.077326525210241876e-13 2.099986528729759077e-15
9.727203192450557841e-13 2.069220110348423795e-15
1.042360673976403371e-12 2.086622708487793362e-15
1.116986818467824834e-12 2.113090816066232720e-15
1.196955702359045318e-12 2.158124811490352283e-15
1.282649830528062465e-12 2.228921987366122391e-15
1.374479092677539432e-12 2.290251208131985531e-15
1.472882723907504880e-12 2.361484113349013832e-15
1.578331405652119674e-12 2.447908311056729552e-15
1.691329517029650470e-12 2.562874917906184158e-15
1.812417547374239409e-12 2.704403748761535750e-15
1.942174681489028610e-12 2.880774396645533543e-15
2.081221569986341573e-12 3.052218422825592885e-15
2.230223297965940709e-12 3.315862324551798600e-15
2.389892566231052571e-12 3.732140957102250181e-15
2.560993100258462183e-12 4.273428234040230038e-15
2.744343303228368279e-12 5.653627200051059849e-15
2.940820170587066642e-12 8.482585636789473816e-15
3.151363484866482715e-12 8.953536957762207992e-15
3.376980310825094761e-12 8.284308104477714379e-15
3.618749812411284068e-12 7.622707450976873312e-15
3.877828414589461599e-12 7.032683794758802454e-15
4.155455334718879720e-12 6.520758447119796419e-15
4.452958509942660055e-12 6.048530428297222847e-15
4.771760948938750295e-12 5.644060706725360602e-15
5.113387538414331115e-12 5.242304815410975950e-15
5.479472336900292857e-12 4.879505316709929709e-15
5.871766390733261268e-12 4.542379682801935647e-15
6.292146109610350533e-12 4.213195350424501000e-15
6.742622241778348855e-12 3.898382068340234757e-15
7.225349491787221187e-12 3.576664136958020676e-15
7.742636826811278356e-12 3.266545372636304361e-15
8.296958520834915573e-12 3.016711698087225845e-15
8.890965989529167884e-12 2.799138249309978517e-15
9.527500472427299281e-12 2.659618046814107503e-15
1.020960662306047575e-11 2.521836911483303973e-15
1.094054707205743563e-11 2.394031120262770522e-15
1.172381803286599698e-11 2.273196582799014338e-15
1.256316602474121465e-11 2.153303130072269059e-15
1.346260579298911089e-11 2.118930126727606050e-15
1.442643951218158857e-11 2.086493492985767402e-15
1.545927736419478648e-11 2.055001861511876108e-15
1.656605958949915292e-11 2.024122170039668114e-15
1.775208011717635905e-11 1.992700749967241447e-15
1.902301188668945834e-11 1.963337300513362044e-15
2.038493398252464305e-11 1.933290596538949884e-15
2.184436071149428453e-11 1.904099051928798529e-15
2.340827276178294180e-11 1.875495052085476382e-15
2.508415059277541164e-11 1.846368590774027482e-15
2.688001021537607388e-11 1.819169580570118860e-15
2.880444153396297780e-11 1.791336723135629638e-15
3.086664943337274763e-11 1.764277271565674567e-15
3.307649780744242651e-11 1.754355679034920548e-15
3.544455673970435870e-11 1.754355679034916209e-15
3.798215306190736328e-11 1.754355679034916209e-15
4.070142453219439030e-11 1.754355679034916209e-15
4.361537789208005370e-11 1.754355679034916209e-15
4.673795107992463815e-11 1.754355679034916209e-15
5.008407989848212633e-11 1.754355679034916209e-15
5.366976945540476088e-11 1.754355679034916209e-15
5.751217071841613559e-11 1.754355679034916209e-15
6.162966255132942021e-11 1.754355679034916209e-15
6.604193962330305492e-11 1.773569887817699298e-15
7.077010661181889402e-11 1.804405482174585897e-15
7.583677914997190516e-11 1.834711416538472361e-15
8.126619200091945632e-11 1.866260378978221610e-15
8.708431497690723795e-11 1.898150209991770850e-15
9.331897715733239374e-11 1.930409653106848417e-15
1.000000000000000036e-10 1.963980877422840584e-15
1.071593399822671105e-10 1.996960988339552941e-15
1.148312414543511091e-10 2.031293990641137620e-15
1.230524004359261670e-10 2.066012979935268120e-15
1.318621401394748443e-10 2.168687412543692852e-15
1.413025990599533532e-10 2.312084638862450195e-15
1.514189325304352123e-10 2.464422814169970618e-15
1.622595287078087076e-10 2.627175195853123785e-15
1.738762400216250594e-10 2.800590450034495639e-15
1.863246311931559793e-10 3.064878524795560077e-15
1.996642450109793491e-10 3.388822020477405745e-15
2.139588871343421585e-10 3.903261402812019326e-15
2.292769312865648853e-10 4.478265059937060138e-15
2.456916462982789899e-10 5.141083020613689371e-15
2.632815465648020194e-10 6.021410176636510218e-15
2.821307675939470829e-10 1.809068178139660765e-14
3.023294684405776500e-10 7.818413109528761770e-13
3.239742629528195362e-10 1.299353206240942155e-12
3.471686818926559480e-10 1.275373670299739785e-12
3.720236681413065882e-10 1.252187796227595239e-12
3.986581073580438573e-10 1.228630665102346321e-12
4.271993966306776759e-10 1.208142787796878811e-12
4.577840538376616389e-10 1.187559549538051923e-12
4.905583706365045079e-10 1.168082255155304711e-12
5.256791122018419363e-10 1.150170083770781805e-12
5.633142670601351570e-10 1.132441913150016198e-12
6.036438506075863727e-10 1.117081193605106476e-12
6.468607661546321281e-10 1.102336327004648208e-12
6.931717276155400591e-10 1.089693209647144551e-12
7.427982482564910591e-10 1.078680959382393182e-12
7.959777002314977302e-10 8.510352490487881996e-13
8.529644499741016897e-10 4.847105559259676254e-13
9.140310748756222567e-10 4.927291050778993606e-13
9.794696670695386702e-10 5.009791067931866891e-13
1.049593230558226566e-09 5.028785001858760426e-13
1.124737178364750820e-09 5.049138776091488174e-13
1.205260936870841382e-09 5.070949746220759580e-13
1.291549665014882642e-09 5.099067530636345874e-13
1.384016096573130248e-09 5.137154880972269028e-13
1.483102514336102888e-09 5.177969034208978173e-13
1.589282865622976354e-09 5.221705211436787191e-13
1.703065029252842681e-09 5.326076433321303491e-13
1.824993244816150426e-09 5.461187926481652427e-13
1.955650715865947201e-09 5.605972510792468216e-13
2.095662399480431023e-09 5.761281466526922118e-13
2.245697995539771820e-09 5.929723418060619333e-13
2.406475150015421802e-09 6.110224701577380797e-13
2.578762887593798338e-09 6.303648685653462013e-13
2.763385290053166843e-09 6.497407182169471499e-13
2.961225437988031301e-09 6.687003772460216286e-13
3.173229634734972923e-09 6.890174227244660745e-13
3.400411932703702658e-09 7.107890345630643302e-13
3.643858983763540549e-09 7.323101267695528989e-13
3.904735236885556006e-09 7.548971491128445673e-13
4.184288507901576389e-09 7.791012531775630251e-13
4.483855948021181537e-09 8.044243567798341329e-13
4.804870439655124486e-09 8.282210756565440095e-13
5.148867450137486764e-09 8.537214825422618701e-13
5.517492376129117327e-09 8.810475502537897216e-13
5.912508413831868730e-09 9.086309513315352904e-13
6.335804992658241346e-09 9.365756090230964694e-13
6.789406812696098514e-09 9.665209197656771518e-13
7.275483529196217426e-09 9.986101171130657002e-13
7.796360130405220179e-09 1.029714628508353187e-12
8.354528058382853774e-09 1.062600066850920314e-12
8.952657125996383190e-09 1.097839885529090760e-12
9.593608287093127636e-09 1.134324524184735296e-12
1.028044732093307633e-08 1.169390491783751911e-12
1.101645949633654618e-08 1.206966951221253932e-12
1.180516528568803195e-08 1.247233637143185472e-12
1.265033720395901288e-08 1.287735161935694759e-12
1.355601785329366180e-08 1.329384473929102307e-12
1.452653925946778308e-08 1.374015601768393323e-12
1.556654359271058976e-08 1.421842023787619274e-12
1.668100537200055567e-08 1.467228432273457387e-12
1.787525525904231731e-08 1.515702480027717166e-12
1.915500555573523965e-08 1.567646949663870782e-12
2.052637752709247872e-08 1.620933057881209849e-12
2.199593068030070361e-08 1.673219667315692874e-12
2.357069413996722963e-08 1.729249652884790698e-12
2.525820026962779361e-08 1.789291015612795272e-12
2.706652070033235904e-08 1.848615779799042044e-12
2.900430493863985545e-08 1.909989242707322875e-12
3.108082173869057568e-08 1.975756640484098218e-12
3.330600343624581534e-08 2.045669225274470950e-12
3.569049345675222564e-08 2.112493483132875735e-12
3.824569722466991391e-08 2.184101916801990516e-12
4.098383671757252978e-08 2.260837041693453703e-12
4.391800892596076684e-08 2.338677424235999765e-12
4.706224849841271613e-08 2.416122593582717757e-12
5.043159487171348308e-08 2.499112325902809447e-12
5.404216420705903810e-08 2.588043575310069935e-12
5.791122647641746715e-08 2.675610493203861501e-12
6.205728806776488264e-08 2.767410938783924013e-12
6.650018030431131446e-08 2.865783690368305361e-12
7.126115430111760029e-08 2.968752148705923063e-12
7.636298261282257470e-08 3.066079218431322157e-12
8.183006815867406728e-08 3.170374263973140803e-12
8.768856094587444340e-08 3.282136146409957974e-12
9.396648314954709559e-08 3.396265822505786345e-12
1.006938631476029101e-07 3.513352261108595233e-12
1.079028791516185746e-07 3.638821315924106864e-12
1.156280131207377727e-07 3.773273126946399120e-12
1.239062156947918083e-07 3.898846349431505993e-12
1.327770829355431833e-07 4.031144462916502279e-12
1.422830457214354928e-07 4.172914248136014595e-12
1.524695727017576091e-07 4.320505393338849737e-12
1.633853877809863782e-07 4.465874587518715422e-12
1.750827031735726827e-07 4.621651256539400043e-12
1.876174691439123394e-07 4.788580506908326582e-12
2.010496416260501098e-07 4.954748771340365730e-12
2.154434690031886683e-07 5.124926619326074671e-12
2.308677994187171967e-07 5.307288078023585656e-12
2.473964100886816552e-07 5.502705413545872407e-12
2.651083601908541548e-07 5.687613254792572684e-12
2.840883690183307039e-07 5.885535755998080443e-12
3.044272212064305695e-07 6.097628201966297487e-12
3.262222009711673251e-07 6.315651873488696921e-12
3.495775574363278632e-07 6.532052387057064962e-12
3.746050032748996951e-07 6.763945749115165587e-12
4.014242490499326039e-07 7.012441145359314627e-12
4.301635758106799673e-07 7.254667322734671679e-12
4.609604486828438725e-07 7.504720522019886615e-12
4.939621743878326255e-07 7.772675879978464466e-12
5.293266058360566796e-07 8.057203705962038919e-12
5.672228971644549341e-07 8.334623337496729032e-12
6.078323128297236501e-07 8.631904383630540893e-12
6.513490946272809577e-07 8.950468790559912374e-12
6.979813907830666803e-07 9.267391158311036229e-12
7.479522515621828447e-07 9.576854038934303151e-12
8.015006961565413838e-07 9.908472419300306206e-12
8.588828559546258306e-07 1.026383248696040008e-11
9.203731996618230385e-07 1.060258678104322375e-11
9.862658461312830882e-07 1.095614481877103288e-11
1.056875971184804981e-06 1.133501527845440681e-11
1.132541315152812586e-06 1.173140006958329572e-11
1.213623798344241863e-06 1.211272153457319123e-11
1.300511252173409911e-06 1.252134309966707335e-11
1.393619274224143468e-06 1.294759827025444715e-11
1.493393216124253301e-06 1.335955592416673927e-11
1.600310313738701654e-06 1.380100702710558409e-11
1.714881969870540874e-06 1.427406311535928918e-11
1.837656200388172474e-06 1.478098689727788819e-11
1.969220255479173340e-06 1.532420307619500682e-11
2.110203428568596572e-06 1.590630994819948375e-11
2.261280066337279372e-06 1.653009183023090010e-11
2.423172794237600507e-06 1.719853237794473348e-11
2.596655972934872394e-06 1.787554704112647210e-11
2.782559402207125977e-06 1.850383741627302014e-11
2.981772290019673234e-06 1.917710923545216659e-11
3.195247505759213607e-06 1.978681640483206384e-11
3.424006137971425541e-06 2.037857199521661931e-11
3.669142378402493899e-06 2.101269338018087949e-11
3.931828755705770305e-06 2.169221367099499243e-11
4.213321743847289341e-06 2.242038312967697856e-11
4.514967772036101769e-06 2.320068471555303998e-11
4.838209664925956952e-06 2.403685074484899258e-11
5.184593543892912765e-06 2.493288074299846411e-11
5.555776222398877724e-06 2.589306057505855924e-11
5.953533130814370033e-06 2.692198294573699713e-11
6.379766808606282652e-06 2.802456936708590673e-11
6.836516004510238809e-06 2.920609369893749834e-11
7.325965428215230423e-06 3.047220737467955593e-11
7.850456200204509316e-06 3.182896643302996100e-11
8.412497049736117495e-06 3.325042157591057409e-11
9.014776314524917239e-06 3.476441076035251405e-11
9.660174799522645609e-06 3.638679157780340879e-11
1.035177955630176194e-05 3.812532415378268940e-11
1.109289864895222712e-05 3.998832418757880167e-11
1.188707697711903343e-05 4.172889714647103991e-11
1.273811323186478452e-05 4.348779930073080372e-11
1.365007806546013744e-05 4.537262724016945312e-11
1.462733356201129868e-05 4.770481304382596784e-11
1.567455410205594862e-05 5.072283995587570295e-11
1.679674872092653225e-05 5.395693767531541186e-11
1.799928506782476521e-05 5.742257544584854132e-11
1.928791508020777896e-05 6.117225906639730868e-11
2.066880249629082024e-05 6.560720168872700526e-11
2.214855233726359179e-05 7.035965693140777214e-11
2.373424250023866352e-05 7.545235660241714319e-11
2.543345761304648090e-05 8.090965995714985272e-11
2.725432531281027978e-05 8.683891977985398790e-11
2.920555512182745176e-05 9.487058663499188583e-11
3.129648010670750265e-05 1.034772678265321483e-10
3.353710152002928861e-05 1.127001305857646614e-10
3.593813663804625562e-05 1.237840163080571331e-10
3.851107002325568519e-05 1.383838832041105808e-10
4.126820845702951608e-05 1.559454639065527152e-10
4.422273980505896747e-05 1.764777508985218394e-10
4.738879609717651056e-05 2.026158995982529093e-10
5.078152112327670659e-05 2.371448119116285538e-10
5.441714286865887681e-05 2.626539847875698199e-10
5.831305113526218489e-05 2.899380439872979351e-10
6.248788072006888211e-05 3.214572498536721597e-10
6.696160054853215278e-05 3.614704316118648691e-10
7.175560918936921718e-05 4.074494918024242045e-10
7.689283720758305352e-05 4.654829559741460096e-10
8.239785684528511741e-05 5.366261794787976103e-10
8.829699955494083421e-05 6.210832232262513669e-10
9.461848194721991974e-05 7.329052974147328736e-10
1.013925407558818393e-04 8.623896681036834155e-10
1.086515774652541767e-04 1.026873057639696965e-09
1.164303132920880407e-04 1.220684213484300329e-09
1.247659552630873709e-04 1.444162738951888658e-09
1.336983741824950673e-04 1.701506580583833502e-09
1.432702953409835237e-04 1.980737326988209151e-09
1.535275028780427376e-04 2.282768363590698500e-09
1.645190587753667501e-04 2.431122368797718816e-09
1.762975375287211151e-04 2.466647202206336256e-09
1.889192776207672072e-04 2.496136960465554339e-09
2.024446509976810026e-04 2.527737990778499111e-09
2.169383518385191098e-04 2.561601446289446414e-09
2.324697059985655033e-04 2.597889301710166339e-09
2.491130026067796179e-04 2.636775128072729233e-09
2.669478494034329156e-04 2.678444922949502005e-09
2.860595535175750569e-04 2.723098000111415871e-09
3.065395295056536117e-04 2.770947942879896052e-09
3.284857366030053674e-04 2.822223625732491302e-09
3.520031472796689674e-04 2.877170309048733029e-09
3.772042493417008938e-04 2.936050812232564298e-09
4.042095839796318421e-04 2.999146770822595770e-09
4.331483223376411782e-04 3.066759983603157575e-09
4.641588833612791411e-04 3.139213856159614024e-09
4.973895958790078026e-04 3.216854947782705184e-09
5.329994080844103772e-04 3.282645632461651250e-09
5.711586478126446688e-04 3.336414192422624153e-09
6.120498372476715094e-04 3.389998197338047923e-09
6.558685659571448535e-04 3.444552437872256724e-09
7.028244264308367191e-04 3.500681364098141246e-09
7.531420165974390740e-04 3.556000681544069360e-09
8.070620141149523630e-04 3.613485595595857921e-09
8.648423275731744212e-04 3.670896919022589471e-09
9.267593301146902305e-04 3.717168852385385754e-09
9.931091813749821397e-04 3.764091657803339090e-09
1.064209244064726750e-03 3.814373826390381330e-09
1.140399601970035507e-03 3.868255866377027133e-09
1.222044686631491069e-03 3.925995504795697992e-09
1.309535020482670373e-03 3.987868920233293005e-09
1.403289084785876075e-03 4.054172063840705821e-09
1.503755321299741435e-03 4.125222074917904587e-09
1.611414277253023089e-03 4.201358797845558553e-09
1.726780903884359529e-03 4.282946407618959277e-09
1.850407019542305801e-03 4.359960836580465877e-09
1.982883949127075499e-03 4.428711980546727334e-09
2.124845352498887056e-03 4.496495645732640765e-09
2.276970255381684672e-03 4.566913526279421540e-09
2.439986297259555403e-03 4.637217980737681258e-09
2.614673211801097578e-03 4.708598888461859173e-09
2.801866556459201279e-03 4.782124168117621259e-09
3.002461709085555569e-03 4.854676666699588527e-09
3.217418150676378159e-03 4.930050451497658153e-09
3.447764054734471159e-03 5.005312767314642607e-09
3.694601205199309849e-03 4.807000242831932112e-09
3.959110266468467143e-03 4.389638261243441322e-09
4.242556430717785848e-03 4.863084946660786068e-09
4.546295469532409157e-03 5.318544751282797467e-09
4.871780218794641293e-03 5.399057741532001804e-09
5.220567527846985481e-03 5.480751063852763572e-09
5.594325706169389276e-03 5.564995752437794741e-09
5.994842503189420913e-03 5.647863374216769371e-09
6.424033659394204170e-03 5.526063911491944816e-09
6.883952069645510319e-03 4.776831725194248547e-09
7.376797602527745620e-03 4.899630832645992107e-09
7.904927622696436909e-03 5.683440577281560738e-09
8.470868266557419687e-03 5.965962138491144769e-09
9.077326525210241762e-03 6.178166497878769867e-09
9.727203192450557465e-03 6.270260980483120667e-09
1.042360673976403321e-02 1.065212912050902659e-08
1.116986818467824959e-02 1.226199145482729268e-08
1.196955702359045297e-02 1.321895582058872224e-08
1.282649830528062584e-02 1.381955457237488993e-08
1.374479092677539406e-02 1.446315223073068033e-08
1.472882723907504784e-02 1.507814691389029802e-08
1.578331405652119712e-02 1.489259623897561564e-08
1.691329517029650439e-02 1.469376136040440177e-08
1.812417547374239532e-02 1.448069121687294422e-08
1.942174681489028387e-02 1.425236665736536779e-08
2.081221569986341571e-02 1.390723036666333658e-08
2.230223297965940737e-02 1.353254012980943542e-08
2.389892566231052728e-02 1.313102454501880005e-08
2.560993100258461899e-02 1.273339647274113105e-08
2.744343303228368239e-02 1.245034495889530402e-08
2.940820170587066587e-02 1.214702882484830089e-08
3.151363484866482462e-02 1.182806622241985008e-08
3.376980310825095088e-02 1.159836192722178298e-08
3.618749812411284350e-02 1.135221232057661688e-08
3.877828414589461203e-02 1.108844002672671123e-08
4.155455334718879262e-02 1.078420171989079588e-08
4.452958509942660237e-02 1.041799797149526220e-08
4.771760948938750385e-02 1.002557645172428749e-08
5.113387538414330968e-02 9.614951123533284821e-09
5.479472336900292895e-02 9.358677093658253668e-09
5.871766390733261509e-02 9.084055534698211656e-09
6.292146109610349813e-02 8.789772884667620078e-09
6.742622241778349623e-02 8.502982341277021714e-09
7.225349491787221023e-02 8.273115536421132408e-09
7.742636826811277739e-02 8.026791785499235491e-09
8.296958520834915585e-02 7.762832879791766970e-09
8.890965989529167612e-02 7.532262944907417386e-09
9.527500472427299916e-02 7.325838428010929075e-09
1.020960662306047567e-01 7.104635278143068497e-09
1.094054707205743548e-01 6.867595442724684235e-09
1.172381803286599716e-01 6.679454663972157495e-09
1.256316602474121524e-01 6.488358954863559160e-09
1.346260579298911020e-01 6.283582054248351815e-09
1.442643951218158804e-01 6.075755619718566320e-09
1.545927736419478449e-01 5.915613370803880098e-09
1.656605958949915192e-01 5.744005993834143050e-09
1.775208011717636092e-01 5.560112661312491618e-09
1.902301188668945875e-01 5.390816795721933144e-09
2.038493398252464173e-01 5.243619899778472866e-09
2.184436071149428449e-01 5.085884677611075075e-09
2.340827276178294447e-01 4.916856654616930183e-09
2.508415059277541159e-01 4.778766234162642905e-09
2.688001021537607671e-01 4.645517347879778806e-09
2.880444153396297668e-01 4.502728720805339639e-09
3.086664943337274480e-01 4.353425056460114324e-09
3.307649780744242318e-01 4.271534997035784187e-09
3.544455673970435816e-01 4.183782149845585712e-09
3.798215306190736440e-01 4.089746777980922015e-09
4.070142453219439127e-01 3.980117963900686929e-09
4.361537789208005944e-01 3.830589099706811029e-09
4.673795107992463338e-01 3.670354955753674546e-09
5.008407989848212560e-01 3.498649104667256418e-09
5.366976945540475885e-01 3.356308834299676886e-09
5.751217071841613349e-01 3.228768651540926423e-09
6.162966255132942273e-01 3.092097433484472306e-09
6.604193962330304757e-01 3.027444273104153486e-09
7.077010661181889484e-01 2.975574189427567591e-09
7.583677914997191127e-01 2.919990550111488783e-09
8.126619200091945716e-01 2.858047052252978558e-09
8.708431497690723999e-01 2.783815527717781549e-09
9.331897715733238341e-01 2.704269515967090169e-09
1.000000000000000000e+00 2.619028534792832606e-09
1.071593399822671211e+00 2.542372417194747033e-09
1.148312414543511073e+00 2.473446359047186671e-09
1.230524004359261570e+00 2.399585650060467153e-09
1.318621401394748593e+00 2.320437001804074896e-09
1.413025990599533710e+00 2.258468390357950439e-09
1.514189325304351907e+00 2.196889388085329401e-09
1.622595287078087090e+00 2.130901735682323635e-09
1.738762400216250503e+00 2.063013157425332005e-09
1.863246311931559873e+00 2.010386607666216316e-09
1.996642450109793465e+00 1.953992344288909010e-09
2.139588871343421683e+00 1.893560623865924644e-09
2.292769312865648779e+00 1.837051668439507204e-09
2.456916462982789984e+00 1.788137266757774835e-09
2.632815465648020048e+00 1.735720916759355386e-09
2.821307675939470627e+00 1.679551902058254329e-09
3.023294684405776422e+00 1.633208442031107529e-09
3.239742629528195472e+00 1.589148544589981531e-09
3.471686818926559503e+00 1.541934249295207355e-09
3.720236681413065849e+00 1.491605861925775671e-09
3.986581073580438783e+00 1.455360552803232375e-09
4.271993966306776969e+00 1.416520318772982576e-09
4.577840538376616308e+00 1.374899380338598946e-09
4.905583706365045593e+00 1.334001430585042416e-09
5.256791122018419138e+00 1.298590522539415943e-09
5.633142670601351654e+00 1.260644427195995229e-09
6.036438506075863408e+00 1.219981641876943767e-09
6.468607661546320386e+00 1.185345866093249803e-09
6.931717276155400675e+00 1.154182345619527924e-09
7.427982482564910782e+00 1.120787722764648736e-09
7.959777002314977423e+00 1.085002265323792959e-09
8.529644499741015906e+00 1.057990277737890350e-09
9.140310748756222736e+00 1.030270477126171343e-09
9.794696670695385521e+00 1.000566121746252588e-09
1.049593230558226686e+01 9.706690162727118525e-10
1.124737178364750712e+01 9.464792649783356811e-10
1.205260936870841348e+01 9.205576871479301771e-10
1.291549665014882642e+01 8.927802954318779909e-10
1.384016096573130206e+01 8.677713363515338609e-10
1.483102514336102828e+01 8.458839191193752144e-10
1.589282865622976360e+01 8.224295072742289622e-10
1.703065029252842777e+01 7.972959143442475317e-10
1.824993244816150550e+01 7.766608513633957361e-10
1.955650715865947120e+01 7.561933019305150268e-10
2.095662399480430693e+01 7.342604110476958715e-10
2.245697995539771696e+01 7.114867493382015249e-10
2.406475150015421605e+01 6.942045531274531026e-10
2.578762887593798325e+01 6.756850657335745889e-10
2.763385290053167154e+01 6.558397052741951847e-10
2.961225437988031572e+01 6.371069225303404435e-10
3.173229634734973104e+01 6.210707897807112250e-10
3.400411932703702433e+01 6.038865757675284974e-10
3.643858983763540493e+01 5.854720854498616886e-10
3.904735236885556304e+01 5.704356485797074230e-10
4.184288507901575827e+01 5.564926301300614740e-10
4.483855948021181348e+01 5.415513835858151360e-10
4.804870439655124414e+01 5.255404424038774596e-10
5.148867450137487367e+01 5.131553147853986708e-10
5.517492376129117559e+01 4.999293113655547090e-10
5.912508413831869092e+01 4.857564133948178060e-10
6.335804992658241019e+01 4.719455150971797489e-10
6.789406812696098825e+01 4.606443661862484247e-10
7.275483529196218058e+01 4.485341296028812319e-10
7.796360130405220445e+01 4.355568800098539456e-10
8.354528058382854283e+01 4.242294070504224148e-10
8.952657125996383058e+01 4.139585601890735649e-10
9.593608287093127274e+01 4.029523884818627412e-10
1.028044732093307658e+02 3.911582475231005916e-10
1.101645949633654737e+02 3.820088156796929671e-10
1.180516528568803096e+02 3.726607633037608738e-10
1.265033720395901184e+02 3.626434520765153989e-10
1.355601785329366180e+02 3.525488072721071917e-10
1.452653925946778202e+02 3.445976135550778597e-10
1.556654359271058752e+02 3.360771668471976822e-10
1.668100537200055840e+02 3.269467123914924940e-10
1.787525525904231927e+02 3.185995626382760928e-10
1.915500555573524082e+02 3.112143597738978701e-10
2.052637752709247820e+02 3.033004251280786898e-10
2.199593068030070242e+02 2.948199049949909169e-10
2.357069413996723029e+02 2.879980737253326617e-10
2.525820026962779536e+02 2.813164036443379108e-10
2.706652070033235873e+02 2.741563700857513049e-10
2.900430493863985930e+02 2.666971551988089954e-10
3.108082173869057669e+02 2.609420140968598692e-10
3.330600343624581683e+02 2.547748428769629587e-10
3.569049345675222185e+02 2.481661429021451385e-10
3.824569722466991379e+02 2.419677527365764572e-10
4.098383671757252955e+02 2.367480374788117472e-10
4.391800892596077119e+02 2.311546250596373946e-10
4.706224849841271975e+02 2.251607612287639790e-10
5.043159487171348587e+02 2.200785101437881696e-10
5.404216420705903374e+02 2.152454834711222074e-10
5.791122647641745971e+02 2.100664439875264463e-10
6.205728806776487545e+02 2.045166194594841753e-10
6.650018030431104989e+02 2.004488373308405640e-10
7.126115430111731257e+02 1.960974390936443949e-10
7.636298261282225894e+02 1.914345094626650096e-10
8.183006815867372552e+02 1.869009373836555319e-10
8.768856094587408734e+02 1.831636006351132305e-10
9.396648314954671832e+02 1.791586952424606038e-10
1.006938631476025080e+03 1.748670650567797888e-10
1.079028791516181400e+03 1.711155377880818029e-10
1.156280131207372960e+03 1.676712356131606538e-10
1.239062156947913081e+03 1.639803441355202603e-10
1.327770829355426258e+03 1.600252091886190829e-10
1.422830457214349053e+03 1.570589839712465880e-10
1.524695727017569880e+03 1.540133838682526773e-10
1.633853877809857067e+03 1.507497388993851697e-10
1.750827031735719856e+03 1.474755397897883856e-10
1.876174691439115577e+03 1.448134273137407234e-10
2.010496416260492879e+03 1.419607251548224568e-10
2.154434690031877835e+03 1.389037883496657585e-10
2.308677994187162767e+03 1.361569867507191160e-10
2.473964100886806591e+03 1.337175207950345850e-10
2.651083601908530909e+03 1.311034051778309193e-10
2.840883690183295585e+03 1.283021361360620901e-10
3.044272212064293399e+03 1.262061703859843380e-10
3.262222009711659666e+03 1.241550897062568524e-10
3.495775574363264695e+03 1.219571651873570774e-10
3.746050032748981721e+03 1.196802814644845269e-10
4.014242490499309497e+03 1.177491820539902467e-10
4.301635758106781395e+03 1.156798286713031427e-10
4.609604486828419795e+03 1.134623232445149042e-10
4.939621743878305097e+03 1.115206442271984192e-10
5.293266058360544775e+03 1.099981866595240476e-10
5.672228971644525700e+03 1.083667311784941148e-10
6.078323128297211042e+03 1.066184742529179174e-10
6.513490946272782821e+03 1.051428711928308270e-10
6.979813907830638527e+03 1.036926991939254442e-10
7.479522515621798448e+03 1.021387044512908048e-10
8.015006961565380152e+03 1.005209554709561939e-10
8.588828559546223914e+03 9.943013072362324486e-11
9.203731996618193079e+03 9.826121012401803157e-11
9.862658461312790678e+03 9.700860252456431805e-11
1.056875971184800801e+04 9.571223950660957560e-11
1.132541315152808056e+04 9.441936402761010296e-11
1.213623798344236820e+04 9.303392719752170830e-11
1.300511252173404500e+04 9.190750890545689979e-11
1.393619274224137735e+04 9.123394364334173707e-11
1.493393216124247192e+04 9.031019519492428314e-11
1.600310313738695186e+04 8.895292970394630597e-11
1.714881969870533794e+04 8.749849296200723016e-11
1.837656200388164871e+04 8.588534425131606948e-11
1.969220255479165280e+04 7.779672275704545483e-11
2.110203428568588060e+04 6.912900935012126893e-11
2.261280066337270182e+04 5.935239797747317901e-11
2.423172794237590642e+04 4.986618851502628344e-11
2.596655972934861711e+04 4.180292114799851536e-11
2.782559402207114545e+04 3.542322747932829532e-11
2.981772290019661159e+04 2.982287291880352884e-11
3.195247505759200430e+04 2.499962634801941628e-11
3.424006137971411954e+04 2.118252894951830221e-11
3.669142378402478789e+04 1.784448572924191182e-11
3.931828755705754156e+04 1.455001239464916561e-11
4.213321743847271864e+04 1.123885411518549221e-11
4.514967772036083625e+04 8.528714419069160695e-12
4.838209664925937250e+04 6.348845275322846869e-12
5.184593543892891466e+04 4.945186484845756994e-12
5.555776222398855316e+04 3.678763415154191879e-12
5.953533130814346077e+04 2.580711870741548684e-12
6.379766808606256382e+04 9.042103868849661354e-13
6.836516004510210769e+04 4.062328190323030895e-13
7.325965428215199790e+04 2.497042737317332324e-13
7.850456200204476772e+04 1.675810422717686964e-13
8.412497049736084591e+04 1.261263669079739534e-13
9.014776314524881309e+04 9.624732189727232041e-14
9.660174799522606190e+04 7.094851294146181239e-14
1.035177955630172073e+05 5.092119609186089439e-14
1.109289864895218197e+05 3.820825541947700789e-14
1.188707697711898363e+05 2.710667966092657924e-14
1.273811323186473310e+05 1.918201558652536911e-14
1.365007806546008214e+05 1.421631415633853297e-14
1.462733356201123970e+05 1.058750409426418942e-14
1.567455410205588560e+05 8.009879754556452652e-15
1.679674872092646256e+05 5.916865100073754881e-15
1.799928506782469049e+05 4.405643104305161620e-15
1.928791508020769979e+05 3.290103366141172637e-15
2.066880249629073660e+05 2.510776173219616712e-15
2.214855233726350125e+05 1.886196709944102463e-15
2.373424250023856584e+05 1.415582575052836078e-15
2.543345761304637708e+05 1.066770054422991405e-15
2.725432531281016418e+05 8.347735910149460726e-16
2.920555512182732928e+05 6.177987825282233950e-16
3.129648010670737713e+05 4.499468509232455493e-16
3.353710152002915274e+05 3.356978115884407654e-16
3.593813663804610842e+05 2.485337273985259985e-16
3.851107002325553331e+05 1.838431625726415593e-16
4.126820845702934894e+05 1.373561208354840253e-16
4.422273980505915242e+05 1.018063553354097160e-16
4.738879609717670246e+05 7.486675513188572449e-17
5.078152112327691284e+05 5.466035237023650572e-17
5.441714286865909817e+05 3.955458394650881105e-17
5.831305113526242785e+05 2.871827270074147566e-17
6.248788072006913135e+05 2.070161598093900890e-17
6.696160054853243055e+05 1.434322914816705897e-17
7.175560918936950620e+05 9.888921107865290659e-18
7.689283720758337295e+05 6.636248005657545402e-18
8.239785684528545244e+05 4.342305131416402395e-18
8.829699955494118622e+05 2.673304565081553521e-18
9.461848194722031476e+05 1.473702360267316839e-18
1.013925407558818464e+06 4.407613606941246553e-19
1.086515774652541615e+06 inf
1.164303132920880336e+06 inf
1.247659552630873630e+06 inf
1.336983741824950790e+06 inf
1.432702953409835231e+06 inf
1.535275028780427529e+06 inf
1.645190587753667496e+06 inf
1.762975375287211034e+06 inf
1.889192776207672199e+06 inf
2.024446509976810077e+06 inf
2.169383518385190982e+06 inf
2.324697059985654894e+06 inf
2.491130026067796163e+06 inf
2.669478494034328964e+06 inf
2.860595535175750963e+06 inf
3.065395295056536328e+06 inf
3.284857366030053701e+06 inf
3.520031472796689719e+06 inf
3.772042493417009246e+06 inf
4.042095839796318207e+06 inf
4.331483223376411945e+06 inf
4.641588833612791263e+06 inf
4.973895958790077828e+06 inf
5.329994080844104290e+06 inf
5.711586478126446716e+06 inf
6.120498372476715595e+06 inf
6.558685659571448341e+06 inf
7.028244264308366925e+06 inf
7.531420165974390693e+06 inf
8.070620141149523668e+06 inf
8.648423275731744245e+06 inf
9.267593301146902144e+06 inf
9.931091813749821857e+06 inf
1.064209244064726867e+07 inf
1.140399601970035397e+07 inf
1.222044686631491221e+07 inf
1.309535020482670330e+07 inf
1.403289084785876051e+07 inf
1.503755321299741417e+07 inf
1.611414277253023162e+07 inf
1.726780903884359449e+07 inf
1.850407019542305917e+07 inf
1.982883949127075449e+07 inf
2.124845352498887107e+07 inf
2.276970255381684750e+07 inf
2.439986297259555012e+07 inf
2.614673211801097542e+07 inf
2.801866556459201127e+07 inf
3.002461709085555375e+07 inf
3.217418150676378235e+07 inf
3.447764054734471440e+07 inf
3.694601205199310184e+07 inf
3.959110266468466818e+07 inf
4.242556430717785656e+07 inf
4.546295469532408565e+07 inf
4.871780218794640899e+07 inf
5.220567527846986055e+07 inf
5.594325706169389188e+07 inf
5.994842503189420700e+07 inf
6.424033659394203871e+07 inf
6.883952069645510614e+07 inf
7.376797602527745068e+07 inf
7.904927622696436942e+07 inf
8.470868266557419300e+07 inf
9.077326525210241973e+07 inf
9.727203192450557649e+07 inf
1.042360673976403326e+08 inf
1.116986818467824906e+08 inf
1.196955702359045297e+08 inf
1.282649830528062582e+08 inf
1.374479092677539587e+08 inf
1.472882723907504678e+08 inf
1.578331405652119815e+08 inf
1.691329517029650509e+08 inf
1.812417547374239564e+08 inf
1.942174681489028335e+08 inf
2.081221569986341298e+08 inf
2.230223297965940833e+08 inf
2.389892566231052577e+08 inf
2.560993100258462131e+08 inf
2.744343303228368163e+08 inf
2.940820170587067008e+08 inf
3.151363484866482615e+08 inf
3.376980310825094581e+08 inf
3.618749812411283851e+08 inf
3.877828414589461088e+08 inf
4.155455334718879461e+08 inf
4.452958509942659736e+08 inf
4.771760948938750625e+08 inf
5.113387538414331079e+08 inf
5.479472336900292635e+08 inf
5.871766390733261108e+08 inf
6.292146109610350132e+08 inf
6.742622241778348684e+08 inf
7.225349491787221432e+08 inf
7.742636826811277866e+08 inf
8.296958520834915638e+08 inf
8.890965989529167414e+08 inf
9.527500472427300215e+08 inf
1.020960662306047559e+09 inf
1.094054707205743551e+09 inf
1.172381803286599636e+09 inf
1.256316602474121571e+09 inf
1.346260579298911095e+09 inf
1.442643951218158722e+09 inf
1.545927736419478416e+09 inf
1.656605958949915171e+09 inf
1.775208011717636108e+09 inf
1.902301188668945789e+09 inf
2.038493398252464294e+09 inf
2.184436071149428368e+09 inf
2.340827276178294182e+09 inf
2.508415059277541161e+09 inf
2.688001021537607670e+09 inf
2.880444153396297932e+09 inf
3.086664943337274551e+09 inf
3.307649780744242668e+09 inf
3.544455673970435619e+09 inf
3.798215306190736294e+09 inf
4.070142453219439030e+09 inf
4.361537789208005905e+09 inf
4.673795107992463112e+09 inf
5.008407989848212242e+09 inf
5.366976945540475845e+09 inf
5.751217071841613770e+09 inf
6.162966255132942200e+09 inf
6.604193962330305099e+09 inf
7.077010661181889534e+09 inf
7.583677914997190475e+09 inf
8.126619200091945648e+09 inf
8.708431497690723419e+09 inf
9.331897715733238220e+09 inf
1.000000000000000000e+10 inf
