# DOSUE-RR 2023
# rho_DM = 0.39 GeV/cm3
# random polarisation
# https://browse.arxiv.org/pdf/2308.14656.pdf
# DP mass [eV]  kinetic mixing
0.0000411626964867454	1.0685060324987059e-10
0.000041892608639189	1.0685060324987059e-10
0.000041892608639189	1.0863536378741025e-10
0.00004226240411755457	1.0863536378741025e-10
0.00004301181669228281	1.0685060324987059e-10
0.000043391491671849954	1.0509516438131009e-10
0.000043391491671849954	1.0863536378741025e-10
0.000043391491671849954	1.1044993576334591e-10
0.00004377451812785291	1.1229481712787296e-10
0.000044160925644528025	1.1607754154953931e-10
0.000044550744067258286	1.1229481712787296e-10
0.000044944003504878654	1.1417051414861255e-10
0.00004534073433200129	1.1607754154953931e-10
0.00004574096719136226	1.1801642265222965e-10
0.00004614473299618756	1.1607754154953931e-10
0.00004655206293258149	1.1417051414861255e-10
0.000046962988461935	1.1229481712787296e-10
0.0000473775413233559	1.1417051414861255e-10
0.00004779575353611998	1.1044993576334591e-10
0.00004821765740214465	1.1417051414861255e-10
0.00004907267072984354	1.1417051414861255e-10
0.00004907267072984354	1.1607754154953931e-10
0.0000495058462311238	1.1607754154953931e-10
0.000049942845469977724	1.1801642265222965e-10
0.000050383702199396945	1.1607754154953931e-10
0.000050828450470318066	1.1801642265222965e-10
0.00005127712463425335	1.1998768951947125e-10
0.000051729759345943186	1.1998768951947125e-10
0.00005218638956603347	1.2199188310127135e-10
0.00005311177791975002	1.2199188310127135e-10
0.00005358060752861595	1.2199188310127135e-10
0.00005405357560188191	1.2402955338330193e-10
0.00005453071867070416	1.1998768951947125e-10
0.000055012073588707225	1.2402955338330193e-10
0.00005549767753483121	1.2402955338330193e-10
0.000055987568016202966	1.261012595378243e-10
0.00005648178287103332	1.3034906300958591e-10
0.00005698036027153912	1.2820757007713678e-10
0.00005748333872689247	5.241124309111672e-11
0.00005799075708619406	1.3034906300958591e-10
0.00005850265454147475	1.3252632599817839e-10
0.000059019070630722115	1.3252632599817839e-10
0.000059540045240934563	1.3034906300958591e-10
0.00006006561861120166	1.3252632599817839e-10
0.00006059583133581282	1.3034906300958591e-10
0.00006113072436739237	1.3473995652185025e-10
0.00006221471697263404	1.3252632599817839e-10
0.00006221471697263404	1.3927876015629647e-10
0.00006276390027182711	1.3699056203942124e-10
0.000063317931335517	1.4397045636221034e-10
0.000063317931335517	1.416051787939437e-10
0.00006444070830335415	1.4637524193450983e-10
0.00006500954092866273	1.4397045636221034e-10
0.00006500954092866273	1.416051787939437e-10
0.00006558339476748889	1.416051787939437e-10
0.00006616231414321366	1.3927876015629647e-10
0.00006674634377047052	1.416051787939437e-10
0.0000673355287585992	1.4397045636221034e-10
0.00006792991461512929	1.4637524193450983e-10
0.00006792991461512929	1.488201954259432e-10
0.00006852954724929619	1.5130598777438665e-10
0.00006913447297558584	1.5130598777438665e-10
0.00006913447297558584	1.5383330112461345e-10
0.00006913447297558584	1.5640282901548192e-10
0.00006974473851731299	1.616713606901076e-10
0.00007030315857904862	1.6736105690048714e-10
0.00007030315857904862	1.6418283020140097e-10
0.00007066162655290624	1.6418283020140097e-10
0.000071384055185107	1.7060080723720574e-10
0.000071384055185107	1.7557840109145464e-10
0.00007174803453034742	1.7390327217694212e-10
0.0000728511458070337	1.7224412505098055e-10
0.0000728511458070337	1.7557840109145464e-10
0.0000735959595933427	1.7897722154939822e-10
0.0000739712171927558	1.807012254459513e-10
