9.999999999999999547e-07 1.000000000000000000e+00
1.004620421346813138e-06 1.000000000000000000e+00
1.009262190987048422e-06 1.000000000000000000e+00
1.013925407558814200e-06 1.000000000000000000e+00
1.018610170155975315e-06 1.000000000000000000e+00
1.023316578330244814e-06 1.000000000000000000e+00
1.028044732093309784e-06 1.000000000000000000e+00
1.032794731918952538e-06 1.000000000000000000e+00
1.037566678745184924e-06 1.000000000000000000e+00
1.042360673976401061e-06 1.000000000000000000e+00
1.047176819485520330e-06 1.000000000000000000e+00
1.052015217616159169e-06 1.000000000000000000e+00
1.056875971184804981e-06 1.000000000000000000e+00
1.061759183482998939e-06 1.000000000000000000e+00
1.066664958279538696e-06 1.000000000000000000e+00
1.071593399822671139e-06 1.000000000000000000e+00
1.076544612842315852e-06 1.000000000000000000e+00
1.081518702552289214e-06 1.000000000000000000e+00
1.086515774652537176e-06 1.000000000000000000e+00
1.091535935331391122e-06 1.000000000000000000e+00
1.096579291267809966e-06 1.000000000000000000e+00
1.101645949633656974e-06 1.000000000000000000e+00
1.106736018095974475e-06 1.000000000000000000e+00
1.111849604819269788e-06 1.000000000000000000e+00
1.116986818467822540e-06 1.000000000000000000e+00
1.122147768207980129e-06 1.000000000000000000e+00
1.127332563710487057e-06 1.000000000000000000e+00
1.132541315152812586e-06 1.000000000000000000e+00
1.137774133221490236e-06 1.000000000000000000e+00
1.143031129114478678e-06 1.000000000000000000e+00
1.148312414543511196e-06 1.000000000000000000e+00
1.153618101736478600e-06 1.000000000000000000e+00
1.158948303439811717e-06 1.000000000000000000e+00
1.164303132920875528e-06 1.000000000000000000e+00
1.169682703970384701e-06 1.000000000000000000e+00
1.175087130904807464e-06 1.000000000000000000e+00
1.180516528568805485e-06 1.000000000000000000e+00
1.185971012337670574e-06 1.000000000000000000e+00
1.191450698119774729e-06 1.000000000000000000e+00
1.196955702359042833e-06 1.000000000000000000e+00
1.202486142037412225e-06 1.000000000000000000e+00
1.208042134677328912e-06 1.000000000000000000e+00
1.213623798344241863e-06 1.000000000000000000e+00
1.219231251649109383e-06 1.000000000000000000e+00
1.224864613750930682e-06 1.000000000000000000e+00
1.230524004359261563e-06 1.000000000000000000e+00
1.236209543736769070e-06 1.000000000000000000e+00
1.241921352701784664e-06 1.000000000000000000e+00
1.247659552630868398e-06 1.000000000000000000e+00
1.253424265461399568e-06 1.000000000000000000e+00
1.259215613694150849e-06 1.000000000000000000e+00
1.265033720395903716e-06 1.000000000000000000e+00
1.270878709202059429e-06 1.000000000000000000e+00
1.276750704319264407e-06 1.000000000000000000e+00
1.282649830528059960e-06 1.000000000000000000e+00
1.288576213185518045e-06 1.000000000000000000e+00
1.294529978227915984e-06 1.000000000000000000e+00
1.300511252173409911e-06 1.000000000000000000e+00
1.306520162124719865e-06 1.000000000000000000e+00
1.312556835771842841e-06 1.000000000000000000e+00
1.318621401394748467e-06 1.000000000000000000e+00
1.324713987866117465e-06 1.000000000000000000e+00
1.330834724654076086e-06 1.000000000000000000e+00
1.336983741824945150e-06 1.000000000000000000e+00
1.343161170046015357e-06 1.000000000000000000e+00
1.349367140588306489e-06 1.000000000000000000e+00
1.355601785329368979e-06 1.000000000000000000e+00
1.361865236756082713e-06 1.000000000000000000e+00
1.368157627967470456e-06 1.000000000000000000e+00
1.374479092677536677e-06 1.000000000000000000e+00
1.380829765218092407e-06 1.000000000000000000e+00
1.387209780541620966e-06 1.000000000000000000e+00
1.393619274224143468e-06 1.000000000000000000e+00
1.400058382468096200e-06 1.000000000000000000e+00
1.406527242105236363e-06 1.000000000000000000e+00
1.413025990599533632e-06 1.000000000000000000e+00
1.419554766050101529e-06 1.000000000000000000e+00
1.426113707194129844e-06 1.000000000000000000e+00
1.432702953409829350e-06 1.000000000000000000e+00
1.439322644719406585e-06 1.000000000000000000e+00
1.445972921792019565e-06 1.000000000000000000e+00
1.452653925946781160e-06 1.000000000000000000e+00
1.459365799155757585e-06 1.000000000000000000e+00
1.466108684046982993e-06 1.000000000000000000e+00
1.472882723907501804e-06 1.000000000000000000e+00
1.479688062686396214e-06 1.000000000000000000e+00
1.486524844997857111e-06 1.000000000000000000e+00
1.493393216124253301e-06 1.000000000000000000e+00
1.500293322019216825e-06 1.000000000000000000e+00
1.507225309310755591e-06 1.000000000000000000e+00
1.514189325304352035e-06 1.000000000000000000e+00
1.521185517986104767e-06 1.000000000000000000e+00
1.528214036025870848e-06 1.000000000000000000e+00
1.535275028780421201e-06 1.000000000000000000e+00
1.542368646296627363e-06 1.000000000000000000e+00
1.549495039314631713e-06 1.000000000000000000e+00
1.556654359271061967e-06 1.000000000000000000e+00
1.563846758302247782e-06 1.000000000000000000e+00
1.571072389247448800e-06 1.000000000000000000e+00
1.578331405652116571e-06 1.000000000000000000e+00
1.585623961771137209e-06 1.000000000000000000e+00
1.592950212572122960e-06 1.000000000000000000e+00
1.600310313738701654e-06 1.000000000000000000e+00
1.607704421673822041e-06 1.000000000000000000e+00
1.615132693503089620e-06 1.000000000000000000e+00
1.622595287078087214e-06 1.000000000000000000e+00
1.630092360979741085e-06 1.000000000000000000e+00
1.637624074521688946e-06 1.000000000000000000e+00
1.645190587753660682e-06 1.000000000000000000e+00
1.652792061464893799e-06 1.000000000000000000e+00
1.660428657187529599e-06 1.000000000000000000e+00
1.668100537200059127e-06 1.000000000000000000e+00
1.675807864530768688e-06 1.000000000000000000e+00
1.683550802961200609e-06 1.000000000000000000e+00
1.691329517029647040e-06 1.000000000000000000e+00
1.699144172034625966e-06 1.000000000000000000e+00
1.706994934038407828e-06 1.000000000000000000e+00
1.714881969870540874e-06 1.000000000000000000e+00
1.722805447131392182e-06 1.000000000000000000e+00
1.730765534195724041e-06 1.000000000000000000e+00
1.738762400216250434e-06 1.000000000000000000e+00
1.746796215127245610e-06 1.000000000000000000e+00
1.754867149648152018e-06 1.000000000000000000e+00
1.762975375287203917e-06 1.000000000000000000e+00
1.771121064345086770e-06 1.000000000000000000e+00
1.779304389918577364e-06 1.000000000000000000e+00
1.787525525904235397e-06 1.000000000000000000e+00
1.795784647002096750e-06 1.000000000000000000e+00
1.804081928719380951e-06 1.000000000000000000e+00
1.812417547374235695e-06 1.000000000000000000e+00
1.820791680099462520e-06 1.000000000000000000e+00
1.829204504846293727e-06 1.000000000000000000e+00
1.837656200388172474e-06 1.000000000000000000e+00
1.846146946324545581e-06 1.000000000000000000e+00
1.854676923084697621e-06 1.000000000000000000e+00
1.863246311931559818e-06 1.000000000000000000e+00
1.871855294965579294e-06 1.000000000000000000e+00
1.880504055128583443e-06 1.000000000000000000e+00
1.889192776207664423e-06 1.000000000000000000e+00
1.897921642839099443e-06 1.000000000000000000e+00
1.906690840512251975e-06 1.000000000000000000e+00
1.915500555573527830e-06 1.000000000000000000e+00
1.924350975230332279e-06 1.000000000000000000e+00
1.933242287555043064e-06 1.308402384286530773e-14
1.942174681489024486e-06 1.311571482754909614e-14
1.951148346846616293e-06 1.314748257137999376e-14
1.960163474319185890e-06 1.317932726027722310e-14
1.969220255479173340e-06 1.319365550510453898e-14
1.978318882784162208e-06 1.313297562418341208e-14
1.987459549580981740e-06 1.307257482042527970e-14
1.996642450109793374e-06 1.301245181030658914e-14
2.005867779508234000e-06 1.306616727294641794e-14
2.015135733815558378e-06 1.315956966398983386e-14
2.024446509976801877e-06 1.325363973412162447e-14
2.033800305846980069e-06 1.334838225618914132e-14
2.043197320195270527e-06 1.344380203715825095e-14
2.052637752709252226e-06 1.351615783948056774e-14
2.062121803999144521e-06 1.357278663255731116e-14
2.071649675602066874e-06 1.362965268390246534e-14
2.081221569986337122e-06 1.368675698755968375e-14
2.090837690555749843e-06 1.374410054173715073e-14
2.100498241653915279e-06 1.374787688376664066e-14
2.110203428568596572e-06 1.368464804382131556e-14
2.119953457536069015e-06 1.362171000413812550e-14
2.129748535745518698e-06 1.355906142727681234e-14
2.139588871343421664e-06 1.349670098194829239e-14
2.149474673437980673e-06 1.343462734298625113e-14
2.159406152103567462e-06 1.337283919131920808e-14
2.169383518385181950e-06 1.347904298293204459e-14
2.179406984302953798e-06 1.371550839514462244e-14
2.189476762856620668e-06 1.395612216501467249e-14
2.199593068030074676e-06 1.414104465619538999e-14
2.209756114795903333e-06 1.395320957421043096e-14
2.219966119119957173e-06 1.376786950011783640e-14
2.230223297965936432e-06 1.358499129280101912e-14
2.240527869300017970e-06 1.365103612779303240e-14
2.250880052095461857e-06 1.382951345516474999e-14
2.261280066337279372e-06 1.401032424324145319e-14
2.271728133026907356e-06 1.419349900031756402e-14
2.282224474186896113e-06 1.427771766407996103e-14
2.292769312865648563e-06 1.421205199565723858e-14
2.303362873142131433e-06 1.414668833488797922e-14
2.314005380130654226e-06 1.408162529278733200e-14
2.324697059985650290e-06 1.403371071156446942e-14
2.335438139906476958e-06 1.413402244548758034e-14
2.346228848142262270e-06 1.423505119889116038e-14
2.357069413996727979e-06 1.433680209696748634e-14
2.367960067833078623e-06 1.443928030154348817e-14
2.378901041078895684e-06 1.454249101134221053e-14
2.389892566231047836e-06 1.448333614265833887e-14
2.400934876860651595e-06 1.441672479964296749e-14
2.412028207618006978e-06 1.435041981360044816e-14
2.423172794237600507e-06 1.428441977554272086e-14
2.434368873543112862e-06 1.421872328296166569e-14
2.445616683452443909e-06 1.418621030727029807e-14
2.456916462982790237e-06 1.416238072652686657e-14
2.468268452255692627e-06 1.413859117401550853e-14
2.479672892502160178e-06 1.411484158249802757e-14
2.491130026067791046e-06 1.409113188484900130e-14
2.502640096417916897e-06 1.398899585755740095e-14
2.514203348142796490e-06 1.384343809865089513e-14
2.525820026962784695e-06 1.369939489171034929e-14
2.537490379733571817e-06 1.355685047757820028e-14
2.549214654451425881e-06 1.341578926107351067e-14
2.560993100258456944e-06 1.350921320084100331e-14
2.572825967447932223e-06 1.386818767023345063e-14
2.584713507469563704e-06 1.423670101267200146e-14
2.596655972934872394e-06 1.459012154458429893e-14
2.608653617622550470e-06 1.443829253758773051e-14
2.620706696483849676e-06 1.428804350696736812e-14
2.632815465648020122e-06 1.413935801103386437e-14
2.644980182427719858e-06 1.399221977919500062e-14
2.657201105324506616e-06 1.384661271017491402e-14
2.669478494034323617e-06 4.382370791507350004e-15
2.681812609453012906e-06 3.503808138120865454e-15
2.694203713681882057e-06 4.539810890324904731e-15
2.706652070033241224e-06 3.506349934533840676e-15
2.719157943036018971e-06 3.812498618801421087e-15
2.731721598441378948e-06 3.155624890233160557e-15
2.744343303228362398e-06 3.930809482489700004e-15
2.757023325609582764e-06 4.208448834110009684e-15
2.769761935036891063e-06 2.783173772820798898e-15
2.782559402207125977e-06 5.367079005197984974e-15
2.795415999067859269e-06 1.362527285033277950e-14
2.808331998823169590e-06 4.761848112013967615e-15
2.821307675939470909e-06 4.899981618538850633e-15
2.834343306151309184e-06 4.082324967199209637e-15
2.847439166467247969e-06 4.513007045537019509e-15
2.860595535175744707e-06 4.752335788266567497e-15
2.873812691851063445e-06 4.733897027616218944e-15
2.887090917359234552e-06 4.796246644795700407e-15
2.900430493863991580e-06 4.817720474614248232e-15
2.913831704832788580e-06 4.529229873243335014e-15
2.927294835042819122e-06 4.762034428096756103e-15
2.940820170587060722e-06 4.652602915533487872e-15
2.954407998880379827e-06 4.618943114214492051e-15
2.968058608665602509e-06 4.363325637978144609e-15
2.981772290019673234e-06 4.691806074414658036e-15
2.995549334359816181e-06 4.628927833014572447e-15
3.009390034449718162e-06 4.300329676431436495e-15
3.023294684405776334e-06 4.725892610040197479e-15
3.037263579703311613e-06 4.530604034506853823e-15
3.051297017182871017e-06 4.266805306013487138e-15
3.065395295056530018e-06 4.340556344428973901e-15
3.079558712914223269e-06 3.288092017529876708e-15
3.093787571730136731e-06 1.437201984910677320e-14
3.108082173869063814e-06 1.433393196454271491e-14
3.122442823092858074e-06 1.429594501825768475e-14
3.136869824566879554e-06 1.425805874275102918e-14
3.151363484866476280e-06 4.363951991727415937e-15
3.165924111983520818e-06 4.469247296841458020e-15
3.180552015332919721e-06 3.792001811262426489e-15
3.195247505759213607e-06 4.427552098247359670e-15
3.210010895543175124e-06 4.277704717628458514e-15
3.224842498408438677e-06 3.493799276973265569e-15
3.239742629528195378e-06 4.086965162666489794e-15
3.254711605531848180e-06 4.860769727760727944e-15
3.269749744511767815e-06 4.817625211284537933e-15
3.284857366030047033e-06 5.839382202532580582e-15
3.300034791125281949e-06 6.143291181053482979e-15
3.315282342319423268e-06 5.743360516913727069e-15
3.330600343624588548e-06 5.956119844520741230e-15
3.345989120549974837e-06 6.035532124426901321e-15
3.361449000108768341e-06 6.144945763870644408e-15
3.376980310825087979e-06 6.259518070384624073e-15
3.392583382740992040e-06 6.427027998376101622e-15
3.408258547423451806e-06 6.371622380461642536e-15
3.424006137971425541e-06 6.016132033024725257e-15
3.439826489022928263e-06 6.132662097148395780e-15
3.455719936762135798e-06 6.040210415777219994e-15
3.471686818926559579e-06 6.339675505268987885e-15
3.487727474814177392e-06 6.205453004169778466e-15
3.503842245290675931e-06 6.012684246909652134e-15
3.520031472796682339e-06 6.131829681303605411e-15
3.536295501355039379e-06 6.155655643685456700e-15
3.552634676578139464e-06 6.260173388624192166e-15
3.569049345675229473e-06 6.185240641462239067e-15
3.585539857459816780e-06 6.391281571643728668e-15
3.602106562357073597e-06 6.415685212164672982e-15
3.618749812411276882e-06 6.149196920082844963e-15
3.635469961293317715e-06 6.380580770032030017e-15
3.652267364308175514e-06 6.688618268481335201e-15
3.669142378402493899e-06 6.465825703474281848e-15
3.686095362172161633e-06 6.560254258393121178e-15
3.703126675869923221e-06 6.524208611279204832e-15
3.720236681413065725e-06 6.226287217031683017e-15
3.737425742391064089e-06 6.359404362824091235e-15
3.754694224073336996e-06 5.987610646226425646e-15
3.772042493417001451e-06 6.084995948294742271e-15
3.789470919074663793e-06 6.734203665777373298e-15
3.806979871402283974e-06 6.286872580284368448e-15
3.824569722466998750e-06 6.503859882356755838e-15
3.842240846055060925e-06 6.739872700410934123e-15
3.859993617679771391e-06 6.719751301590470736e-15
3.877828414589453094e-06 6.211874828822662590e-15
3.895745615775500812e-06 6.405524674286378232e-15
3.913745601980383925e-06 6.472662986289384473e-15
3.931828755705770305e-06 6.265840571336299574e-15
3.949995461220646821e-06 6.101577472137912943e-15
3.968246104569477962e-06 3.834805341207119432e-15
3.986581073580438997e-06 3.978402188487739169e-15
4.005000757873611017e-06 3.983363638048770932e-15
4.023505548869292872e-06 3.978074532319555902e-15
4.042095839796309714e-06 3.655679912856547665e-15
4.060772025700369827e-06 3.915458689857206873e-15
4.079534503452448557e-06 4.442415569176321262e-15
4.098383671757261184e-06 4.458075698283866273e-15
4.117319931161679042e-06 4.580483574828852663e-15
4.136343684063277771e-06 5.031867390936622376e-15
4.155455334718879651e-06 4.141022224857978986e-15
4.174655289253134888e-06 5.489308836090111368e-15
4.193943955667185915e-06 5.203404244118548253e-15
4.213321743847289341e-06 5.510198129361364858e-15
4.232789065573553096e-06 1.000000000000000000e+00
4.252346334528686281e-06 1.000000000000000000e+00
4.271993966306776970e-06 1.000000000000000000e+00
4.291732378422157257e-06 1.000000000000000000e+00
4.311561990318228494e-06 1.000000000000000000e+00
4.331483223376402566e-06 1.000000000000000000e+00
4.351496500925054189e-06 1.000000000000000000e+00
4.371602248248501995e-06 1.000000000000000000e+00
4.391800892596086187e-06 1.000000000000000000e+00
4.412092863191190285e-06 1.000000000000000000e+00
4.432478591240400094e-06 1.000000000000000000e+00
4.452958509942660131e-06 1.000000000000000000e+00
4.473533054498463085e-06 1.000000000000000000e+00
4.494202662119141766e-06 1.000000000000000000e+00
4.514967772036101769e-06 1.000000000000000000e+00
4.535828825510190501e-06 1.000000000000000000e+00
4.556786265841068756e-06 1.000000000000000000e+00
4.577840538376616169e-06 1.000000000000000000e+00
4.598992090522438309e-06 1.000000000000000000e+00
4.620241371751312800e-06 1.000000000000000000e+00
4.641588833612781958e-06 1.000000000000000000e+00
4.663034929742736132e-06 1.000000000000000000e+00
4.684580115873045307e-06 1.000000000000000000e+00
4.706224849841281354e-06 1.000000000000000000e+00
4.727969591600390296e-06 1.000000000000000000e+00
4.749814803228504342e-06 1.000000000000000000e+00
4.771760948938750521e-06 1.000000000000000000e+00
4.793808495089106764e-06 1.000000000000000000e+00
4.815957910192351152e-06 1.000000000000000000e+00
4.838209664925956952e-06 1.000000000000000000e+00
4.860564232142138430e-06 1.000000000000000000e+00
4.883022086877884802e-06 1.000000000000000000e+00
4.905583706365045857e-06 1.000000000000000000e+00
4.928249570040513291e-06 1.000000000000000000e+00
4.951020159556351225e-06 1.000000000000000000e+00
4.973895958790067320e-06 1.000000000000000000e+00
4.996877453854888986e-06 1.000000000000000000e+00
5.019965133110079395e-06 1.000000000000000000e+00
5.043159487171358525e-06 1.000000000000000000e+00
5.066461008921268308e-06 1.000000000000000000e+00
5.089870193519685148e-06 1.000000000000000000e+00
5.113387538414331605e-06 1.000000000000000000e+00
5.137013543351338897e-06 1.000000000000000000e+00
5.160748710385907653e-06 1.000000000000000000e+00
5.184593543892912765e-06 1.000000000000000000e+00
5.208548550577665794e-06 1.000000000000000000e+00
5.232614239486667200e-06 1.000000000000000000e+00
5.256791122018419569e-06 1.000000000000000000e+00
5.281079711934330620e-06 1.000000000000000000e+00
5.305480525369573859e-06 1.000000000000000000e+00
5.329994080844093235e-06 1.000000000000000000e+00
5.354620899273612870e-06 1.000000000000000000e+00
5.379361503980697620e-06 1.000000000000000000e+00
5.404216420705915271e-06 1.000000000000000000e+00
5.429186177618942838e-06 1.000000000000000000e+00
5.454271305329836335e-06 1.000000000000000000e+00
5.479472336900292930e-06 1.000000000000000000e+00
5.504789807854967299e-06 1.000000000000000000e+00
5.530224256192899801e-06 1.000000000000000000e+00
5.555776222398877724e-06 1.000000000000000000e+00
5.581446249454966800e-06 1.000000000000000000e+00
5.607234882852038467e-06 1.000000000000000000e+00
5.633142670601352205e-06 1.000000000000000000e+00
5.659170163246242047e-06 1.000000000000000000e+00
5.685317913873753115e-06 1.000000000000000000e+00
5.711586478126434863e-06 1.000000000000000000e+00
5.737976414214139400e-06 1.000000000000000000e+00
5.764488282925873171e-06 1.000000000000000000e+00
5.791122647641757912e-06 1.000000000000000000e+00
5.817880074344935696e-06 1.000000000000000000e+00
5.844761131633637463e-06 1.000000000000000000e+00
5.871766390733261702e-06 1.000000000000000000e+00
5.898896425508492959e-06 1.000000000000000000e+00
5.926151812475552473e-06 1.000000000000000000e+00
5.953533130814370033e-06 1.000000000000000000e+00
5.981040962380943893e-06 1.000000000000000000e+00
6.008675891719693044e-06 1.000000000000000000e+00
6.036438506075863713e-06 1.000000000000000000e+00
6.064329395408062056e-06 1.000000000000000000e+00
6.092349152400711479e-06 1.000000000000000000e+00
6.120498372476703066e-06 1.000000000000000000e+00
6.148777653810029084e-06 1.000000000000000000e+00
6.177187597338488473e-06 1.000000000000000000e+00
6.205728806776500758e-06 1.000000000000000000e+00
6.234401888627864066e-06 1.000000000000000000e+00
6.263207452198692701e-06 1.000000000000000000e+00
6.292146109610350494e-06 1.000000000000000000e+00
6.321218475812448520e-06 1.000000000000000000e+00
6.350425168595962254e-06 1.000000000000000000e+00
6.379766808606282652e-06 1.000000000000000000e+00
6.409244019356456972e-06 1.000000000000000000e+00
6.438857427240426203e-06 1.000000000000000000e+00
6.468607661546320942e-06 1.000000000000000000e+00
6.498495354469888561e-06 1.000000000000000000e+00
6.528521141127847527e-06 1.000000000000000000e+00
6.558685659571435694e-06 1.000000000000000000e+00
6.588989550799956905e-06 1.000000000000000000e+00
6.619433458774387721e-06 5.832085623732251291e-14
6.650018030431117999e-06 5.957766726211373438e-14
6.680743915695614373e-06 6.104947003825282139e-14
6.711611767496287034e-06 6.059595789403035568e-14
6.742622241778348883e-06 5.827143354858738015e-14
6.773775997517744987e-06 5.751089492053721654e-14
6.805073696735206548e-06 5.500259212725077976e-14
6.836516004510238809e-06 1.000000000000000000e+00
6.868103588995307160e-06 1.000000000000000000e+00
6.899837121430024937e-06 1.000000000000000000e+00
6.931717276155400522e-06 1.000000000000000000e+00
6.963744730628222498e-06 1.000000000000000000e+00
6.995920165435374508e-06 1.000000000000000000e+00
7.028244264308352554e-06 1.000000000000000000e+00
7.060717714137779753e-06 1.000000000000000000e+00
7.093341204987989700e-06 1.000000000000000000e+00
7.126115430111745365e-06 1.000000000000000000e+00
7.159041085964888522e-06 1.000000000000000000e+00
7.192118872221192478e-06 1.000000000000000000e+00
7.225349491787221566e-06 1.000000000000000000e+00
7.258733650817245705e-06 1.000000000000000000e+00
7.292272058728312503e-06 1.000000000000000000e+00
7.325965428215230423e-06 1.000000000000000000e+00
7.359814475265771329e-06 1.000000000000000000e+00
7.393819919175873038e-06 1.000000000000000000e+00
7.427982482564910469e-06 1.000000000000000000e+00
7.462302891391107415e-06 1.000000000000000000e+00
7.496781874966877152e-06 1.000000000000000000e+00
7.531420165974375663e-06 1.000000000000000000e+00
7.566218500481062472e-06 1.000000000000000000e+00
7.601177617955322483e-06 1.000000000000000000e+00
7.636298261282241959e-06 1.000000000000000000e+00
7.671581176779302354e-06 1.000000000000000000e+00
7.707027114212302839e-06 1.000000000000000000e+00
7.742636826811276894e-06 1.000000000000000000e+00
7.778411071286482598e-06 1.000000000000000000e+00
7.814350607844541998e-06 1.000000000000000000e+00
7.850456200204509316e-06 1.000000000000000000e+00
7.886728615614156015e-06 1.000000000000000000e+00
7.923168624866260926e-06 1.000000000000000000e+00
7.959777002314978321e-06 1.000000000000000000e+00
7.996554525892346580e-06 1.000000000000000000e+00
8.033501977124734187e-06 1.000000000000000000e+00
8.070620141149507638e-06 1.000000000000000000e+00
8.107909806731694282e-06 1.000000000000000000e+00
8.145371766280736623e-06 1.000000000000000000e+00
8.183006815867388940e-06 1.000000000000000000e+00
8.220815755240541055e-06 1.000000000000000000e+00
8.258799387844272490e-06 1.000000000000000000e+00
8.296958520834915102e-06 1.000000000000000000e+00
8.335293965098186867e-06 1.000000000000000000e+00
8.373806535266489981e-06 1.000000000000000000e+00
8.412497049736117495e-06 1.000000000000000000e+00
8.451366330684722516e-06 1.000000000000000000e+00
8.490415204088755231e-06 1.000000000000000000e+00
8.529644499741016815e-06 1.000000000000000000e+00
8.569055051268347175e-06 1.000000000000000000e+00
8.608647696149244932e-06 1.000000000000000000e+00
8.648423275731726255e-06 1.000000000000000000e+00
8.688382635251193879e-06 1.000000000000000000e+00
8.728526623848370479e-06 1.000000000000000000e+00
8.768856094587426870e-06 1.000000000000000000e+00
8.809371904473991624e-06 1.000000000000000000e+00
8.850074914473438512e-06 1.000000000000000000e+00
8.890965989529167165e-06 1.000000000000000000e+00
8.932045998580959975e-06 1.000000000000000000e+00
8.973315814583520257e-06 1.000000000000000000e+00
9.014776314524917239e-06 1.000000000000000000e+00
9.056428379445293633e-06 1.000000000000000000e+00
9.098272894455568119e-06 1.000000000000000000e+00
9.140310748756222539e-06 1.000000000000000000e+00
9.182542835656282208e-06 1.000000000000000000e+00
9.224970052592174261e-06 1.000000000000000000e+00
9.267593301146882451e-06 1.000000000000000000e+00
9.310413487069085011e-06 1.000000000000000000e+00
9.353431520292377225e-06 1.000000000000000000e+00
9.396648314954690500e-06 1.000000000000000000e+00
9.440064789417603028e-06 1.000000000000000000e+00
9.483681866285928263e-06 1.000000000000000000e+00
9.527500472427300024e-06 1.000000000000000000e+00
9.571521538991855843e-06 1.000000000000000000e+00
9.615746001432094807e-06 1.000000000000000000e+00
9.660174799522645609e-06 1.000000000000000000e+00
9.704808877380307353e-06 1.000000000000000000e+00
9.749649183484097127e-06 1.000000000000000000e+00
9.794696670695385670e-06 1.000000000000000000e+00
9.839952296278226164e-06 1.000000000000000000e+00
9.885417021919572908e-06 1.000000000000000000e+00
9.931091813749799848e-06 1.000000000000000000e+00
9.976977642363212323e-06 1.000000000000000000e+00
1.002307548283864352e-05 1.000000000000000000e+00
1.006938631476027116e-05 1.000000000000000000e+00
1.011591112223829695e-05 1.000000000000000000e+00
1.016265089392995130e-05 1.309432028663814833e-13
1.020960662306047607e-05 1.205274926585525085e-13
1.025677930744420885e-05 1.186635056476141258e-13
1.030416994950587402e-05 1.270888215871534083e-13
1.035177955630176194e-05 1.409440140595408483e-13
1.039960913954120295e-05 1.387718736793090607e-13
1.044765971560805321e-05 1.325432812413641158e-13
1.049593230558226690e-05 1.000000000000000000e+00
1.054442793526168364e-05 1.612752650295094143e-13
1.059314763518370065e-05 1.000000000000000000e+00
1.064209244064724650e-05 1.641939283694544648e-13
1.069126339173477175e-05 1.411429148292160608e-13
1.074066153333432268e-05 1.387089853004637613e-13
1.079028791516183681e-05 1.295220997584342189e-13
1.084014359178330984e-05 1.437772371216276908e-13
1.089022962263730465e-05 1.342974424383751162e-13
1.094054707205743495e-05 1.341291486111315347e-13
1.099109700929496075e-05 1.293673221593975355e-13
1.104188050854160231e-05 1.325140387119423477e-13
1.109289864895222712e-05 1.383648782209276236e-13
1.114415251466788068e-05 1.422187448926387231e-13
1.119564319483879364e-05 1.479847415918307797e-13
1.124737178364750747e-05 1.294177933038667772e-13
1.129933938033221700e-05 1.283774152211349495e-13
1.135154708920999101e-05 1.210814378554389103e-13
1.140399601970033156e-05 1.000000000000000000e+00
1.145668728634872662e-05 1.000000000000000000e+00
1.150962200885031106e-05 1.000000000000000000e+00
1.156280131207375302e-05 1.000000000000000000e+00
1.161622632608501823e-05 1.000000000000000000e+00
1.166989818617147488e-05 1.000000000000000000e+00
1.172381803286599682e-05 1.000000000000000000e+00
1.177798701197118017e-05 1.000000000000000000e+00
1.183240627458378028e-05 1.000000000000000000e+00
1.188707697711903343e-05 1.000000000000000000e+00
1.194200028133532407e-05 1.000000000000000000e+00
1.199717735435885557e-05 1.000000000000000000e+00
1.205260936870841401e-05 1.000000000000000000e+00
1.210829750232039467e-05 1.000000000000000000e+00
1.216424293857367937e-05 1.000000000000000000e+00
1.222044686631488650e-05 1.000000000000000000e+00
1.227691047988360416e-05 1.000000000000000000e+00
1.233363497913774693e-05 1.000000000000000000e+00
1.239062156947915659e-05 1.000000000000000000e+00
1.244787146187906222e-05 1.000000000000000000e+00
1.250538587290391306e-05 1.000000000000000000e+00
1.256316602474121465e-05 1.000000000000000000e+00
1.262121314522546164e-05 1.000000000000000000e+00
1.267952846786433988e-05 1.000000000000000000e+00
1.273811323186478452e-05 1.000000000000000000e+00
1.279696868215941599e-05 1.000000000000000000e+00
1.285609606943296393e-05 1.000000000000000000e+00
1.291549665014882683e-05 1.000000000000000000e+00
1.297517168657586877e-05 1.000000000000000000e+00
1.303512244681508904e-05 2.014912075468249234e-13
1.309535020482667643e-05 1.816699894080331844e-13
1.315585624045705155e-05 1.768419963436698669e-13
1.321664183946603801e-05 1.726302227609478665e-13
1.327770829355429101e-05 1.726646153133320192e-13
1.333905690039058705e-05 1.654763858568660477e-13
1.340068896363950666e-05 1.657968266292775892e-13
1.346260579298911035e-05 1.654052868585497631e-13
1.352480870417873994e-05 1.668466448341859895e-13
1.358729901902709093e-05 1.646344226188222530e-13
1.365007806546013744e-05 1.637137436612749146e-13
1.371314717753945535e-05 1.604368867096592842e-13
1.377650769549055046e-05 1.599656771893676012e-13
1.384016096573130180e-05 1.596864120185421328e-13
1.390410834090069648e-05 1.000000000000000000e+00
1.396835117988739660e-05 1.000000000000000000e+00
1.403289084785873161e-05 1.000000000000000000e+00
1.409772871628967692e-05 1.000000000000000000e+00
1.416286616299197323e-05 1.000000000000000000e+00
1.422830457214351858e-05 1.000000000000000000e+00
1.429404533431761129e-05 1.000000000000000000e+00
1.436008984651260630e-05 1.000000000000000000e+00
1.442643951218158844e-05 1.000000000000000000e+00
1.449309574126215066e-05 1.000000000000000000e+00
1.456005995020648581e-05 1.000000000000000000e+00
1.462733356201129868e-05 1.000000000000000000e+00
1.469491800624817218e-05 1.000000000000000000e+00
1.476281471909390976e-05 1.000000000000000000e+00
1.483102514336102853e-05 1.000000000000000000e+00
1.489955072852853715e-05 1.000000000000000000e+00
1.496839293077255598e-05 1.000000000000000000e+00
1.503755321299738461e-05 1.000000000000000000e+00
1.510703304486655575e-05 1.000000000000000000e+00
1.517683390283403825e-05 1.000000000000000000e+00
1.524695727017572978e-05 1.000000000000000000e+00
1.531740463702079875e-05 1.000000000000000000e+00
1.538817750038346327e-05 1.000000000000000000e+00
1.545927736419478539e-05 1.000000000000000000e+00
1.553070573933458561e-05 1.000000000000000000e+00
1.560246414366367928e-05 1.000000000000000000e+00
1.567455410205594862e-05 1.000000000000000000e+00
1.574697714643086540e-05 1.000000000000000000e+00
1.581973481578601365e-05 1.000000000000000000e+00
1.589282865622976477e-05 1.000000000000000000e+00
1.596626022101425084e-05 1.000000000000000000e+00
1.604003107056819902e-05 1.000000000000000000e+00
1.611414277253019959e-05 1.000000000000000000e+00
1.618859690178199096e-05 1.000000000000000000e+00
1.626339504048190734e-05 1.000000000000000000e+00
1.633853877809860416e-05 1.000000000000000000e+00
1.641402971144466496e-05 1.000000000000000000e+00
1.648986944471064877e-05 1.000000000000000000e+00
1.656605958949915094e-05 1.000000000000000000e+00
1.664260176485901990e-05 1.000000000000000000e+00
1.671949759731988224e-05 1.000000000000000000e+00
1.679674872092653225e-05 1.000000000000000000e+00
1.687435677727375848e-05 1.000000000000000000e+00
1.695232341554121447e-05 1.000000000000000000e+00
1.703065029252842484e-05 2.154956062361865381e-14
1.710933907269013374e-05 2.525621051638154409e-14
1.718839142817145670e-05 2.463633743930097414e-14
1.726780903884356100e-05 2.155140438285454042e-14
1.734759359233932583e-05 1.000000000000000000e+00
1.742774678408917511e-05 2.610138495455555508e-13
1.750827031735723228e-05 2.247291282854091416e-13
1.758916590327732596e-05 1.000000000000000000e+00
1.767043526088946659e-05 1.000000000000000000e+00
1.775208011717636033e-05 1.000000000000000000e+00
1.783410220710006182e-05 1.000000000000000000e+00
1.791650327363899638e-05 1.000000000000000000e+00
1.799928506782476521e-05 1.000000000000000000e+00
1.808244934877951653e-05 1.000000000000000000e+00
1.816599788375328615e-05 1.000000000000000000e+00
1.824993244816150412e-05 1.000000000000000000e+00
1.833425482562288757e-05 1.000000000000000000e+00
1.841896680799710997e-05 1.000000000000000000e+00
1.850407019542302264e-05 1.000000000000000000e+00
1.858956679635688305e-05 1.000000000000000000e+00
1.867545842761074234e-05 1.000000000000000000e+00
1.876174691439119540e-05 1.000000000000000000e+00
1.884843409033795474e-05 1.000000000000000000e+00
1.893552179756295291e-05 1.000000000000000000e+00
1.902301188668945850e-05 1.000000000000000000e+00
1.911090621689135813e-05 1.000000000000000000e+00
1.919920665593282809e-05 1.000000000000000000e+00
1.928791508020777896e-05 1.000000000000000000e+00
1.937703337477988979e-05 1.000000000000000000e+00
1.946656343342263208e-05 1.000000000000000000e+00
1.955650715865946999e-05 1.000000000000000000e+00
1.964686646180444676e-05 1.000000000000000000e+00
1.973764326300255428e-05 1.000000000000000000e+00
1.982883949127071257e-05 1.000000000000000000e+00
1.992045708453871197e-05 1.000000000000000000e+00
2.001249798969034841e-05 1.000000000000000000e+00
2.010496416260496873e-05 1.000000000000000000e+00
2.019785756819878213e-05 1.000000000000000000e+00
2.029118018046678154e-05 1.000000000000000000e+00
2.038493398252464128e-05 1.000000000000000000e+00
2.047912096665083489e-05 1.000000000000000000e+00
2.057374313432911553e-05 1.000000000000000000e+00
2.066880249629082024e-05 1.000000000000000000e+00
2.076430107255774669e-05 1.000000000000000000e+00
2.086024089248505033e-05 1.000000000000000000e+00
2.095662399480430758e-05 1.000000000000000000e+00
2.105345242766703973e-05 1.000000000000000000e+00
2.115072824868794552e-05 1.000000000000000000e+00
2.124845352498882828e-05 1.000000000000000000e+00
2.134663033324245526e-05 1.000000000000000000e+00
2.144526075971665420e-05 1.000000000000000000e+00
2.154434690031882321e-05 1.000000000000000000e+00
2.164389086064020347e-05 1.000000000000000000e+00
2.174389475600079909e-05 1.000000000000000000e+00
2.184436071149428344e-05 1.000000000000000000e+00
2.194529086203311546e-05 1.000000000000000000e+00
2.204668735239407619e-05 1.000000000000000000e+00
2.214855233726359179e-05 1.000000000000000000e+00
2.225088798128369355e-05 1.000000000000000000e+00
2.235369645909796436e-05 1.000000000000000000e+00
2.245697995539771554e-05 1.000000000000000000e+00
2.256074066496859061e-05 1.000000000000000000e+00
2.266498079273692845e-05 1.000000000000000000e+00
2.276970255381680078e-05 1.000000000000000000e+00
2.287490817355703940e-05 1.000000000000000000e+00
2.298059988758848710e-05 1.000000000000000000e+00
2.308677994187167203e-05 1.000000000000000000e+00
2.319345059274427543e-05 5.206716843176697846e-14
2.330061410696924654e-05 4.706883956033849936e-14
2.340827276178294449e-05 4.726740457063871428e-14
2.351642884494346329e-05 4.534796878351045645e-14
2.362508465477945136e-05 4.459560907656198864e-14
2.373424250023866352e-05 3.993460243823005297e-14
2.384390470093720405e-05 3.958604368454618405e-14
2.395407358720879354e-05 4.312300399934845028e-14
2.406475150015421866e-05 1.000000000000000000e+00
2.417594079169128340e-05 1.000000000000000000e+00
2.428764382460450616e-05 1.000000000000000000e+00
2.439986297259550131e-05 1.000000000000000000e+00
2.451260062033339796e-05 1.000000000000000000e+00
2.462585916350544169e-05 1.000000000000000000e+00
2.473964100886811809e-05 1.000000000000000000e+00
2.485394857429798490e-05 1.000000000000000000e+00
2.496878428884326650e-05 1.000000000000000000e+00
2.508415059277541105e-05 1.000000000000000000e+00
2.520004993764089510e-05 1.000000000000000000e+00
2.531648478631352953e-05 1.000000000000000000e+00
2.543345761304648090e-05 1.000000000000000000e+00
2.555097090352506878e-05 1.000000000000000000e+00
2.566902715491951889e-05 1.000000000000000000e+00
2.578762887593798400e-05 1.000000000000000000e+00
2.590677858688006290e-05 1.000000000000000000e+00
2.602647881969004482e-05 1.000000000000000000e+00
2.614673211801091967e-05 1.000000000000000000e+00
2.626754103723838489e-05 1.000000000000000000e+00
2.638890814457507585e-05 1.000000000000000000e+00
2.651083601908536211e-05 1.000000000000000000e+00
2.663332725174980827e-05 1.000000000000000000e+00
2.675638444552045131e-05 1.000000000000000000e+00
2.688001021537607461e-05 1.000000000000000000e+00
2.700420718837769874e-05 1.000000000000000000e+00
2.712897800372464488e-05 1.000000000000000000e+00
2.725432531281027978e-05 1.000000000000000000e+00
2.738025177927857720e-05 1.000000000000000000e+00
2.750676007908067601e-05 1.000000000000000000e+00
2.763385290053166867e-05 1.000000000000000000e+00
2.776153294436798261e-05 1.000000000000000000e+00
2.788980292380439574e-05 1.000000000000000000e+00
2.801866556459195316e-05 1.000000000000000000e+00
2.814812360507581271e-05 1.000000000000000000e+00
2.827817979625338199e-05 1.000000000000000000e+00
2.840883690183301088e-05 1.000000000000000000e+00
2.854009769829237591e-05 1.000000000000000000e+00
2.867196497493769796e-05 1.000000000000000000e+00
2.880444153396297702e-05 1.000000000000000000e+00
2.893753019050947418e-05 1.000000000000000000e+00
2.907123377272575278e-05 1.000000000000000000e+00
2.920555512182745176e-05 1.000000000000000000e+00
2.934049709215787229e-05 1.000000000000000000e+00
2.947606255124858463e-05 1.000000000000000000e+00
2.961225437988031288e-05 1.000000000000000000e+00
2.974907547214443635e-05 8.712105815291824564e-13
2.988652873550382686e-05 1.000000000000000000e+00
3.002461709085549186e-05 1.000000000000000000e+00
3.016334347259197083e-05 1.000000000000000000e+00
3.030271082866393099e-05 1.000000000000000000e+00
3.044272212064305779e-05 1.000000000000000000e+00
3.058338032378431524e-05 1.000000000000000000e+00
3.072468842709003239e-05 1.000000000000000000e+00
3.086664943337274645e-05 1.000000000000000000e+00
3.100926635931923166e-05 1.000000000000000000e+00
3.115254223555491447e-05 1.000000000000000000e+00
3.129648010670750265e-05 1.000000000000000000e+00
3.144108303147264728e-05 1.000000000000000000e+00
3.158635408267818854e-05 1.000000000000000000e+00
3.173229634734972955e-05 1.000000000000000000e+00
3.187891292677648815e-05 1.000000000000000000e+00
3.202620693657650487e-05 1.000000000000000000e+00
3.217418150676371437e-05 1.000000000000000000e+00
3.232283978181380398e-05 1.000000000000000000e+00
3.247218492073125124e-05 1.000000000000000000e+00
3.262222009711673420e-05 1.000000000000000000e+00
3.277294849923382338e-05 1.000000000000000000e+00
3.292437333007768632e-05 1.000000000000000000e+00
3.307649780744242331e-05 1.000000000000000000e+00
3.322932516398968385e-05 1.000000000000000000e+00
3.338285864731764221e-05 1.000000000000000000e+00
3.353710152002928861e-05 1.000000000000000000e+00
3.369205705980267201e-05 1.000000000000000000e+00
3.384772855945982823e-05 1.000000000000000000e+00
3.400411932703702948e-05 1.000000000000000000e+00
3.416123268585531848e-05 1.000000000000000000e+00
3.431907197459042598e-05 1.000000000000000000e+00
3.447764054734463976e-05 1.000000000000000000e+00
3.463694177371734559e-05 1.000000000000000000e+00
3.479697903887688269e-05 1.000000000000000000e+00
3.495775574363278547e-05 1.000000000000000000e+00
3.511927530450727994e-05 1.000000000000000000e+00
3.528154115380883321e-05 1.000000000000000000e+00
3.544455673970435463e-05 1.000000000000000000e+00
3.560832552629274530e-05 1.000000000000000000e+00
3.577285099367877297e-05 1.000000000000000000e+00
3.593813663804625562e-05 1.000000000000000000e+00
3.610418597173337287e-05 1.000000000000000000e+00
3.627100252330647985e-05 1.000000000000000000e+00
3.643858983763540501e-05 1.000000000000000000e+00
3.660695147596905967e-05 1.000000000000000000e+00
3.677609101601030897e-05 1.000000000000000000e+00
3.694601205199302477e-05 1.000000000000000000e+00
3.711671819475766804e-05 1.000000000000000000e+00
3.728821307182830118e-05 1.000000000000000000e+00
3.746050032748996612e-05 1.000000000000000000e+00
3.763358362286532385e-05 1.000000000000000000e+00
3.780746663599348950e-05 1.000000000000000000e+00
3.798215306190736308e-05 1.000000000000000000e+00
3.815764661271244413e-05 1.000000000000000000e+00
3.833395101766605309e-05 1.000000000000000000e+00
3.851107002325568519e-05 1.000000000000000000e+00
3.868900739327975645e-05 1.000000000000000000e+00
3.886776690892667583e-05 1.000000000000000000e+00
3.904735236885555739e-05 1.000000000000000000e+00
3.922776758927723722e-05 1.000000000000000000e+00
3.940901640403447737e-05 1.000000000000000000e+00
3.959110266468458876e-05 1.000000000000000000e+00
3.977403024058036692e-05 1.000000000000000000e+00
3.995780301895265397e-05 1.000000000000000000e+00
4.014242490499325976e-05 1.000000000000000000e+00
4.032789982193704951e-05 1.000000000000000000e+00
4.051423171114647097e-05 1.000000000000000000e+00
4.070142453219438740e-05 1.000000000000000000e+00
4.088948226294864539e-05 1.000000000000000000e+00
4.107840889965650707e-05 1.000000000000000000e+00
4.126820845702951608e-05 1.000000000000000000e+00
4.145888496832910884e-05 1.000000000000000000e+00
4.165044248545185317e-05 1.000000000000000000e+00
4.184288507901584570e-05 1.000000000000000000e+00
4.203621683844718370e-05 1.000000000000000000e+00
4.223044187206672164e-05 1.000000000000000000e+00
4.242556430717776958e-05 1.000000000000000000e+00
4.262158829015324943e-05 1.000000000000000000e+00
4.281851798652415236e-05 1.000000000000000000e+00
4.301635758106799609e-05 1.000000000000000000e+00
4.321511127789762110e-05 1.000000000000000000e+00
4.341478330055092185e-05 1.000000000000000000e+00
4.361537789208005635e-05 1.000000000000000000e+00
4.381689931514194311e-05 1.000000000000000000e+00
4.401935185208879207e-05 1.000000000000000000e+00
4.422273980505896747e-05 1.000000000000000000e+00
4.442706749606882658e-05 1.000000000000000000e+00
4.463233926710397564e-05 1.000000000000000000e+00
4.483855948021190816e-05 1.000000000000000000e+00
4.504573251759462965e-05 1.000000000000000000e+00
4.525386278170166862e-05 1.000000000000000000e+00
4.546295469532399562e-05 1.000000000000000000e+00
4.567301270168746787e-05 1.000000000000000000e+00
4.588404126454761567e-05 1.000000000000000000e+00
4.609604486828438810e-05 1.000000000000000000e+00
4.630902801799736631e-05 1.000000000000000000e+00
4.652299523960189159e-05 1.000000000000000000e+00
4.673795107992463778e-05 1.000000000000000000e+00
4.695390010680062706e-05 1.000000000000000000e+00
4.717084690917022538e-05 1.000000000000000000e+00
4.738879609717651056e-05 1.000000000000000000e+00
4.760775230226368401e-05 1.000000000000000000e+00
4.782772017727485219e-05 1.000000000000000000e+00
4.804870439655133953e-05 1.000000000000000000e+00
4.827070965603187940e-05 1.000000000000000000e+00
4.849374067335233355e-05 1.000000000000000000e+00
4.871780218794630613e-05 1.000000000000000000e+00
4.894289896114531718e-05 1.000000000000000000e+00
4.916903577628031102e-05 1.000000000000000000e+00
4.939621743878325959e-05 1.000000000000000000e+00
4.962444877628913165e-05 1.000000000000000000e+00
4.985373463873893942e-05 1.000000000000000000e+00
5.008407989848212116e-05 1.000000000000000000e+00
5.031548945038056354e-05 1.000000000000000000e+00
5.054796821191245474e-05 1.000000000000000000e+00
5.078152112327670659e-05 1.000000000000000000e+00
5.101615314749833907e-05 1.000000000000000000e+00
5.125186927053332944e-05 1.000000000000000000e+00
5.148867450137497919e-05 1.000000000000000000e+00
5.172657387216024049e-05 1.000000000000000000e+00
5.196557243827657098e-05 1.000000000000000000e+00
5.220567527846975100e-05 1.000000000000000000e+00
5.244688749495119242e-05 1.000000000000000000e+00
5.268921421350677227e-05 1.000000000000000000e+00
5.293266058360566627e-05 1.000000000000000000e+00
5.317723177850966352e-05 1.000000000000000000e+00
5.342293299538352475e-05 1.000000000000000000e+00
5.366976945540475778e-05 1.000000000000000000e+00
5.391774640387505315e-05 1.000000000000000000e+00
5.416686911033157751e-05 1.000000000000000000e+00
5.441714286865887681e-05 1.000000000000000000e+00
5.466857299720180954e-05 1.000000000000000000e+00
5.492116483887789035e-05 1.000000000000000000e+00
5.517492376129128718e-05 1.000000000000000000e+00
5.542985515684674381e-05 1.000000000000000000e+00
5.568596444286408510e-05 1.000000000000000000e+00
5.594325706169377268e-05 1.000000000000000000e+00
5.620173848083187778e-05 1.000000000000000000e+00
5.646141419303672785e-05 1.000000000000000000e+00
5.672228971644549213e-05 1.000000000000000000e+00
5.698437059469136365e-05 1.000000000000000000e+00
5.724766239702178464e-05 1.000000000000000000e+00
5.751217071841613668e-05 1.000000000000000000e+00
5.777790117970507076e-05 1.000000000000000000e+00
5.804485942768983719e-05 1.000000000000000000e+00
5.831305113526218489e-05 1.000000000000000000e+00
5.858248200152535830e-05 1.000000000000000000e+00
5.885315775191450485e-05 1.000000000000000000e+00
5.912508413831881030e-05 1.000000000000000000e+00
5.939826693920362733e-05 1.000000000000000000e+00
5.967271195973310562e-05 1.000000000000000000e+00
5.994842503189408905e-05 1.000000000000000000e+00
6.022541201461928102e-05 1.000000000000000000e+00
6.050367879391224625e-05 1.000000000000000000e+00
6.078323128297236501e-05 1.000000000000000000e+00
6.106407542232036346e-05 1.000000000000000000e+00
6.134621717992506365e-05 1.000000000000000000e+00
6.162966255132942199e-05 1.000000000000000000e+00
6.191441755977847869e-05 1.000000000000000000e+00
6.220048825634718519e-05 1.000000000000000000e+00
6.248788072006888211e-05 1.000000000000000000e+00
6.277660105806499695e-05 1.000000000000000000e+00
6.306665540567405056e-05 1.000000000000000000e+00
6.335804992658254750e-05 1.000000000000000000e+00
6.365079081295577145e-05 1.000000000000000000e+00
6.394488428556936667e-05 1.000000000000000000e+00
6.424033659394190888e-05 1.000000000000000000e+00
6.453715401646701526e-05 1.000000000000000000e+00
6.483534286054727050e-05 1.000000000000000000e+00
6.513490946272809873e-05 1.000000000000000000e+00
6.543586018883228584e-05 1.000000000000000000e+00
6.573820143409585715e-05 1.000000000000000000e+00
6.604193962330304700e-05 1.000000000000000000e+00
6.634708121092350460e-05 1.000000000000000000e+00
6.665363268124920157e-05 1.000000000000000000e+00
6.696160054853215278e-05 1.000000000000000000e+00
6.727099135712337041e-05 1.000000000000000000e+00
6.758181168161109969e-05 1.000000000000000000e+00
6.789406812696112826e-05 1.000000000000000000e+00
6.820776732865691926e-05 1.000000000000000000e+00
6.852291595284057120e-05 1.000000000000000000e+00
6.883952069645495682e-05 1.000000000000000000e+00
6.915758828738525219e-05 1.000000000000000000e+00
6.947712548460240371e-05 1.000000000000000000e+00
6.979813907830667650e-05 1.000000000000000000e+00
7.012063589007177199e-05 1.000000000000000000e+00
7.044462277299036847e-05 1.000000000000000000e+00
7.077010661181888922e-05 1.000000000000000000e+00
7.109709432312438478e-05 1.000000000000000000e+00
7.142559285543133394e-05 1.000000000000000000e+00
7.175560918936921718e-05 1.000000000000000000e+00
7.208715033782135055e-05 1.000000000000000000e+00
7.242022334607315032e-05 1.000000000000000000e+00
7.275483529196232206e-05 1.000000000000000000e+00
7.309099328602918530e-05 1.000000000000000000e+00
7.342870447166758088e-05 1.000000000000000000e+00
7.376797602527730984e-05 1.000000000000000000e+00
7.410881515641570480e-05 1.000000000000000000e+00
7.445122910795143767e-05 1.000000000000000000e+00
7.479522515621828658e-05 1.000000000000000000e+00
7.514081061116962114e-05 1.000000000000000000e+00
7.548799281653431072e-05 1.000000000000000000e+00
7.583677914997190089e-05 1.000000000000000000e+00
7.618717702322998534e-05 1.000000000000000000e+00
7.653919388230155077e-05 1.000000000000000000e+00
7.689283720758305352e-05 1.000000000000000000e+00
7.724811451403400058e-05 1.000000000000000000e+00
7.760503335133570393e-05 1.000000000000000000e+00
7.796360130405236585e-05 1.000000000000000000e+00
7.832382599179204229e-05 1.000000000000000000e+00
7.868571506936843291e-05 1.000000000000000000e+00
7.904927622696420267e-05 1.000000000000000000e+00
7.941451719029339520e-05 1.000000000000000000e+00
7.978144572076628584e-05 1.000000000000000000e+00
8.015006961565413965e-05 1.000000000000000000e+00
8.052039670825470135e-05 1.000000000000000000e+00
8.089243486805937930e-05 1.000000000000000000e+00
8.126619200091945365e-05 1.000000000000000000e+00
8.164167604921472403e-05 1.000000000000000000e+00
8.201889499202211654e-05 1.000000000000000000e+00
8.239785684528511741e-05 1.000000000000000000e+00
8.277856966198472461e-05 1.000000000000000000e+00
8.316104153230961338e-05 1.000000000000000000e+00
8.354528058382871408e-05 1.000000000000000000e+00
8.393129498166373591e-05 1.000000000000000000e+00
8.431909292866250367e-05 1.000000000000000000e+00
8.470868266557402936e-05 1.000000000000000000e+00
8.510007247122245886e-05 1.000000000000000000e+00
8.549327066268385105e-05 1.000000000000000000e+00
8.588828559546259111e-05 1.000000000000000000e+00
8.628512566366887437e-05 1.000000000000000000e+00
8.668379930019773523e-05 1.000000000000000000e+00
8.708431497690723578e-05 1.000000000000000000e+00
8.748668120479914808e-05 1.000000000000000000e+00
8.789090653419963644e-05 1.000000000000000000e+00
8.829699955494083421e-05 1.000000000000000000e+00
8.870496889654403327e-05 1.000000000000000000e+00
8.911482322840201975e-05 1.000000000000000000e+00
8.952657125996401179e-05 1.000000000000000000e+00
8.994022174092052957e-05 1.000000000000000000e+00
9.035578346138920045e-05 1.000000000000000000e+00
9.077326525210223113e-05 1.000000000000000000e+00
9.119267598459298522e-05 1.000000000000000000e+00
9.161402457138520365e-05 1.000000000000000000e+00
9.203731996618230639e-05 1.000000000000000000e+00
9.246257116405733111e-05 1.000000000000000000e+00
9.288978720164497245e-05 1.000000000000000000e+00
9.331897715733238812e-05 1.000000000000000000e+00
9.375015015145289155e-05 1.000000000000000000e+00
9.418331534647960399e-05 1.000000000000000000e+00
9.461848194721991974e-05 1.000000000000000000e+00
9.505565920101190930e-05 1.000000000000000000e+00
9.549485639791966557e-05 1.000000000000000000e+00
9.593608287093146887e-05 1.000000000000000000e+00
9.637934799615795200e-05 1.000000000000000000e+00
9.682466119303114621e-05 1.000000000000000000e+00
9.727203192450537027e-05 1.000000000000000000e+00
9.772146969725725230e-05 1.000000000000000000e+00
9.817298406188840773e-05 1.000000000000000000e+00
9.862658461312830713e-05 1.000000000000000000e+00
9.908228099003787580e-05 1.000000000000000000e+00
9.954008287621518049e-05 1.000000000000000000e+00
1.000000000000000048e-04 1.000000000000000000e+00
