9.999999999999999547e-07 1.000000000000000000e+00
1.009271514630571795e-06 1.000000000000000000e+00
1.018628990244686430e-06 1.000000000000000000e+00
1.028073223830864688e-06 1.000000000000000000e+00
1.037605019766911805e-06 1.000000000000000000e+00
1.047225189888435394e-06 1.000000000000000000e+00
1.056934553557987269e-06 1.000000000000000000e+00
1.066733937734857050e-06 1.000000000000000000e+00
1.076624177045493213e-06 1.000000000000000000e+00
1.086606113854597953e-06 1.000000000000000000e+00
1.096680598336867487e-06 1.000000000000000000e+00
1.106848488549411890e-06 1.000000000000000000e+00
1.117110650504824176e-06 1.000000000000000000e+00
1.127467958244947345e-06 1.000000000000000000e+00
1.137921293915313960e-06 1.000000000000000000e+00
1.148471547840288990e-06 1.000000000000000000e+00
1.159119618598885814e-06 1.000000000000000000e+00
1.169866413101308149e-06 1.000000000000000000e+00
1.180712846666189074e-06 1.000000000000000000e+00
1.191659843098558720e-06 1.000000000000000000e+00
1.202708334768512033e-06 1.000000000000000000e+00
1.213859262690628910e-06 1.000000000000000000e+00
1.225113576604117707e-06 1.000000000000000000e+00
1.236472235053714927e-06 1.000000000000000000e+00
1.247936205471311460e-06 1.000000000000000000e+00
1.259506464258358937e-06 1.000000000000000000e+00
1.271183996869027608e-06 1.000000000000000000e+00
1.282969797894147525e-06 1.000000000000000000e+00
1.294864871145904843e-06 1.000000000000000000e+00
1.306870229743347683e-06 1.000000000000000000e+00
1.318986896198669140e-06 1.000000000000000000e+00
1.331215902504307683e-06 1.000000000000000000e+00
1.343558290220826187e-06 1.000000000000000000e+00
1.356015110565634823e-06 1.000000000000000000e+00
1.368587424502517782e-06 1.000000000000000000e+00
1.381276302832009359e-06 1.000000000000000000e+00
1.394082826282578537e-06 1.000000000000000000e+00
1.407008085602686427e-06 1.000000000000000000e+00
1.420053181653681648e-06 1.000000000000000000e+00
1.433219225503573858e-06 1.000000000000000000e+00
1.446507338521647125e-06 1.000000000000000000e+00
1.459918652473980043e-06 1.000000000000000000e+00
1.473454309619834269e-06 1.000000000000000000e+00
1.487115462808953834e-06 1.000000000000000000e+00
1.500903275579736475e-06 1.000000000000000000e+00
1.514818922258347287e-06 1.000000000000000000e+00
1.528863588058729597e-06 1.000000000000000000e+00
1.543038469183564517e-06 1.000000000000000000e+00
1.557344772926135124e-06 1.000000000000000000e+00
1.571783717773161133e-06 1.000000000000000000e+00
1.586356533508589652e-06 1.000000000000000000e+00
1.601064461318317682e-06 1.000000000000000000e+00
1.615908753895919187e-06 1.000000000000000000e+00
1.630890675549334193e-06 1.000000000000000000e+00
1.646011502308549753e-06 1.000000000000000000e+00
1.661272522034292912e-06 1.000000000000000000e+00
1.676675034527700932e-06 1.000000000000000000e+00
1.692220351641035485e-06 1.000000000000000000e+00
1.707909797389426842e-06 1.000000000000000000e+00
1.723744708063619884e-06 1.000000000000000000e+00
1.739726432343802417e-06 1.000000000000000000e+00
1.755856331414467071e-06 1.000000000000000000e+00
1.772135779080358465e-06 1.000000000000000000e+00
1.788566161883461801e-06 1.000000000000000000e+00
1.805148879221109955e-06 1.000000000000000000e+00
1.821885343465165254e-06 1.000000000000000000e+00
1.838776980082326952e-06 1.000000000000000000e+00
1.855825227755518885e-06 1.000000000000000000e+00
1.873031538506438410e-06 1.000000000000000000e+00
1.890397377819219616e-06 1.000000000000000000e+00
1.907924224765265228e-06 1.000000000000000000e+00
1.925613572129198713e-06 1.000000000000000000e+00
1.943466926536022134e-06 1.312029380703059439e-14
1.961485808579429362e-06 1.318399236493092443e-14
1.979671752951332661e-06 1.312400079747201410e-14
1.998026308572550550e-06 1.300343922049150203e-14
2.016551038724748437e-06 1.317385374997798230e-14
2.035247521183575675e-06 1.336306203921565639e-14
2.054117348353064285e-06 1.352499403026389189e-14
2.073162127401231305e-06 1.363867734551792807e-14
2.092383480396979220e-06 1.375331621728742200e-14
2.111783044448242377e-06 1.367441191307189470e-14
2.131362471841437407e-06 1.354879407061956886e-14
2.151123430182167256e-06 1.342433019679439047e-14
2.171067602537266918e-06 1.351856147212309828e-14
2.191196687578147241e-06 1.399752720882380109e-14
2.211512399725488909e-06 1.392109017957904167e-14
2.232016469295234499e-06 1.355335631142959393e-14
2.252710642645982801e-06 1.386122959271741114e-14
2.273596682327715100e-06 1.422642021510953935e-14
2.294676367231935999e-06 1.420024067611809719e-14
2.315951492743154674e-06 1.406979239012398346e-14
2.337423870891817523e-06 1.415259492597314412e-14
2.359095330508633751e-06 1.435584594230456710e-14
2.380967717380358287e-06 1.453762565905264305e-14
2.403042894406969757e-06 1.440407803877620055e-14
2.425322741760355330e-06 1.427175723278846189e-14
2.447809157044440178e-06 1.418157496678124211e-14
2.470504055456825507e-06 1.413392377432009501e-14
2.493409369951880510e-06 1.408643269356362542e-14
2.516527051405389061e-06 1.381445088596662372e-14
2.539859068780724019e-06 1.352817978897894863e-14
2.563407409296514869e-06 1.358182722549170544e-14
2.587174078595923857e-06 1.431397766371600932e-14
2.611161100917462053e-06 1.440684832757376964e-14
2.635370519267393157e-06 1.410826906839167054e-14
2.659804395593758544e-06 1.383817633779920689e-14
2.684464810961965071e-06 3.502034853073744596e-15
2.709353865732048743e-06 3.452790448700932814e-15
2.734473679737579937e-06 3.728556964715459193e-15
2.759826392466180516e-06 4.452933114112489467e-15
2.785414163241768898e-06 4.096754123903048094e-15
2.811239171408461075e-06 4.878994535473378861e-15
2.837303616516211435e-06 3.422501066841775352e-15
2.863609718508115888e-06 4.829989225657972670e-15
2.890159717909511546e-06 4.735347125128334700e-15
2.916955876018792919e-06 4.732154017541225730e-15
2.944000475100033559e-06 4.512526176947455278e-15
2.971295818577333959e-06 4.268481467577457881e-15
2.998844231231030804e-06 4.604971781331258824e-15
3.026648059395689231e-06 4.347035661000941942e-15
3.054709671159967875e-06 4.349672794127798134e-15
3.083031456568277085e-06 3.507420673006148523e-15
3.111615827824362867e-06 1.432455908521381716e-14
3.140465219496749226e-06 1.425380635180882043e-14
3.169582088726115117e-06 4.168201252859691718e-15
3.198968915434537847e-06 4.366325812150154051e-15
3.228628202536733772e-06 3.749356179460425991e-15
3.258562476153223031e-06 4.730634081717099503e-15
3.288774285825510224e-06 5.996367042631507246e-15
3.319266204733189963e-06 5.811769211441381711e-15
3.350040829913136129e-06 6.062465891657099392e-15
3.381100782480682084e-06 6.255720964968323723e-15
3.412448707852889659e-06 6.336730818456169009e-15
3.444087275973823496e-06 6.141555853676144975e-15
3.476019181541981086e-06 6.216421132389365749e-15
3.508247144239788729e-06 6.241130956493241448e-15
3.540773908965269697e-06 6.262584233284072242e-15
3.573602246065788486e-06 6.007310067494592925e-15
3.606734951574031651e-06 6.465667450844852349e-15
3.640174847446137571e-06 6.662015198402579748e-15
3.673924781802074229e-06 6.496797986975529916e-15
3.707987629168172278e-06 6.694727574956324978e-15
3.742366290721976852e-06 6.046466190837512829e-15
3.777063694539364774e-06 5.948471136738751982e-15
3.812082795843888179e-06 6.352252290344951725e-15
3.847426577258505938e-06 6.696149013960827943e-15
3.883098049059609255e-06 6.343326074205483346e-15
3.919100249433402028e-06 6.524408283903407770e-15
3.955436244734701173e-06 3.855016451527368742e-15
3.992109129748053595e-06 3.798664238016115114e-15
4.029122027951343848e-06 3.960546529974142588e-15
4.066478091781853959e-06 4.128438518040019819e-15
4.104180502904709349e-06 4.446340780750395499e-15
4.142232472483898033e-06 5.449296088204602605e-15
4.180637241455762313e-06 5.864694539134111778e-15
4.219398080805023945e-06 1.000000000000000000e+00
4.258518291843414780e-06 2.642799562695329326e-14
4.298001206490798531e-06 2.610160543227860281e-14
4.337850187558984404e-06 1.002600757708856864e-14
4.378068629038166541e-06 8.436294409051591642e-15
4.418659956385940975e-06 7.813042431878669092e-15
4.459627626819095778e-06 8.812016672756081770e-15
4.500975129608050721e-06 4.688632955167899504e-14
4.542705986374043022e-06 5.602768940137748050e-15
4.584823751389096440e-06 5.760936989940975691e-15
4.627332011878693252e-06 9.594379888846633623e-15
4.670234388327330377e-06 1.199676177739851468e+01
4.713534534786907132e-06 9.755981351289890302e-15
4.757236139187889561e-06 7.738485584685586128e-15
4.801342923653455473e-06 8.445657841341941199e-15
4.845858644816490594e-06 8.657183001245567434e-15
4.890787094139589993e-06 8.224826273232639043e-15
4.936132098237916544e-06 1.000000000000000000e+00
4.981897519205165464e-06 1.000000000000000000e+00
5.028087254942474832e-06 1.000000000000000000e+00
5.074705239490465890e-06 1.000000000000000000e+00
5.121755443364241186e-06 1.000000000000000000e+00
5.169241873891603982e-06 1.000000000000000000e+00
5.217168575554343925e-06 1.000000000000000000e+00
5.265539630332755835e-06 1.000000000000000000e+00
5.314359158053241704e-06 1.000000000000000000e+00
5.363631316739245757e-06 1.000000000000000000e+00
5.413360302965375215e-06 1.000000000000000000e+00
5.463550352214876149e-06 1.000000000000000000e+00
5.514205739240301802e-06 1.000000000000000000e+00
5.565330778427652055e-06 1.000000000000000000e+00
5.616929824163803614e-06 1.000000000000000000e+00
5.669007271207434205e-06 1.000000000000000000e+00
5.721567555063251900e-06 1.000000000000000000e+00
5.774615152359826014e-06 1.000000000000000000e+00
5.828154581230840030e-06 1.000000000000000000e+00
5.882190401699956262e-06 1.000000000000000000e+00
5.936727216069126249e-06 1.000000000000000000e+00
5.991769669310612853e-06 1.000000000000000000e+00
6.047322449462642738e-06 1.000000000000000000e+00
6.103390288028621462e-06 1.000000000000000000e+00
6.159977960380168701e-06 1.000000000000000000e+00
6.217090286163833819e-06 1.000000000000000000e+00
6.274732129711574816e-06 1.000000000000000000e+00
6.332908400455114979e-06 1.000000000000000000e+00
6.391624053344005319e-06 1.000000000000000000e+00
6.450884089267685838e-06 1.000000000000000000e+00
6.510693555481454163e-06 1.000000000000000000e+00
6.571057546036270392e-06 1.000000000000000000e+00
6.631981202212675134e-06 5.796542229992917793e-14
6.693469712958667425e-06 5.851904169293892981e-14
6.755528315331639933e-06 5.706944039206600602e-14
6.818162294944479024e-06 5.334551336894295117e-14
6.881376986415670447e-06 1.000000000000000000e+00
6.945177773823689313e-06 1.000000000000000000e+00
7.009570091165617612e-06 1.000000000000000000e+00
7.074559422819878311e-06 1.000000000000000000e+00
7.140151304013402828e-06 1.000000000000000000e+00
7.206351321293059920e-06 1.000000000000000000e+00
7.273165113001454420e-06 1.000000000000000000e+00
7.340598369757211859e-06 1.000000000000000000e+00
7.408656834939567709e-06 1.000000000000000000e+00
7.477346305177580577e-06 1.000000000000000000e+00
7.546672630843886349e-06 1.000000000000000000e+00
7.616641716552891624e-06 1.000000000000000000e+00
7.687259521663735955e-06 1.000000000000000000e+00
7.758532060787827210e-06 1.000000000000000000e+00
7.830465404301182155e-06 1.000000000000000000e+00
7.903065678861348643e-06 1.000000000000000000e+00
7.976339067929281247e-06 1.000000000000000000e+00
8.050291812295972131e-06 1.000000000000000000e+00
8.124930210614047241e-06 1.000000000000000000e+00
8.200260619934131279e-06 1.000000000000000000e+00
8.276289456246352480e-06 1.000000000000000000e+00
8.353023195026770343e-06 1.000000000000000000e+00
8.430468371788966871e-06 1.000000000000000000e+00
8.508631582640581106e-06 1.000000000000000000e+00
8.587519484845179956e-06 1.000000000000000000e+00
8.667138797389224784e-06 1.000000000000000000e+00
8.747496301554414961e-06 1.000000000000000000e+00
8.828598841495150878e-06 1.000000000000000000e+00
8.910453324821521320e-06 1.000000000000000000e+00
8.993066723187613580e-06 1.000000000000000000e+00
9.076446072885356405e-06 1.000000000000000000e+00
9.160598475443709407e-06 1.000000000000000000e+00
9.245531098233580113e-06 1.000000000000000000e+00
9.331251175078239952e-06 1.000000000000000000e+00
9.417766006869518703e-06 6.220026299783449414e-14
9.505082962189511427e-06 6.053249916747203365e-14
9.593209477938231583e-06 1.000000000000000000e+00
9.682153059967076467e-06 1.000000000000000000e+00
9.771921283717996588e-06 1.000000000000000000e+00
9.862521794868783995e-06 1.000000000000000000e+00
9.953962309984244107e-06 1.000000000000000000e+00
1.004625061717340349e-05 1.000000000000000000e+00
1.013939457675291793e-05 1.000000000000000000e+00
1.023340212191642326e-05 1.222492369224065447e-13
1.032828125941027455e-05 1.270124723985848998e-13
1.042404007021555839e-05 1.358667121298565438e-13
1.052068671023622922e-05 1.403520102027057051e-13
1.061822941099384578e-05 1.638644464659717965e-13
1.071667648032864333e-05 1.278504294721747089e-14
1.081603630310709413e-05 1.289213254103738262e-13
1.091631734193614770e-05 1.342101618165384177e-13
1.101752813788387281e-05 1.292821404934594299e-13
1.111967731120697757e-05 1.382725618833028407e-13
1.122277356208507171e-05 1.531351281391789294e-13
1.132682567136153756e-05 1.282895127228563086e-13
1.143184250129150245e-05 1.000000000000000000e+00
1.153783299629661965e-05 1.000000000000000000e+00
1.164480618372685418e-05 1.000000000000000000e+00
1.175277117462945156e-05 1.000000000000000000e+00
1.186173716452479112e-05 1.000000000000000000e+00
1.197171343418965608e-05 1.000000000000000000e+00
1.208270935044775918e-05 1.000000000000000000e+00
1.219473436696738346e-05 1.000000000000000000e+00
1.230779802506665817e-05 1.000000000000000000e+00
1.242190995452618695e-05 1.000000000000000000e+00
1.253707987440919595e-05 1.000000000000000000e+00
1.265331759388942887e-05 1.000000000000000000e+00
1.277063301308644688e-05 1.000000000000000000e+00
1.288903612390891593e-05 1.000000000000000000e+00
1.300853701090570549e-05 1.814385870106873518e-13
1.312914585212465286e-05 1.781898865553239519e-13
1.325087291997953872e-05 1.709135649659029920e-13
1.337372858212497726e-05 1.631461538484614759e-13
1.349772330233941753e-05 1.698529204959465089e-13
1.362286764141646776e-05 1.635290423048251881e-13
1.374917225806420378e-05 1.614426720512663313e-13
1.387664790981307146e-05 1.596518560399148223e-13
1.400530545393219677e-05 1.000000000000000000e+00
1.413515584835395615e-05 1.000000000000000000e+00
1.426621015260735425e-05 1.000000000000000000e+00
1.439847952876006526e-05 1.000000000000000000e+00
1.453197524236895456e-05 1.000000000000000000e+00
1.466670866343968579e-05 1.000000000000000000e+00
1.480269126739510142e-05 1.000000000000000000e+00
1.493993463605256153e-05 1.000000000000000000e+00
1.507845045861051021e-05 1.000000000000000000e+00
1.521825053264386973e-05 1.000000000000000000e+00
1.535934676510895361e-05 1.000000000000000000e+00
1.550175117335768696e-05 1.000000000000000000e+00
1.564547588616095950e-05 1.000000000000000000e+00
1.579053314474175671e-05 1.000000000000000000e+00
1.593693530381776085e-05 1.000000000000000000e+00
1.608469483265355222e-05 1.000000000000000000e+00
1.623382431612278168e-05 1.000000000000000000e+00
1.638433645577984691e-05 1.000000000000000000e+00
1.653624407094178729e-05 1.000000000000000000e+00
1.668956009978023132e-05 1.000000000000000000e+00
1.684429760042315268e-05 1.000000000000000000e+00
1.700046975206718038e-05 2.969469827181853169e-14
1.715808985610006650e-05 3.064892328341614526e-14
1.731717133723352834e-05 3.303941021092171864e-14
1.747772774464680730e-05 2.954034023877924235e-14
1.763977275314045312e-05 3.851509186057953480e-14
1.780332016430111953e-05 3.123437107663966568e-14
1.796838390767719178e-05 1.543395457297753353e-04
1.813497804196495463e-05 3.800730459143160712e-14
1.830311675620613092e-05 2.903871520156965603e-14
1.847281437099636042e-05 3.070186012146634478e-14
1.864408533970485275e-05 2.665920141669730635e-14
1.881694424970555652e-05 3.531863706032719158e-14
1.899140582361935687e-05 3.222248384402524938e-14
1.916748492056813148e-05 3.673116934347806186e-14
1.934519653744044138e-05 2.577768545912806437e-14
1.952455581016860933e-05 1.688003133355707870e-13
1.970557801501800563e-05 1.688976668701464919e-13
1.988827856988811775e-05 2.542543588775573016e-14
2.007267303562568187e-05 5.984015632085228543e-13
2.025877711735017084e-05 4.499767105956433142e-13
2.044660666579117787e-05 4.414683144722471498e-13
2.063617767863856672e-05 4.500577272970365890e-13
2.082750630190514444e-05 4.557735140051992084e-13
2.102060883130158218e-05 4.488993318949342588e-13
2.121550171362452265e-05 3.909553330871929428e-13
2.141220154815731504e-05 4.044645776862915976e-13
2.161072508808376392e-05 3.966395433064587312e-13
2.181108924191520014e-05 3.449288615329535413e-13
2.201331107493032503e-05 1.936339635513935310e-13
2.221740781062882397e-05 3.211719466974073888e-13
2.242339683219845119e-05 3.405047887536303362e-13
2.263129568399529777e-05 6.904098463389287677e-01
2.284112207303820846e-05 6.840675044630026846e-01
2.305289387051705937e-05 6.777834255169630229e-01
2.326662911331457806e-05 4.864051461942760289e-14
2.348234600554276300e-05 4.320621379974671229e-14
2.370006292009330286e-05 4.211349004734693248e-14
2.391979840020237163e-05 4.435092650166128631e-14
2.414157116103017906e-05 6.472184130608715780e-01
2.436540009125465973e-05 6.412728425192657511e-01
2.459130425468041554e-05 6.353818900298549011e-01
2.481930289186252869e-05 6.295450538524577366e-01
2.504941542174502495e-05 6.237618368560543525e-01
2.528166144331500363e-05 6.180317464764402136e-01
2.551606073727186511e-05 2.795995503106438651e-13
2.575263326771198816e-05 4.024385139571353454e-13
2.599139918382932824e-05 3.247907713658212229e-13
2.623237882163123512e-05 4.197564969636560184e-13
2.647559270567063870e-05 5.901612685064255848e-01
2.672106155079432497e-05 5.847398444832211384e-01
2.696880626390692621e-05 5.793682235223452937e-01
2.721884794575179758e-05 5.740459481157693666e-01
2.747120789270814318e-05 5.687725649582907606e-01
2.772590759860481179e-05 5.635476249089247380e-01
2.798296875655115857e-05 5.583706829526469129e-01
2.824241326078435614e-05 5.532412981624967863e-01
2.850426320853431721e-05 5.481590336620203452e-01
2.876854090190591356e-05 5.431234565880574960e-01
2.903526884977813914e-05 5.381341380538807728e-01
2.930446976972144368e-05 5.331906531126625604e-01
2.957616658993256599e-05 5.282925807212826008e-01
2.985038245118729389e-05 1.000000000000000000e+00
3.012714070881164201e-05 1.000000000000000000e+00
3.040646493467068516e-05 1.000000000000000000e+00
3.068837891917639232e-05 1.000000000000000000e+00
3.097290667331406490e-05 1.000000000000000000e+00
3.126007243068703358e-05 1.000000000000000000e+00
3.154990064958088780e-05 1.000000000000000000e+00
3.184241601504656015e-05 1.000000000000000000e+00
3.213764344100275702e-05 1.000000000000000000e+00
3.243560807235811494e-05 1.000000000000000000e+00
3.273633528715247956e-05 1.000000000000000000e+00
3.303985069871854727e-05 1.000000000000000000e+00
3.334618015786362555e-05 1.000000000000000000e+00
3.365534975507094288e-05 1.000000000000000000e+00
3.396738582272209374e-05 1.000000000000000000e+00
3.428231493733974476e-05 1.000000000000000000e+00
3.460016392185108963e-05 1.000000000000000000e+00
3.492095984787271714e-05 1.000000000000000000e+00
3.524473003801587571e-05 1.000000000000000000e+00
3.557150206821382176e-05 1.000000000000000000e+00
3.590130377007068275e-05 1.000000000000000000e+00
3.623416323323149602e-05 1.000000000000000000e+00
3.657010880777486001e-05 1.000000000000000000e+00
3.690916910662774388e-05 1.000000000000000000e+00
3.725137300800209639e-05 1.000000000000000000e+00
3.759674965785467698e-05 1.000000000000000000e+00
3.794532847236942478e-05 1.000000000000000000e+00
3.829713914046277195e-05 1.000000000000000000e+00
3.865221162631261983e-05 1.000000000000000000e+00
3.901057617190993419e-05 1.000000000000000000e+00
3.937226329963475538e-05 1.000000000000000000e+00
3.973730381485604063e-05 1.000000000000000000e+00
4.010572880855495893e-05 1.000000000000000000e+00
4.047756965997322426e-05 1.000000000000000000e+00
4.085285803928565397e-05 1.000000000000000000e+00
4.123162591029748078e-05 1.000000000000000000e+00
4.161390553316706906e-05 1.000000000000000000e+00
4.199972946715305953e-05 1.000000000000000000e+00
4.238913057338774485e-05 1.000000000000000000e+00
4.278214201767612727e-05 1.000000000000000000e+00
4.317879727332021785e-05 1.000000000000000000e+00
4.357913012397029843e-05 1.000000000000000000e+00
4.398317466650228581e-05 1.000000000000000000e+00
4.439096531392166557e-05 1.000000000000000000e+00
4.480253679829489699e-05 1.000000000000000000e+00
4.521792417370702164e-05 1.000000000000000000e+00
4.563716281924754263e-05 1.000000000000000000e+00
4.606028844202398492e-05 1.000000000000000000e+00
4.648733708020256735e-05 1.000000000000000000e+00
4.691834510607799239e-05 1.000000000000000000e+00
4.735334922917120825e-05 1.000000000000000000e+00
4.779238649935594978e-05 1.000000000000000000e+00
4.823549431001467481e-05 1.000000000000000000e+00
4.868271040122283883e-05 1.000000000000000000e+00
4.913407286296356800e-05 1.000000000000000000e+00
4.958962013837211379e-05 1.000000000000000000e+00
5.004939102700953370e-05 1.000000000000000000e+00
5.051342468816766475e-05 1.000000000000000000e+00
5.098176064420429873e-05 1.000000000000000000e+00
5.145443878390924374e-05 1.000000000000000000e+00
5.193149936590212571e-05 1.000000000000000000e+00
5.241298302206061528e-05 1.000000000000000000e+00
5.289893076098145871e-05 1.000000000000000000e+00
5.338938397147349941e-05 1.000000000000000000e+00
5.388438442608223624e-05 1.000000000000000000e+00
5.438397428464801243e-05 1.000000000000000000e+00
5.488819609789677119e-05 1.000000000000000000e+00
5.539709281106400149e-05 1.000000000000000000e+00
5.591070776755293102e-05 1.000000000000000000e+00
5.642908471262542147e-05 1.000000000000000000e+00
5.695226779712818843e-05 1.000000000000000000e+00
5.748030158125351247e-05 1.000000000000000000e+00
5.801323103833378413e-05 1.000000000000000000e+00
5.855110155867232220e-05 1.000000000000000000e+00
5.909395895340964548e-05 1.000000000000000000e+00
5.964184945842459482e-05 1.000000000000000000e+00
6.019481973827274491e-05 1.000000000000000000e+00
6.075291689016077101e-05 1.000000000000000000e+00
6.131618844795768525e-05 1.000000000000000000e+00
6.188468238624383032e-05 1.000000000000000000e+00
6.245844712439617354e-05 1.000000000000000000e+00
6.303753153071268653e-05 1.000000000000000000e+00
6.362198492657482091e-05 2.038301110664838565e-12
6.421185709064758558e-05 1.907969199252101034e-12
6.480719826311971232e-05 7.005992931242212007e-01
6.540805914998259519e-05 1.133208746512473111e-12
6.601449092734883043e-05 8.157497351949230728e-13
6.662654524581149520e-05 6.814682815233807922e-01
6.724427423484249835e-05 1.000000000000000000e+00
6.786773050723287617e-05 1.000000000000000000e+00
6.849696716357439629e-05 1.000000000000000000e+00
6.913203779678127705e-05 1.000000000000000000e+00
6.977299649665538337e-05 1.000000000000000000e+00
7.041989785449296116e-05 1.000000000000000000e+00
7.107279696773411630e-05 1.000000000000000000e+00
7.173174944465612261e-05 1.000000000000000000e+00
7.239681140910876969e-05 1.000000000000000000e+00
7.306803950529492200e-05 1.000000000000000000e+00
7.374549090259546248e-05 1.000000000000000000e+00
7.442922330043757714e-05 1.000000000000000000e+00
7.511929493320968745e-05 1.000000000000000000e+00
7.581576457522117387e-05 1.000000000000000000e+00
7.651869154570817787e-05 1.000000000000000000e+00
7.722813571388641781e-05 1.000000000000000000e+00
7.794415750404951407e-05 1.000000000000000000e+00
7.866681790071573745e-05 1.000000000000000000e+00
7.939617845382276060e-05 1.000000000000000000e+00
8.013230128396886748e-05 1.000000000000000000e+00
8.087524908770457827e-05 1.000000000000000000e+00
8.162508514287237214e-05 1.000000000000000000e+00
8.238187331399601234e-05 1.000000000000000000e+00
8.314567805772063902e-05 1.000000000000000000e+00
8.391656442830161045e-05 1.000000000000000000e+00
8.469459808314576551e-05 1.000000000000000000e+00
8.547984528840405014e-05 1.000000000000000000e+00
8.627237292461450513e-05 1.000000000000000000e+00
8.707224849239921991e-05 1.000000000000000000e+00
8.787954011821328749e-05 1.000000000000000000e+00
8.869431656014704793e-05 1.000000000000000000e+00
8.951664721378301622e-05 1.000000000000000000e+00
9.034660211810533977e-05 1.000000000000000000e+00
9.118425196146562090e-05 1.000000000000000000e+00
9.202966808760410129e-05 1.000000000000000000e+00
9.288292250172498895e-05 1.000000000000000000e+00
9.374408787662981695e-05 1.000000000000000000e+00
9.461323755890760085e-05 1.000000000000000000e+00
9.549044557518077841e-05 1.000000000000000000e+00
9.637578663841088868e-05 1.000000000000000000e+00
9.726933615426178170e-05 1.000000000000000000e+00
9.817117022752183588e-05 1.000000000000000000e+00
9.908136566858666023e-05 1.000000000000000000e+00
1.000000000000000048e-04 1.000000000000000000e+00
