1.000000000000000062e-09 inf
1.037566678745184859e-09 inf
1.076544612842313713e-09 inf
1.116986818467824918e-09 inf
1.158948303439811852e-09 inf
1.202486142037412252e-09 inf
1.247659552630868486e-09 inf
1.294529978227913385e-09 inf
1.343161170046018108e-09 inf
1.393619274224143430e-09 inf
1.445972921792019487e-09 inf
1.500293322019216635e-09 inf
1.556654359271058852e-09 inf
1.615132693503092910e-09 inf
1.675807864530768695e-09 inf
1.738762400216250490e-09 inf
1.804081928719380848e-09 inf
1.871855294965575241e-09 inf
1.942174681489028384e-09 inf
2.015135733815558692e-09 inf
2.090837690555750018e-09 inf
2.169383518385182324e-09 inf
2.250880052095456943e-09 inf
2.335438139906481792e-09 inf
2.423172794237600616e-09 inf
2.514203348142796404e-09 inf
2.608653617622545275e-09 inf
2.706652070033235573e-09 inf
2.808331998823175288e-09 inf
2.913831704832788441e-09 inf
3.023294684405776500e-09 inf
3.136869824566873436e-09 inf
3.254711605531841397e-09 inf
3.376980310825094868e-09 inf
3.503842245290675550e-09 inf
3.635469961293317864e-09 inf
3.772042493416993219e-09 inf
3.913745601980375746e-09 inf
4.060772025700369330e-09 inf
4.213321743847288560e-09 inf
4.371602248248502101e-09 inf
4.535828825510181508e-09 inf
4.706224849841272109e-09 inf
4.883022086877884907e-09 inf
5.066461008921268850e-09 inf
5.256791122018418742e-09 inf
5.454271305329824980e-09 inf
5.659170163246253667e-09 inf
5.871766390733261417e-09 inf
6.092349152400711915e-09 inf
6.321218475812448262e-09 inf
6.558685659571421930e-09 inf
6.805073696735220583e-09 inf
7.060717714137780276e-09 inf
7.325965428215230231e-09 inf
7.601177617955321768e-09 inf
7.886728615614140093e-09 inf
8.183006815867407059e-09 inf
8.490415204088755681e-09 inf
8.809371904473990738e-09 inf
9.140310748756223187e-09 inf
9.483681866285908516e-09 inf
9.839952296278246863e-09 inf
1.020960662306047573e-08 inf
1.059314763518370056e-08 inf
1.099109700929496082e-08 inf
1.140399601970033145e-08 inf
1.183240627458378064e-08 inf
1.227691047988360371e-08 inf
1.273811323186478490e-08 inf
1.321664183946603785e-08 inf
1.371314717753945635e-08 inf
1.422830457214351951e-08 inf
1.476281471909391107e-08 inf
1.531740463702079658e-08 inf
1.589282865622976313e-08 inf
1.648986944471064949e-08 inf
1.710933907269013422e-08 inf
1.775208011717635890e-08 inf
1.841896680799710973e-08 inf
1.911090621689136038e-08 inf
1.982883949127071522e-08 inf
2.057374313432911572e-08 inf
2.134663033324245531e-08 inf
2.214855233726359314e-08 inf
2.298059988758848805e-08 inf
2.384390470093720493e-08 inf
2.473964100886811721e-08 inf
2.566902715491951870e-08 inf
2.663332725174980819e-08 inf
2.763385290053167092e-08 inf
2.867196497493769701e-08 inf
2.974907547214443461e-08 inf
3.086664943337274587e-08 inf
3.202620693657650376e-08 inf
3.322932516398968173e-08 inf
3.447764054734464087e-08 inf
3.577285099367877271e-08 inf
3.711671819475766704e-08 inf
3.851107002325568895e-08 inf
3.995780301895265296e-08 inf
4.145888496832911445e-08 inf
4.301635758106799408e-08 inf
4.463233926710397617e-08 inf
4.630902801799736922e-08 inf
4.804870439655133916e-08 inf
4.985373463873893508e-08 inf
5.172657387216024261e-08 inf
5.366976945540476201e-08 inf
5.568596444286409076e-08 inf
5.777790117970506864e-08 inf
5.994842503189409424e-08 inf
6.220048825634717397e-08 inf
6.453715401646701557e-08 inf
6.696160054853215003e-08 inf
6.947712548460239619e-08 inf
7.208715033782135997e-08 inf
7.479522515621828447e-08 inf
7.760503335133571367e-08 inf
8.052039670825470146e-08 inf
8.354528058382871641e-08 inf
8.668379930019773693e-08 inf
8.994022174092052851e-08 inf
9.331897715733238557e-08 inf
9.682466119303114197e-08 inf
1.004620421346813191e-07 inf
1.042360673976401193e-07 inf
1.081518702552289267e-07 inf
1.122147768207980182e-07 inf
1.164303132920875608e-07 inf
1.208042134677328965e-07 inf
1.253424265461399463e-07 inf
1.300511252173409858e-07 inf
1.349367140588306542e-07 inf
1.400058382468096094e-07 inf
1.452653925946781319e-07 inf
1.507225309310755644e-07 inf
1.563846758302247888e-07 inf
1.622595287078087161e-07 inf
1.683550802961200715e-07 inf
1.746796215127245821e-07 inf
1.812417547374239559e-07 inf
1.880504055128583390e-07 inf
1.951148346846616452e-07 inf
2.024446509976801771e-07 inf
2.100498241653915226e-07 inf
2.179406984302958033e-07 inf
2.261280066337279425e-07 inf
2.346228848142262482e-07 inf
2.434368873543108097e-07 inf
2.525820026962784589e-07 inf
2.620706696483855182e-07 inf
2.719157943036018654e-07 inf
2.821307675939470486e-07 inf
2.927294835042813087e-07 inf
3.037263579703311401e-07 inf
3.151363484866482632e-07 inf
3.269749744511767709e-07 inf
3.392583382740991617e-07 inf
3.520031472796675245e-07 inf
3.652267364308175408e-07 inf
3.789470919074671311e-07 inf
3.931828755705770411e-07 inf
4.079534503452448768e-07 inf
4.232789065573544203e-07 inf
4.391800892596086081e-07 inf
4.556786265841068862e-07 inf
4.727969591600390720e-07 inf
4.905583706365045857e-07 inf
5.089870193519674348e-07 inf
5.281079711934330832e-07 inf
5.479472336900292506e-07 inf
5.685317913873753326e-07 inf
5.898896425508493171e-07 inf
6.120498372476690149e-07 inf
6.350425168595961618e-07 inf
6.588989550799956693e-07 inf
6.836516004510238597e-07 inf
7.093341204987989912e-07 inf
7.359814475265755659e-07 inf
7.636298261282241323e-07 inf
7.923168624866261349e-07 inf
8.220815755240541055e-07 inf
8.529644499741016815e-07 inf
8.850074914473438936e-07 inf
9.182542835656281997e-07 inf
9.527500472427299601e-07 inf
9.885417021919573755e-07 inf
1.025677930744420800e-06 1.742998218975409868e-06
1.064209244064724734e-06 1.679890319033142211e-06
1.104188050854160104e-06 1.619067336534720229e-06
1.145668728634872535e-06 1.560446542570920724e-06
1.188707697711903258e-06 1.503948203558442638e-06
1.233363497913774651e-06 1.449495472789557462e-06
1.279696868215941599e-06 1.397014285908399816e-06
1.327770829355428974e-06 1.346433260171697695e-06
1.377650769549055003e-06 1.297683597356892868e-06
1.429404533431761129e-06 1.250698990185660819e-06
1.483102514336102938e-06 1.205415532135471639e-06
1.538817750038346454e-06 1.161771630516582991e-06
1.596626022101425042e-06 1.119707922696215970e-06
1.656605958949915221e-06 1.079167195355935193e-06
1.718839142817145670e-06 1.040094306672474380e-06
1.783410220710006267e-06 1.002436111316090405e-06
1.850407019542302094e-06 9.661413881644861222e-07
1.919920665593286790e-06 9.311607706339594489e-07
1.992045708453871112e-06 8.974466795330099903e-07
2.066880249629081940e-06 8.649532583470841768e-07
2.144526075971665166e-06 8.336363108664435020e-07
2.225088798128369440e-06 8.034532410723010537e-07
2.308677994187171861e-06 7.743629951994813069e-07
2.395407358720879439e-06 7.463260058967800926e-07
2.485394857429798321e-06 7.193041384090840027e-07
2.578762887593798400e-06 6.932606387080566916e-07
2.675638444552045216e-06 6.681600835008239586e-07
2.776153294436803851e-06 6.439683320486773949e-07
2.880444153396297871e-06 6.206524797302487380e-07
2.988652873550382432e-06 5.981808132860001565e-07
3.100926635931923420e-06 5.765227676831619386e-07
3.217418150676371353e-06 5.556488845424348214e-07
3.338285864731764305e-06 5.355307720699220665e-07
3.463694177371734305e-06 5.161410664397817467e-07
3.593813663804625731e-06 4.974533945750780120e-07
3.728821307182830034e-06 4.794423382762151888e-07
3.868900739327975137e-06 4.620833996481493075e-07
4.014242490499326145e-06 4.453529677793662549e-07
4.165044248545185487e-06 4.292282866272926051e-07
4.321511127789761941e-06 4.136874240664646835e-07
4.483855948021182007e-06 3.987092420573596994e-07
4.652299523960189328e-06 3.842733678953056962e-07
4.827070965603187770e-06 3.703601665003722288e-07
5.008407989848212285e-06 3.569507137105437744e-07
5.196557243827657437e-06 3.440267705418545205e-07
5.391774640387493965e-06 3.315707583804777706e-07
5.594325706169377607e-06 3.195657350730200990e-07
5.804485942768984057e-06 3.079953718825056236e-07
6.022541201461927933e-06 2.968439312787009138e-07
6.248788072006888211e-06 2.860962455325751271e-07
6.483534286054714006e-06 2.757376960857831157e-07
6.727099135712336363e-06 2.657541936671047500e-07
6.979813907830666803e-06 2.561321591288019488e-07
7.242022334607315201e-06 2.468585049768210541e-07
7.514081061116962114e-06 2.379206175697232976e-07
7.796360130405221000e-06 2.293063399621317423e-07
8.089243486805938269e-06 2.210039553693555264e-07
8.393129498166373591e-06 2.130021712307043277e-07
8.708431497690724595e-06 2.052901038498127873e-07
9.035578346138921401e-06 1.978572635910851048e-07
9.375015015145289832e-06 1.906935406121270725e-07
9.727203192450536350e-06 1.837891911127567449e-07
1.009262190987048422e-05 1.771348240818872818e-07
1.047176819485520245e-05 1.707213885242643344e-07
1.086515774652537261e-05 1.645401611496735984e-07
1.127332563710487184e-05 1.585827345078827014e-07
1.169682703970384617e-05 1.528410055531755426e-07
1.213623798344241821e-05 1.473071646229218428e-07
1.259215613694150976e-05 1.419736848151991361e-07
1.306520162124719865e-05 1.368333117510092507e-07
1.355601785329368979e-05 1.318790537071726334e-07
1.406527242105236405e-05 1.271041721064759455e-07
1.459365799155757585e-05 1.225021723521357458e-07
1.514189325304351951e-05 1.180667949941181025e-07
1.571072389247448757e-05 1.137920072152914922e-07
1.630092360979741085e-05 1.096719946258387327e-07
1.691329517029647124e-05 1.057011533547647553e-07
1.754867149648151891e-05 1.018740824277411125e-07
1.820791680099462562e-05 9.818557642092540022e-08
1.889192776207664550e-05 9.463061838075731024e-08
1.960163474319185636e-05 9.120437300010610783e-08
2.033800305846979900e-05 8.790218004148619778e-08
2.110203428568596656e-05 8.471954799839312071e-08
2.189476762856620837e-05 8.165214798614337781e-08
2.271728133026902697e-05 7.869580785390299995e-08
2.357069413996727640e-05 7.584650650990082320e-08
2.445616683452444078e-05 7.310036845210591111e-08
2.537490379733571647e-05 7.045365849692868047e-08
2.632815465648020122e-05 6.790277669877959352e-08
2.731721598441379118e-05 6.544425345357071616e-08
2.834343306151309184e-05 6.307474477950454102e-08
2.940820170587060722e-05 6.079102776872715692e-08
3.051297017182870932e-05 5.858999620366244406e-08
3.165924111983520818e-05 5.646865633206356093e-08
3.284857366030047033e-05 5.442412279503390962e-08
3.408258547423451975e-05 5.245361470248206030e-08
3.536295501355038955e-05 5.055445185066905994e-08
3.669142378402493983e-05 4.872405107670635058e-08
3.806979871402284228e-05 4.695992274504456211e-08
3.949995461220647160e-05 4.525966736117333929e-08
4.098383671757261184e-05 4.362097230792877110e-08
4.252346334528677981e-05 4.204160869996636307e-08
4.412092863191189777e-05 4.051942835212351867e-08
4.577840538376616169e-05 3.905236085754701520e-08
4.749814803228504342e-05 3.763841077161054052e-08
4.928249570040513461e-05 3.627565489779392011e-08
5.113387538414321102e-05 3.496223967183012367e-08
5.305480525369573859e-05 3.369637864056387616e-08
5.504789807854967469e-05 3.247635003209209794e-08
5.711586478126435033e-05 3.130049441388033665e-08
5.926151812475552303e-05 3.016721243567171024e-08
6.148777653810016887e-05 2.907496265411627519e-08
6.379766808606282991e-05 2.802225943616363264e-08
6.619433458774387382e-05 2.700767093836635604e-08
6.868103588995308007e-05 2.602981715934527738e-08
7.126115430111745026e-05 2.508736806276902228e-08
7.393819919175873207e-05 2.417904176829309616e-08
7.671581176779302693e-05 2.330360280799958814e-08
7.959777002314977982e-05 2.245986044596436112e-08
8.258799387844272151e-05 2.164666705866737957e-08
8.569055051268346837e-05 2.086291657404272446e-08
8.890965989529167504e-05 2.010754296704471117e-08
9.224970052592173923e-05 1.937951880968500876e-08
9.571521538991856182e-05 1.867785387356720031e-08
9.931091813749800526e-05 1.800159378301916411e-08
1.030416994950587503e-04 1.734981871699077612e-08
1.069126339173477141e-04 1.672164215795105529e-08
1.109289864895222780e-04 1.611620968608390300e-08
1.150962200885031106e-04 1.553269781714132020e-08
1.194200028133532475e-04 1.497031288237423354e-08
1.239062156947915523e-04 1.442828994901712663e-08
1.285609606943296460e-04 1.390589177985787002e-08
1.333905690039058638e-04 1.340240783047833900e-08
1.384016096573130147e-04 1.291715328280104235e-08
1.436008984651260766e-04 1.244946811362793277e-08
1.489955072852853580e-04 1.199871619690418653e-08
1.545927736419478403e-04 1.156428443848563168e-08
1.604003107056819902e-04 1.114558194223360877e-08
1.664260176485901990e-04 1.074203920630226966e-08
1.726780903884355897e-04 1.035310734852576771e-08
1.791650327363899435e-04 9.978257359851431806e-09
1.858956679635688372e-04 9.616979384803454096e-09
1.928791508020777693e-04 9.268782027998492231e-09
2.001249798969034841e-04 8.933191685770013128e-09
2.076430107255774669e-04 8.609751901992129836e-09
2.154434690031882321e-04 8.298022747226790039e-09
2.235369645909796640e-04 7.997580220350054307e-09
2.319345059274427543e-04 7.708015671843075004e-09
2.406475150015421731e-04 7.428935247964030504e-09
2.496878428884326717e-04 7.159959355044492677e-09
2.590677858688006222e-04 6.900722143181770233e-09
2.688001021537607393e-04 6.650871008625087228e-09
2.788980292380439777e-04 6.410066114178354193e-09
2.893753019050953517e-04 6.177979926967730099e-09
3.002461709085549389e-04 5.954296772945038316e-09
3.115254223555484806e-04 5.738712407520677602e-09
3.232283978181380805e-04 5.530933601743048591e-09
3.353710152002928996e-04 5.330677743460366064e-09
3.479697903887695181e-04 5.137672452923385385e-09
3.610418597173337151e-04 4.951655212305794292e-09
3.746050032748989293e-04 4.772373008638076177e-09
3.886776690892667719e-04 4.599581989670004490e-09
4.032789982193705223e-04 4.433047132192660119e-09
4.184288507901584705e-04 4.272541922369646309e-09
4.341478330055092592e-04 4.117848047642395876e-09
4.504573251759453885e-04 3.968755099790244722e-09
4.673795107992463507e-04 3.825060288742105484e-09
4.849374067335233355e-04 3.686568166749598265e-09
5.031548945038056761e-04 3.553090362547161384e-09
5.220567527846975506e-04 3.424445325137293222e-09
5.416686911033146909e-04 3.300458076852220968e-09
5.620173848083188321e-04 3.180959975356704410e-09
5.831305113526218760e-04 3.065788484267538796e-09
6.050367879391224625e-04 2.954786952078335283e-09
6.277660105806500508e-04 2.847804399088659329e-09
6.513490946272796050e-04 2.744695312047542750e-09
6.758181168161110511e-04 2.645319446232534713e-09
7.012063589007177470e-04 2.549541634694493467e-09
7.275483529196232748e-04 2.457231604409129810e-09
7.548799281653431614e-04 2.368263799085060302e-09
7.832382599179204229e-04 2.282517208387211914e-09
8.126619200091945907e-04 2.199875203343701206e-09
8.431909292866251451e-04 2.120225377711813206e-09
8.748668120479914266e-04 2.043459395087714425e-09
9.077326525210223113e-04 1.969472841551780550e-09
9.418331534647960942e-04 1.898165083649003332e-09
9.772146969725724417e-04 1.829439131511635857e-09
1.013925407558814327e-03 1.763201506937489283e-09
1.052015217616159145e-03 1.699362116244776980e-09
1.091535935331391146e-03 1.637834127730434684e-09
1.132541315152812630e-03 1.578533853565147317e-09
1.175087130904807617e-03 1.521380635964715735e-09
1.219231251649109411e-03 1.466296737482594452e-09
1.265033720395903781e-03 1.413207235274654684e-09
1.312556835771842671e-03 1.362039919192247625e-09
1.361865236756082701e-03 1.312725193564879557e-09
1.413025990599533653e-03 1.265195982539133476e-09
1.466108684046982941e-03 1.219387638844801223e-09
1.521185517986104949e-03 1.175237855864359926e-09
1.578331405652116590e-03 1.132686582886101410e-09
1.637624074521689017e-03 1.091675943425581364e-09
1.699144172034625999e-03 1.052150156504481577e-09
1.762975375287203833e-03 1.014055460779574871e-09
1.829204504846293749e-03 9.773400414187853878e-10
1.897921642839099556e-03 9.419539596248093823e-10
1.969220255479173665e-03 9.078490847103804732e-10
2.043197320195270540e-03 8.749790286329524465e-10
2.119953457536068869e-03 8.432990828995558127e-10
2.199593068030074750e-03 8.127661577561681907e-10
2.282224474186896144e-03 7.833387235788226571e-10
2.367960067833078681e-03 7.549767543866922413e-10
2.456916462982790088e-03 7.276416734004488978e-10
2.549214654451420307e-03 7.012963005716857252e-10
2.644980182427719966e-03 6.759048020121640849e-10
2.744343303228362341e-03 6.514326412540487882e-10
2.847439166467247759e-03 6.278465322748002531e-10
2.954407998880379926e-03 6.051143942229399431e-10
3.065395295056529829e-03 5.832053077829704520e-10
3.180552015332919948e-03 5.620894731202108696e-10
3.300034791125281905e-03 5.417381693483009449e-10
3.424006137971425789e-03 5.221237154642123717e-10
3.552634676578139260e-03 5.032194326977227917e-10
3.686095362172161528e-03 4.849996082240301967e-10
3.824569722466999305e-03 4.674394601902388896e-10
3.968246104569478003e-03 4.505151040081143605e-10
4.117319931161679374e-03 4.342035198672317474e-10
4.271993966306776754e-03 4.184825214244061452e-10
4.432478591240400501e-03 4.033307256267246775e-10
4.598992090522438167e-03 3.887275236272084164e-10
4.771760948938740844e-03 3.746530527535158598e-10
4.951020159556351191e-03 3.610881694915388054e-10
5.137013543351338918e-03 3.480144234472068709e-10
5.329994080844092930e-03 3.354140322510062341e-10
5.530224256192900478e-03 3.232698573711414396e-10
5.737976414214127942e-03 3.115653808024171888e-10
5.953533130814370189e-03 3.002846825991151537e-10
6.177187597338488351e-03 2.894124192213595478e-10
6.409244019356457114e-03 2.789338026654536688e-10
6.650018030431118291e-03 2.688345803498530138e-10
6.899837121430010822e-03 2.591010157293967361e-10
7.159041085964888522e-03 2.497198696114142593e-10
7.427982482564910414e-03 2.406783821483368510e-10
7.707027114212303652e-03 2.319642554822684760e-10
7.996554525892346499e-03 2.235656370179515173e-10
8.296958520834915238e-03 2.154711033013588321e-10
8.608647696149244674e-03 2.076696444819776120e-10
8.932045998580958809e-03 2.001506493376692477e-10
9.267593301146882789e-03 1.929038908417220704e-10
9.615746001432095430e-03 1.859195122524712318e-10
9.976977642363210955e-03 1.791880137065687746e-10
1.035177955630176179e-02 1.727002392976571414e-10
1.074066153333432319e-02 1.664473646228864994e-10
1.114415251466788215e-02 1.604208847803256841e-10
1.156280131207375328e-02 1.546126028009450665e-10
1.199717735435885599e-02 1.490146184994403071e-10
1.244787146187906202e-02 1.436193177287227299e-10
1.291549665014882740e-02 1.384193620234734781e-10
1.340068896363950761e-02 1.334076786186652066e-10
1.390410834090069665e-02 1.285774508294788289e-10
1.442643951218158804e-02 1.239221087795322682e-10
1.496839293077255502e-02 1.194353204648028315e-10
1.553070573933458369e-02 1.151109831410987717e-10
1.611414277253019750e-02 1.109432150233583089e-10
1.671949759731988436e-02 1.069263472854878601e-10
1.734759359233932485e-02 1.030549163498607348e-10
1.799928506782476345e-02 9.932365645598176473e-11
1.867545842761074090e-02 9.572749249821906590e-11
1.937703337477988952e-02 9.226153312285455719e-11
2.010496416260497063e-02 8.892106407506617070e-11
2.086024089248504979e-02 8.570154178679462071e-11
2.164389086064020390e-02 8.259858719676751038e-11
2.245697995539771771e-02 7.960797979428252812e-11
2.330061410696924670e-02 7.672565187864267825e-11
2.417594079169128191e-02 7.394768302643742981e-11
2.508415059277541159e-02 7.127029475914595544e-11
2.602647881969004373e-02 6.868984540380480337e-11
2.700420718837769768e-02 6.620282513975594868e-11
2.801866556459195468e-02 6.380585122473332704e-11
2.907123377272575332e-02 6.149566339379629248e-11
3.016334347259197121e-02 5.926911942485285623e-11
3.129648010670750546e-02 5.712319086473738337e-11
3.247218492073131874e-02 5.505495891003453091e-11
3.369205705980267418e-02 5.306161043704416691e-11
3.495775574363271798e-02 5.114043417548425610e-11
3.627100252330648505e-02 4.928881702073606802e-11
3.763358362286532699e-02 4.750424047960474990e-11
3.904735236885564093e-02 4.578427724476980938e-11
4.051423171114647281e-02 4.412658789326263177e-11
4.203621683844709772e-02 4.252891770447792244e-11
4.361537789208005944e-02 4.098909359339841273e-11
4.525386278170166754e-02 3.950502115485234273e-11
4.695390010680063064e-02 3.807468181479080251e-11
4.871780218794630885e-02 3.669613008470724510e-11
5.054796821191235440e-02 3.536749091546266703e-11
5.244688749495118874e-02 3.408695714692331298e-11
5.441714286865887568e-02 3.285278704993445212e-11
5.646141419303672693e-02 3.166330195729291391e-11
5.858248200152536139e-02 3.051688398049375577e-11
6.078323128297223599e-02 2.941197380914373901e-11
6.306665540567406303e-02 2.834706859005347494e-11
6.543586018883229549e-02 2.732071988311722540e-11
6.789406812696112403e-02 2.633153169120496332e-11
7.044462277299036457e-02 2.537815856138515133e-11
7.309099328602904067e-02 2.445930375489404877e-11
7.583677914997190295e-02 2.357371748336666411e-11
7.868571506936843096e-02 2.272019520892508789e-11
8.164167604921472587e-02 2.189757600581622980e-11
8.470868266557401993e-02 2.110474098136889425e-11
8.789090653419963373e-02 2.034061175412120476e-11
9.119267598459297741e-02 1.960414898705188626e-11
9.461848194721991789e-02 1.889435097391601285e-11
9.817298406188841586e-02 1.821025227676590013e-11
1.018610170155977296e-01 1.755092241280248383e-11
1.056875971184805113e-01 1.691546458877058751e-11
1.096579291267809897e-01 1.630301448117807364e-11
1.137774133221490236e-01 1.571273906067864262e-11
1.180516528568803097e-01 1.514383545901970788e-11
1.224864613750933223e-01 1.459552987701410930e-11
1.270878709202059587e-01 1.406707653205063338e-11
1.318621401394748371e-01 1.355775664371094930e-11
1.368157627967470369e-01 1.306687745611439983e-11
1.419554766050098726e-01 1.259377129566001063e-11
1.472882723907504854e-01 1.213779466288436190e-11
1.528214036025870859e-01 1.169832735720040648e-11
1.585623961771137069e-01 1.127477163332592765e-11
1.645190587753660727e-01 1.086655138825529867e-11
1.706994934038404410e-01 1.047311137766790868e-11
1.771121064345090590e-01 1.009391646070772362e-11
1.837656200388172456e-01 9.728450872106968030e-12
1.906690840512252072e-01 9.376217520663238251e-12
1.978318882784162180e-01 9.036737313116755424e-12
2.052637752709247920e-01 8.709548502507451941e-12
2.129748535745523141e-01 8.394206060125787051e-12
2.209756114795903281e-01 8.090281070203213101e-12
2.292769312865648723e-01 7.797360146518446374e-12
2.378901041078890777e-01 7.515044870126744829e-12
2.468268452255687473e-01 7.242951247446872976e-12
2.560993100258461830e-01 6.980709187968857103e-12
2.657201105324506485e-01 6.727962000872276783e-12
2.757023325609582742e-01 6.484365909869963317e-12
2.860595535175738946e-01 6.249589585617805844e-12
2.968058608665596343e-01 6.023313695054231202e-12
3.079558712914229890e-01 5.805230467056534661e-12
3.195247505759213347e-01 5.595043273823402857e-12
3.315282342319423314e-01 5.392466227413886486e-12
3.439826489022920764e-01 5.197223790894519929e-12
3.569049345675222584e-01 5.009050403565342488e-12
3.703126675869931050e-01 4.827690119755176177e-12
3.842240846055061110e-01 4.652896260694975539e-12
3.986581073580438561e-01 4.484431078995431721e-12
4.136343684063269466e-01 4.322065435272868477e-12
4.291732378422148386e-01 4.165578486483296520e-12
4.452958509942659959e-01 4.014757385540810053e-12
4.620241371751312998e-01 3.869396991811829929e-12
4.793808495089106891e-01 3.729299592091191306e-12
4.973895958790057747e-01 3.594274631680868444e-12
5.160748710385897331e-01 3.464138455205328580e-12
5.354620899273613288e-01 3.338714056811060430e-12
5.555776222398878250e-01 3.217830839410574675e-12
5.764488282925873675e-01 3.101324382643208695e-12
5.981040962380932413e-01 2.989036219237395166e-12
6.205728806776513728e-01 2.880813619470000532e-12
6.438857427240426423e-01 2.776509383429705426e-12
6.680743915695614987e-01 2.675981640801695262e-12
6.931717276155400231e-01 2.579093657901563391e-12
7.192118872221178183e-01 2.485713651695787307e-12
7.462302891391122683e-01 2.395714610555878713e-12
7.742636826811277739e-01 2.308974121502450920e-12
8.033501977124734017e-01 2.225374203704078270e-12
8.335293965098187208e-01 2.144801148004682607e-12
8.648423275731709214e-01 2.067145362261023846e-12
8.973315814583537886e-01 1.992301222279983974e-12
9.310413487069084670e-01 1.920166928152934339e-12
9.660174799522646127e-01 1.850644365791652937e-12
1.002307548283864369e+00 1.783638973477627473e-12
1.039960913954118160e+00 1.719059613243102152e-12
1.079028791516185803e+00 1.656818446908969552e-12
1.119564319483879355e+00 1.596830816610935413e-12
1.161622632608501959e+00 1.539015129651344276e-12
1.205260936870841348e+00 1.483292747520190683e-12
1.250538587290388914e+00 1.429587878934257145e-12
1.297517168657589481e+00 1.377827476748935427e-12
1.346260579298911075e+00 1.327941138602538804e-12
1.396835117988739716e+00 1.279861011157883038e-12
1.449309574126215194e+00 1.233521697811002168e-12
1.503755321299735437e+00 1.188860169741381762e-12
1.560246414366371237e+00 1.145815680182755852e-12
1.618859690178199306e+00 1.104329681797882370e-12
1.679674872092653093e+00 1.064345747044844931e-12
1.742774678408917310e+00 1.025809491426658230e-12
1.808244934877948129e+00 9.886684995197170546e-13
1.876174691439123299e+00 9.528722536804973672e-13
1.946656343342263229e+00 9.183720653335597279e-13
2.019785756819878486e+00 8.851210087473345494e-13
2.095662399480430871e+00 8.530738572076972567e-13
2.174389475600075450e+00 8.221870215024541401e-13
2.256074066496863928e+00 7.924184906330930890e-13
2.340827276178294447e+00 7.637277746731711113e-13
2.428764382460450566e+00 7.360758496955687138e-13
2.520004993764089374e+00 7.094251046937687695e-13
2.614673211801086694e+00 6.837392904249153568e-13
2.712897800372469970e+00 6.589834701050875099e-13
2.814812360507581435e+00 6.351239718897399047e-13
2.920555512182744895e+00 6.121283430746327692e-13
3.030271082866393240e+00 5.899653059550159794e-13
3.144108303147258532e+00 5.686047152829828457e-13
3.262222009711673198e+00 5.480175172651469877e-13
3.384772855945982872e+00 5.281757100448810152e-13
3.511927530450727808e+00 5.090523056153341188e-13
3.643858983763540671e+00 4.906212931114683904e-13
3.780746663599341417e+00 4.728576034311522435e-13
3.922776758927723595e+00 4.557370751372008723e-13
4.070142453219438572e+00 4.392364215939947288e-13
4.223044187206672184e+00 4.233331992939476330e-13
4.381689931514185510e+00 4.080057773307826980e-13
4.546295469532390499e+00 3.932333079780644331e-13
4.717084690917022094e+00 3.789956983329806925e-13
4.894289896114531579e+00 3.652735829868124772e-13
5.078152112327670942e+00 3.520482976848948659e-13
5.268921421350666101e+00 3.393018539402748841e-13
5.466857299720191854e+00 3.270169145665117796e-13
5.672228971644549311e+00 3.151767700963569381e-13
5.885315775191449994e+00 3.037653160542185865e-13
6.106407542232036079e+00 2.927670310515243899e-13
6.335804992658241375e+00 2.821669556751685019e-13
6.573820143409598415e+00 2.719506721403343389e-13
6.820776732865692082e+00 2.621042846800234197e-13
7.077010661181889262e+00 2.526144006446002696e-13
7.342870447166758296e+00 2.434681122856679738e-13
7.618717702322983953e+00 2.771108736694141676e-13
7.904927622696436451e+00 2.461908060744750862e-13
8.201889499202211553e+00 2.184315881382711619e-13
8.510007247122246099e+00 1.922342664642778447e-13
8.829699955494083596e+00 1.691788880812715457e-13
9.161402457138501987e+00 1.514489869389333688e-13
9.505565920101210153e+00 1.399085609886550512e-13
9.862658461312831193e+00 1.292475164974796657e-13
1.023316578330244830e+01 1.193988445218934943e-13
1.061759183482999092e+01 1.116120619036495245e-13
1.101645949633654631e+01 1.043951442362137885e-13
1.143031129114480926e+01 9.764487775082877253e-14
1.185971012337670594e+01 9.133108844028905153e-14
1.230524004359261525e+01 8.542555337079183261e-14
1.276750704319264429e+01 7.990187452410631999e-14
1.324713987866114806e+01 7.364583171664587064e-14
1.374479092677539427e+01 6.781694862780952607e-14
1.426113707194129709e+01 6.244940703341241286e-14
1.479688062686396322e+01 5.750669290988398372e-14
1.535275028780421103e+01 5.379860416325075125e-14
1.592950212572119639e+01 5.104115576522120178e-14
1.652792061464897344e+01 4.842504043309654411e-14
1.714881969870540956e+01 4.594301413811024377e-14
1.779304389918577201e+01 4.358820414431659501e-14
1.846146946324545723e+01 4.135725073620241052e-14
1.915500555573524011e+01 3.938212754533393397e-14
1.987459549580985652e+01 3.750133150507764644e-14
2.062121803999144376e+01 3.571035777675658452e-14
2.139588871343421417e+01 3.400491666199370570e-14
2.219966119119952452e+01 3.238092332812682710e-14
2.303362873142126688e+01 3.083448802431363915e-14
2.389892566231052839e+01 2.941769103753319565e-14
2.479672892502160053e+01 2.808582373222806762e-14
2.572825967447932172e+01 2.681425587451296945e-14
2.669478494034317961e+01 2.560025744513982367e-14
2.769761935036885347e+01 2.444122202475021313e-14
2.873812691851069445e+01 2.333466119796944067e-14
2.981772290019673477e+01 2.229096107876568141e-14
3.093787571730136676e+01 2.130950058023772279e-14
3.210010895543168630e+01 2.037125332436758287e-14
3.330600343624581683e+01 1.947431665247060694e-14
3.455719936762142908e+01 1.861687167902645928e-14
3.585539857459816915e+01 1.779717960318625049e-14
3.720236681413065583e+01 1.701425021709737041e-14
3.859993617679763389e+01 1.626936119481416838e-14
4.005000757873602879e+01 1.555708363929783184e-14
4.155455334718879357e+01 1.487598981066636639e-14
4.311561990318228510e+01 1.422471447592213653e-14
4.473533054498463457e+01 1.360195217238085210e-14
4.641588833612772902e+01 1.300645459090963287e-14
4.815957910192341274e+01 1.244543380301484344e-14
4.996877453854889239e+01 1.190988053965410429e-14
5.184593543892913203e+01 1.139737326267171279e-14
5.379361503980697989e+01 1.090692025467093702e-14
5.581446249454955222e+01 1.043757247394602352e-14
5.791122647641746113e+01 9.988421718057435140e-15
6.008675891719693141e+01 9.549977521623922511e-15
6.234401888627863997e+01 9.124738785223280238e-15
6.468607661546320742e+01 8.718434960713913445e-15
6.711611767496272307e+01 8.330222919618475476e-15
6.963744730628236823e+01 7.959297076049348608e-15
7.225349491787221723e+01 7.604887715022839123e-15
7.496781874966876558e+01 7.265713266263743819e-15
7.778411071286481615e+01 6.940378685314457727e-15
8.070620141149490223e+01 6.629611509612650152e-15
8.373806535266506046e+01 6.332759458988624388e-15
8.688382635251193165e+01 6.049199460218956097e-15
9.014776314524917211e+01 5.778336339235790805e-15
9.353431520292376433e+01 5.519601571895344535e-15
9.704808877380287413e+01 5.268333791164907217e-15
1.006938631476029116e+02 5.028503034130122103e-15
1.044765971560805298e+02 4.799590110759662340e-15
1.084014359178330977e+02 4.581098007687063567e-15
1.124737178364750747e+02 4.372552337122973000e-15
1.166989818617145147e+02 4.173500306869140852e-15
1.210829750232041846e+02 3.978356130048769086e-15
1.256316602474121424e+02 3.790332488740577005e-15
1.303512244681508889e+02 3.611195153367584957e-15
1.352480870417873859e+02 3.440524142524132229e-15
1.403289084785870386e+02 3.277919323815204233e-15
1.456005995020651653e+02 3.122999475759578151e-15
1.510703304486655725e+02 2.979998715185448717e-15
1.567455410205595001e+02 2.849649022738421225e-15
1.626339504048190463e+02 2.725001024803705490e-15
1.687435677727372365e+02 2.605805320560291701e-15
1.750827031735726962e+02 2.491823418359789072e-15
1.816599788375328615e+02 2.382827258542557201e-15
1.884843409033795467e+02 2.278598757126556221e-15
1.955650715865947120e+02 2.177491624532389990e-15
2.029118018046673910e+02 2.078265086239438772e-15
2.105345242766708225e+02 1.983560221320868493e-15
2.184436071149428358e+02 1.950209095247883719e-15
2.266498079273692952e+02 1.969743199448865238e-15
2.351642884494346220e+02 1.989472965349840702e-15
2.439986297259545154e+02 2.009400352779660862e-15
2.531648478631358046e+02 2.054924711766060587e-15
2.626754103723838512e+02 2.161022331174568266e-15
2.725432531281027764e+02 2.272597866527976123e-15
2.827817979625338012e+02 2.729032841322002268e-15
2.934049709215781263e+02 4.559989041543140066e-15
3.044272212064306018e+02 6.951799239389436664e-15
3.158635408267819003e+02 9.838160003244097885e-15
3.277294849923382003e+02 9.522050621806548339e-15
3.400411932703702860e+02 9.233582979374747965e-15
3.528154115380875737e+02 8.961535681057810468e-15
3.660695147596906054e+02 8.697503660524896959e-15
3.798215306190735987e+02 8.441250765171874955e-15
3.940901640403447459e+02 8.192547800113777187e-15
4.088948226294855885e+02 7.951172323190922404e-15
4.242556430717768308e+02 7.716908446014752491e-15
4.401935185208878920e+02 7.489546640875092279e-15
4.567301270168746896e+02 7.256856020540748447e-15
4.738879609717650965e+02 6.953277170262617880e-15
4.916903577628021367e+02 6.662398050842496253e-15
5.101615314749823256e+02 6.383687389552636860e-15
5.293266058360567285e+02 6.116636138601792793e-15
5.492116483887789400e+02 5.860756545390819869e-15
5.698437059469135875e+02 5.615581261662757269e-15
5.912508413831868666e+02 5.380209851457573503e-15
6.134621717992519052e+02 5.147635269858895884e-15
6.365079081295577907e+02 4.925114373432210022e-15
6.604193962330305112e+02 4.712212563586222849e-15
6.852291595284057166e+02 4.508514028466241835e-15
7.109709432312423587e+02 4.313620930845126312e-15
7.376797602527745994e+02 4.127152631119826256e-15
7.653919388230156073e+02 3.952285861767476908e-15
7.941451719029339529e+02 3.790421473412825565e-15
8.239785684528511638e+02 3.635186180506662982e-15
8.549327066268367616e+02 3.486308490925800769e-15
8.870496889654421011e+02 3.343528031405338820e-15
9.203731996618230369e+02 3.206595092169996781e-15
9.549485639791965923e+02 3.075270190214901823e-15
9.908228099003787293e+02 2.940015315025142231e-15
1.028044732093307630e+03 2.806907986167060995e-15
1.066664958279540997e+03 2.679827007207608852e-15
1.106736018095974487e+03 2.558499538977022676e-15
1.148312414543511068e+03 2.442665094925842742e-15
1.191450698119774870e+03 2.332074981867989825e-15
1.236209543736766591e+03 2.230720916286353196e-15
1.282649830528062466e+03 2.139584422674552379e-15
1.330834724654076126e+03 2.052171326466358448e-15
1.380829765218092234e+03 1.968329507608908823e-15
1.432702953409829433e+03 1.887913060940744028e-15
1.486524844997854188e+03 1.810782042281322076e-15
1.542368646296630459e+03 1.736802224894093781e-15
1.600310313738701780e+03 1.666469136766141235e-15
1.660428657187529552e+03 1.600143666852942497e-15
1.722805447131392157e+03 1.536457950573431371e-15
1.787525525904231699e+03 1.475306925735727442e-15
1.854676923084701230e+03 1.419901803012074590e-15
1.924350975230332324e+03 1.369782599107618525e-15
1.996642450109793344e+03 1.321432485568910317e-15
2.071649675602066964e+03 1.274789017654640337e-15
2.149474673437975980e+03 1.230488665134353905e-15
2.230223297965940674e+03 1.194001657852422794e-15
2.314005380130653975e+03 1.158596579838208924e-15
2.400934876860651912e+03 1.128860637755918360e-15
2.491130026067785820e+03 1.284655394062734927e-15
2.584713507469558408e+03 1.606599092273336478e-15
2.681812609453018467e+03 3.693382199808919422e-15
2.782559402207125913e+03 5.888216389850969106e-15
2.887090917359234481e+03 7.781049593911836359e-15
2.995549334359810018e+03 7.524417649515620995e-15
3.108082173869057442e+03 7.276249853058538252e-15
3.224842498408445408e+03 7.036267042877716450e-15
3.345989120549974814e+03 6.804199264525835963e-15
3.471686818926559681e+03 6.579785467101794060e-15
3.602106562357066196e+03 6.345293896553101755e-15
3.737425742391056701e+03 6.117372252883011133e-15
3.877828414589461318e+03 5.897637507487434409e-15
4.023505548869293307e+03 5.685795588674641321e-15
4.174655289253134470e+03 5.481562987747049668e-15
4.331483223376393653e+03 5.284666379580937172e-15
4.494202662119132583e+03 5.094842256834399164e-15
4.663034929742736495e+03 4.911836577294703665e-15
4.838209664925957441e+03 4.735404423892948485e-15
5.019965133110079478e+03 4.565309676930523367e-15
5.208548550577655078e+03 4.401324698079628802e-15
5.404216420705904056e+03 4.243230025734032825e-15
5.607234882852038027e+03 4.090814081302970985e-15
5.817880074344935565e+03 3.943872886054975442e-15
6.036438506075864098e+03 3.802209788132284981e-15
6.263207452198679675e+03 3.665635199371254407e-15
6.498495354469875565e+03 3.538854235566477400e-15
6.742622241778349235e+03 3.422136942809609946e-15
6.995920165435374656e+03 3.309269180302286747e-15
7.258733650817245689e+03 3.200123984140584652e-15
7.531420165974360316e+03 3.094578577901105544e-15
7.814350607844557999e+03 2.992514234530885930e-15
8.107909806731694516e+03 2.893816142792478127e-15
8.412497049736119152e+03 2.798373278113777520e-15
8.728526623848370946e+03 2.706078277697554337e-15
9.056428379445274913e+03 2.622160499850700089e-15
9.396648314954709349e+03 2.546321498879082744e-15
9.749649183484096284e+03 2.472675938800482286e-15
1.011591112223829805e+04 2.401160380185425782e-15
1.049593230558226605e+04 2.331713218420829437e-15
1.089022962263728368e+04 2.264274630642785130e-15
1.129933938033223967e+04 2.204859229225526575e-15
1.172381803286599825e+04 2.152670274281538897e-15
1.216424293857367957e+04 2.101716630409588787e-15
1.262121314522546163e+04 2.051969057831912303e-15
1.309535020482665095e+04 2.003399008875425092e-15
1.358729901902711936e+04 1.961400876923738806e-15
1.409772871628967732e+04 1.933472121701828812e-15
1.462733356201129936e+04 1.905941049267472610e-15
1.517683390283403787e+04 1.878801996940809356e-15
1.574697714643083418e+04 1.852049382673963060e-15
1.633853877809863661e+04 1.832135553083453595e-15
1.695232341554121376e+04 1.895833896295393987e-15
1.758916590327732774e+04 1.961746856717907276e-15
1.824993244816150400e+04 2.029951430535533529e-15
1.893552179756291298e+04 2.100527290879602718e-15
1.964686646180448588e+04 2.608924128814238567e-15
2.038493398252464249e+04 6.859235137779887983e-14
2.115072824868794851e+04 7.041785218303035848e-14
2.194529086203311454e+04 7.229193643995815772e-14
2.276970255381675452e+04 7.421589713720872156e-14
2.362508465477950085e+04 7.619106167470587210e-14
2.451260062033339636e+04 7.821879277948375660e-14
2.543345761304648113e+04 8.030048944587616442e-14
2.638890814457507804e+04 8.243758790072480118e-14
2.738025177927852201e+04 8.463156259427673613e-14
2.840883690183307044e+04 8.758447461474049062e-14
2.947606255124858581e+04 9.122397259269586693e-14
3.058338032378431672e+04 9.501470679818860050e-14
3.173229634734972933e+04 9.896296172338092411e-14
3.292437333007762209e+04 1.030752830071366147e-13
3.416123268585532060e+04 1.073584882867462221e-13
3.544455673970435600e+04 1.118196785005907887e-13
3.677609101601030852e+04 1.168893302212942163e-13
3.815764661271244404e+04 1.240735017940211813e-13
3.959110266468450573e+04 1.316992219759206436e-13
4.107840889965651149e+04 1.397936289237451706e-13
4.262158829015324591e+04 1.483855287409566860e-13
4.422273980505896907e+04 1.575054979919274084e-13
4.588404126454752259e+04 1.697335432500797609e-13
4.760775230226358690e+04 1.836853955222047906e-13
4.939621743878325651e+04 1.987840699138485121e-13
5.125186927053333056e+04 2.151238335479800003e-13
5.317723177850966749e+04 2.379043541887216175e-13
5.517492376129117474e+04 2.635309981010365207e-13
5.724766239702166786e+04 2.919180995949206531e-13
5.939826693920362595e+04 3.264187578769757363e-13
6.162966255132942024e+04 3.655613961901629718e-13
6.394488428556936560e+04 4.093978399209127563e-13
6.634708121092336660e+04 4.597671912569856403e-13
6.883952069645510346e+04 5.167066349925288009e-13
7.142559285543134320e+04 5.814887841459357798e-13
7.410881515641570149e+04 6.614025660960819394e-13
7.689283720758305572e+04 7.522988686376673063e-13
7.978144572076613258e+04 8.583244102860850628e-13
8.277856966198488954e+04 9.799539882650131825e-13
8.588828559546258475e+04 1.172085011040205605e-12
8.911482322840201959e+04 1.415812259981230083e-12
9.246257116405734268e+04 1.691493673269398810e-12
9.593608287093127728e+04 1.958287974204915622e-12
9.954008287621538329e+04 2.267162952199152445e-12
1.032794731918952457e+05 2.677773096917337753e-12
1.071593399822671199e+05 3.171382737326438007e-12
1.111849604819269880e+05 3.860444487396296495e-12
1.153618101736476092e+05 4.687381379152500143e-12
1.196955702359045245e+05 5.682600823089732713e-12
1.241921352701784635e+05 6.948539754919657150e-12
1.288576213185517990e+05 8.600075713030614748e-12
1.336983741824945319e+05 1.076672238859504390e-11
1.387209780541618238e+05 1.390400910733450157e-11
1.439322644719409291e+05 1.808732645502481062e-11
1.493393216124253231e+05 2.369748170080047807e-11
1.549495039314631722e+05 3.160657774179995010e-11
1.607704421673821926e+05 4.269172314742438370e-11
1.668100537200055842e+05 5.839051685872027785e-11
1.730765534195727669e+05 8.237187404525187665e-11
1.795784647002096754e+05 1.167333630238495330e-10
1.863246311931559758e+05 1.694916467507061699e-10
1.933242287555043295e+05 2.404371461087068282e-10
2.005867779508229869e+05 3.576215261463937177e-10
2.081221569986341347e+05 5.533771031566891473e-10
2.159406152103567729e+05 8.782540582192670153e-10
2.240527869300018065e+05 1.434756468131444603e-09
2.324697059985645465e+05 2.393059752598783862e-09
2.412028207618001907e+05 4.079059361541504236e-09
2.502640096417921886e+05 7.156383410851784422e-09
2.596655972934872552e+05 1.301239114207562372e-08
2.694203713681882364e+05 2.449466118242022475e-08
2.795415999067853554e+05 4.772682642398847473e-08
2.900430493863985757e+05 1.329476969273263397e-07
3.009390034449724481e+05 4.427443649566719994e-07
3.122442823092857725e+05 1.324546860296815727e-06
3.239742629528195248e+05 3.962612568301893378e-06
3.361449000108761829e+05 4.932179619934129797e-05
3.487727474814170273e+05 inf
3.618749812411284074e+05 inf
3.754694224073336809e+05 inf
3.895745615775501356e+05 inf
4.042095839796302025e+05 inf
4.193943955667177797e+05 inf
4.351496500925054424e+05 inf
4.514967772036101669e+05 inf
4.684580115873045288e+05 inf
4.860564232142128749e+05 inf
5.043159487171348301e+05 inf
5.232614239486667211e+05 inf
5.429186177618942456e+05 inf
5.633142670601351419e+05 inf
5.844761131633626064e+05 inf
6.064329395408049459e+05 inf
6.292146109610350104e+05 inf
6.528521141127847368e+05 inf
6.773775997517744545e+05 inf
7.028244264308338752e+05 inf
7.292272058728297707e+05 inf
7.566218500481062802e+05 inf
7.850456200204509078e+05 inf
8.145371766280736774e+05 inf
8.451366330684704008e+05 inf
8.768856094587444095e+05 inf
9.098272894455567002e+05 inf
9.440064789417603752e+05 inf
9.794696670695386129e+05 inf
1.016265089392993134e+06 inf
1.054442793526170542e+06 inf
1.094054707205743529e+06 inf
1.135154708920998964e+06 inf
1.177798701197118033e+06 inf
1.222044686631486285e+06 inf
1.267952846786436625e+06 inf
1.315585624045705190e+06 inf
1.365007806546013802e+06 inf
1.416286616299197311e+06 inf
1.469491800624814117e+06 inf
1.524695727017576108e+06 inf
1.581973481578601524e+06 inf
1.641402971144466428e+06 inf
1.703065029252842534e+06 inf
1.767043526088943006e+06 inf
1.833425482562292600e+06 inf
1.902301188668945804e+06 inf
1.973764326300255489e+06 inf
2.047912096665083431e+06 inf
2.124845352498878725e+06 inf
2.204668735239412170e+06 inf
2.287490817355704028e+06 inf
2.373424250023866072e+06 inf
2.462585916350543965e+06 inf
2.555097090352501720e+06 inf
2.651083601908541750e+06 inf
2.750676007908067666e+06 inf
2.854009769829237368e+06 inf
2.961225437988031656e+06 inf
3.072468842708997428e+06 inf
3.187891292677649297e+06 inf
3.307649780744242482e+06 inf
3.431907197459042538e+06 inf
3.560832552629274316e+06 inf
3.694601205199294724e+06 inf
3.833395101766605396e+06 inf
3.977403024058036506e+06 inf
4.126820845702951774e+06 inf
4.281851798652406782e+06 inf
4.442706749606873840e+06 inf
4.609604486828438938e+06 inf
4.782772017727484927e+06 inf
4.962444877628913149e+06 inf
5.148867450137486681e+06 inf
5.342293299538341351e+06 inf
5.542985515684674494e+06 inf
5.751217071841613390e+06 inf
5.967271195973310620e+06 inf
6.191441755977834575e+06 inf
6.424033659394177608e+06 inf
6.665363268124920316e+06 inf
6.915758828738524579e+06 inf
7.175560918936921284e+06 inf
7.445122910795127973e+06 inf
7.724811451403415762e+06 inf
8.015006961565413512e+06 inf
8.316104153230961412e+06 inf
8.628512566366886720e+06 inf
8.952657125996382907e+06 inf
9.288978720164516941e+06 inf
9.637934799615794793e+06 inf
1.000000000000000000e+07 inf
