# FAST Radio telescope search
# https://arxiv.org/pdf/2207.05767.pdf
# mass [eV] kinetic mixing
4.139210923393933879e-06 1e0
4.139210923393933879e-06 1.494956924270048214e-12
4.140773308131911375e-06 2.262891839598604585e-12
4.141681398250341595e-06 2.896176998704880093e-12
4.141955987068666434e-06 1.879889528310549789e-12
4.151140226653216528e-06 5.071798174772313704e-12
4.151287209473649857e-06 3.842690696711047144e-12
4.151834560976630476e-06 2.653316315492348625e-12
4.162010782457654934e-06 1.941668935640774186e-12
4.164222870088011842e-06 1.414998005300889198e-12
4.172398730853820552e-06 1.291620468612556521e-12
4.185111106165188591e-06 1.332527688764075012e-12
4.198771887116581928e-06 1.203367461856636550e-12
4.200894878749686983e-06 1.588947284201121786e-12
4.211927214902998216e-06 1.234739181248882195e-12
4.215578413433115336e-06 1.079935188692104173e-12
4.228306488760745338e-06 1.238166081615889817e-12
4.234548980127989301e-06 1.513019746936627485e-12
4.243839473339316598e-06 1.249080805056220883e-12
4.261343445517341589e-06 1.212134302736894537e-12
4.269822141388937126e-06 1.269439364513438114e-12
4.282798874742169250e-06 1.160092403602739648e-12
4.298015326576508499e-06 1.220159569111531521e-12
4.309655998571805103e-06 1.416265805632110204e-12
4.315922768068959545e-06 1.184459271707981074e-12
4.329971686402676116e-06 1.265925908371533386e-12
4.336782538971296600e-06 1.584549518737963546e-12
4.345208328879997835e-06 1.162774888199331828e-12
4.357068746416164322e-06 1.161701150836859843e-12
4.370902075404981652e-06 1.130990383288058957e-12
4.385152919799672751e-06 1.210535594684254347e-12
4.399588912756362936e-06 1.217746426130426411e-12
4.413822896665830613e-06 1.107723484918356225e-12
4.428961412814571748e-06 1.186806451314994465e-12
4.440993200518858739e-06 1.663298119595828846e-12
4.442763508635683218e-06 1.228400081325558731e-12
4.457036590221271917e-06 1.164118455620463662e-12
4.466418638232022842e-06 1.778520457670837435e-12
4.469754118710845052e-06 1.243324273601023561e-12
4.484363894236913738e-06 1.209337947544589277e-12
4.493461830356019884e-06 1.136226814245903294e-12
4.500461907628289583e-06 1.624571666089952917e-12
4.505350993916967894e-06 1.984742921980907849e-12
4.514779568917280731e-06 2.343529889045178380e-12
4.522023099701018134e-06 1.481404818407439066e-12
4.525238903750787643e-06 1.196833967013590707e-12
4.540657041164453051e-06 1.441386053170092475e-12
4.543460026562198045e-06 1.251969057758387098e-12
4.558549562979057073e-06 1.336225991770108430e-12
4.567543537408739728e-06 1.466523219125631416e-12
4.570320747099887289e-06 1.193875934705025812e-12
4.584811808123503523e-06 1.332527688764075012e-12
4.595126134780394740e-06 1.154745985352426082e-12
4.605207469073423634e-06 1.472632745486613720e-12
4.615477753233932060e-06 1.314189146464947314e-12
4.626459794367971584e-06 1.064581008596333016e-12
4.634537813456948124e-06 1.300601054290372309e-12
4.645563553542158122e-06 1.413364885224740712e-12
4.660620723092107000e-06 1.316359003660289645e-12
4.667862754350525965e-06 1.154365042523501404e-12
4.674948109360387789e-06 1.297900341888706044e-12
4.688491486188928913e-06 1.200987529085725249e-12
4.703575457173327895e-06 1.234739181248882195e-12
4.706573473188831367e-06 1.540168248003938147e-12
4.718581217635955690e-06 1.603483204118506803e-12
4.721374240222507045e-06 1.302533574545954734e-12
4.731952463589117984e-06 1.205155505920783042e-12
4.738342919879859244e-06 1.541235784951983008e-12
4.747335952014096565e-06 1.977878776663800847e-12
4.759294986657722490e-06 2.229247197488659483e-12
4.769194379405630580e-06 1.693534203143606977e-12
4.774749780345679174e-06 1.329453589868477401e-12
4.789728580688687741e-06 1.440276789162792532e-12
4.798016723481807002e-06 1.913178942678356142e-12
4.804230769305365340e-06 2.822741198555769340e-12
4.812086961249921815e-06 2.005478619278513344e-12
4.819184065506089123e-06 1.497622888868482966e-12
4.827293990129830607e-06 1.509529258617102032e-12
4.830165684570294968e-06 2.080975714936175983e-12
4.835019634893219267e-06 2.976743846728614473e-12
4.837617867343660512e-06 4.357591618772212041e-12
4.839429724800175537e-06 9.600489645792638932e-12
4.840190333903081358e-06 5.364410643729069188e-12
4.840234115305101297e-06 7.200325129496533907e-12
4.857513944843966951e-06 1.033692428159975340e-11
4.869108853461805252e-06 1.156885980099413653e-11
4.879388967700129195e-06 8.834524676220665417e-12
4.892447339888666139e-06 5.897222527676745589e-12
4.899474557232809743e-06 4.735400573300801108e-12
4.901082348832448196e-06 2.645972671703074782e-12
4.902744764121048469e-06 2.134522233478947164e-12
4.909496458203887426e-06 1.795027510821267496e-12
4.916304837246969734e-06 2.209767579723147577e-12
4.921711551818572540e-06 2.915505840130268734e-12
4.928575997440514502e-06 3.579198057926131085e-12
4.935827137554881018e-06 2.835810354241350426e-12
4.940027321336328442e-06 2.230277184058178673e-12
4.948890830790305608e-06 1.799697662675229770e-12
4.959999528455968774e-06 1.932720532736534005e-12
4.966314885763016482e-06 2.636821692640477800e-12
4.971432507037377688e-06 3.325740749762555495e-12
4.978094329692339217e-06 4.774938055624581721e-12
4.986779874137041351e-06 6.430760015687762999e-12
4.994853186656591604e-06 7.611771711250703393e-12
5.002292830029659689e-06 5.670162157094702036e-12
5.010864111336320045e-06 4.282758340989568112e-12
5.018330757363177616e-06 2.616800786475647446e-12
5.018879880032592340e-06 3.442978467088397775e-12
5.024158795784736884e-06 1.923813369568413008e-12
5.035192368700817205e-06 1.507438831988984922e-12
5.047348784793020070e-06 2.412475519204081235e-12
5.048816868005795018e-06 1.868346829605536467e-12
5.057782252929986782e-06 2.179356267017457870e-12
5.062721058920670372e-06 2.580787792287374324e-12
5.075386393076719816e-06 3.162018048967951201e-12
5.084081326121330244e-06 2.783894006631950906e-12
5.093365463746206367e-06 2.202125196613333633e-12
5.106313766279118418e-06 2.180219325934550300e-12
5.119061099769865133e-06 2.169312454917885175e-12
5.124028420013276981e-06 1.601104176174812252e-12
5.128108706515178253e-06 2.335716137087315492e-12
5.136807958413903452e-06 1.614099502833310766e-12
5.147557316374774197e-06 1.826392295301201309e-12
5.157751333497863464e-06 2.202125196613333633e-12
5.168458778942674733e-06 1.879889528310549789e-12
5.180241472809717397e-06 1.628177740571371639e-12
5.185719177564259219e-06 2.368309336699372424e-12
5.194417261409257963e-06 1.623821406431981194e-12
5.208030377916157950e-06 1.642682260687692229e-12
5.218739712859644168e-06 2.076174970305508162e-12
5.223874683167291374e-06 2.942565641245205987e-12
5.229431011679417208e-06 4.108359807889895828e-12
5.236207072933477081e-06 6.113171902955358989e-12
5.246886166082588793e-06 7.419109444738712831e-12
5.256448953230214445e-06 5.722788860203473831e-12
5.265731201356414774e-06 4.469718761218720409e-12
5.276793504467928287e-06 3.610511261698283113e-12
5.289637580290825043e-06 4.001995214405573892e-12
5.300430298565439920e-06 3.523424066345785889e-12
5.301459560025379468e-06 4.637983225189927856e-12
5.308574037853777058e-06 2.591539337740900706e-12
5.314970015406879166e-06 2.289930995923171981e-12
5.326702300393952110e-06 2.566521751968697990e-12
5.337915616165786439e-06 3.150770457678494847e-12
5.344998419125490419e-06 2.514884317693450193e-12
5.352694126377408752e-06 1.797398134988663434e-12
5.359295946406920549e-06 1.245048441848366844e-12
5.372848341297318262e-06 1.224091129767405711e-12
5.384093606774017579e-06 1.401176414745686152e-12
5.394748281220125554e-06 1.177445548670187059e-12
5.404768415387246308e-06 1.305114735685599307e-12
5.415403029246775997e-06 1.097536871993881867e-12
5.432014004719940967e-06 1.098623798851741428e-12
5.436981275885464252e-06 1.492197232806097237e-12
5.445334528676208508e-06 1.156652586005645114e-12
5.452509863085301073e-06 1.461499534685698223e-12
5.464349461781524360e-06 1.269439364513438114e-12
5.477679960818458528e-06 1.166136718194368930e-12
5.487248418916002436e-06 1.502076732338225090e-12
5.489757722234009045e-06 1.209337947544589277e-12
5.500743954619655110e-06 1.007641075933036255e-12
5.511562622827368260e-06 1.130337528533858953e-12
5.521801627196179063e-06 1.387169410149430479e-12
5.539376300979161471e-06 1.305114735685599307e-12
5.552715703562881456e-06 1.086607058339902987e-12
5.566837518919064358e-06 1.102109203590237073e-12
5.579426409357298697e-06 1.118373587084001116e-12
5.593004297756439688e-06 1.305114735685599307e-12
5.608003579937898290e-06 1.237185997864216443e-12
5.621542598650014810e-06 1.111751187496313899e-12
5.638715049696917285e-06 1.016993335405361392e-12
5.653255011927795958e-06 1.138854114379913234e-12
5.661056167929133120e-06 1.194348728110557083e-12
5.672574551850642390e-06 1.168158479882816531e-12
5.689169758598502764e-06 1.095366243277598545e-12
5.701822685864552346e-06 1.107723484918356225e-12
5.718371111569898258e-06 1.170473357082250606e-12
5.730919247730223388e-06 1.184459271707981074e-12
5.739129978335212376e-06 1.366815555788684125e-12
5.744401610928829355e-06 1.063106755298191427e-12
5.758298289655033905e-06 1.083933378409098815e-12
5.771518459146620420e-06 1.114395428572050190e-12
5.785128277619470636e-06 1.102618414806978752e-12
5.802371744369813436e-06 1.239637663205213902e-12
5.815430663553715812e-06 1.144353477627568955e-12
5.826108755513919982e-06 1.379501435745204943e-12
5.828137504515286392e-06 1.039154229094408409e-12
5.841315342692840176e-06 1.035275665561387498e-12
5.847541167209435952e-06 1.130990383288058957e-12
5.855998563277788163e-06 1.026432396378076871e-12
5.859973381399115689e-06 1.184459271707981074e-12
5.875388026103108557e-06 1.015428619259693968e-12
5.891297833974968704e-06 1.026432396378076871e-12
5.905419603525121773e-06 1.040755505017961260e-12
5.909965393791449260e-06 1.251969057758387098e-12
5.918126310340466664e-06 1.033569139951098233e-12
5.929019270200620734e-06 1.188569887919213750e-12
5.941585982341423071e-06 1.189943261041865102e-12
5.954604873600153249e-06 1.100800882891723717e-12
5.968399784418511738e-06 1.085651416412306340e-12
5.981949453032250768e-06 1.047991836594923562e-12
5.995863102892005990e-06 1.197663528642409839e-12
6.011050137440484870e-06 1.152082023178727250e-12
6.024093604451458122e-06 1.025839896848684751e-12
6.038504982616674231e-06 1.091848123816463442e-12
6.039589125424486321e-06 1.293112915000681290e-12
6.054546740479323181e-06 1.214937123948377810e-12
6.059397942440539620e-06 1.706097188784306107e-12
6.062755066267816627e-06 1.379501435745204943e-12
6.065055445018068710e-06 1.820075798599210885e-12
6.065940761033510921e-06 2.351956278365582512e-12
6.067673259545684068e-06 3.039268111581207473e-12
6.069687121587795830e-06 3.900314249889283408e-12
6.079052736685829476e-06 5.335578819917300574e-12
6.079054716160630915e-06 7.091679504149705876e-12
6.085458938798859144e-06 2.935777236122922255e-12
6.085503256131413314e-06 3.954740264625369417e-12
6.089362643060971760e-06 2.100289958178669649e-12
6.094413673821430092e-06 1.693012757712397817e-12
6.103016994809081927e-06 1.384974221410679468e-12
6.113059475774382537e-06 1.784005872893837440e-12
6.117134838128222799e-06 2.352732428755773181e-12
6.121622912798665746e-06 3.302776675078056171e-12
6.124476399342809501e-06 4.028491517293059283e-12
6.126192751229944418e-06 4.670230937841022695e-12
6.132586749308244240e-06 6.116534538212800864e-12
6.139811570587390565e-06 7.176417549230308874e-12
6.154639325551487634e-06 7.276559174305182597e-12
6.167482076271417753e-06 6.980249846303658799e-12
6.175312158779739818e-06 4.160881114992913323e-12
6.175353040660157257e-06 5.477086053215575554e-12
6.176081700058198937e-06 2.468843295154857514e-12
6.177727625176546969e-06 1.782632935019726325e-12
6.178102433004581619e-06 3.318068371880945549e-12
6.180785521122780461e-06 1.287153456541155458e-12
6.189508821186457692e-06 1.045574152838974466e-12
6.200928264086450971e-06 9.293915691440522415e-13
6.204621237714543146e-06 1.301502540009175151e-12
6.204621237714543146e-06 1e0
