# CAS Hefei high-q haloscope
# Already in linear polarisation scenario
# rho = 0.45 GeV/cc
# https://arxiv.org/pdf/2404.12731
# mass [eV]     kinetic mixing
0.000026964927542372883	6.189658188912622e-14
0.000026964941101694913	4.869675251658631e-14
0.00002696495	7.147705767941847e-14
0.000026964962288135594	6.189658188912622e-14
0.000026964972881355932	5.360023165391785e-14
0.000026964990254237288	4.869675251658631e-14
0.000026965006355932203	5.108969774506914e-14
0.00002696502627118644	4.216965034285822e-14
0.000026965032627118645	4.216965034285822e-14
0.00002696505254237288	3.480700588428406e-14
0.000026965081779661016	2.7384196342643613e-14
0.00002696510254237288	1.778279410038923e-14
0.000026965116101694915	1.100694171252208e-14
0.000026965133050847456	8.659643233600654e-15
0.000026965148305084745	1e-14
0.000026965162288135594	7.498942093324559e-15
0.000026965183898305086	1.539926526059492e-14
0.00002696520254237288	2.2603030271419172e-14
0.000026965221186440678	2.2603030271419172e-14
0.000026965240254237288	2.2603030271419172e-14
0.00002696524745762712	3.014162529877386e-14
0.000026965257203389832	2.8729848333536686e-14
0.000026965276694915254	3.317671127842848e-14
0.000026965288135593222	4.019450333615136e-14
0.00002696529618644068	6.189658188912622e-14
0.0000269653093220339	5.108969774506914e-14
0.000026965319491525423	5.360023165391785e-14
0.000026965330084745764	5.360023165391785e-14
0.000026965341101694914	5.899746255923548e-14
