# Jupiter B-field https://arxiv.org/pdf/1002.0329.pdf
# mass [eV] kinetic mixing [dimensionless]
1.65e-16	1e0
4.215470942145184e-16	0.43854127737157905
1.1330399580988196e-15	0.18203604886693137
2.728912857690773e-15	0.0843325475863104
6.595610538592789e-15	0.05419110553575994
1.1469811621090029e-14	0.04840982258927693
2.233742698046821e-14	0.05374561615601972
3.493016501632979e-14	0.07432491033294092
5.474973964355637e-14	0.12783675048448556
9.621571748087517e-14	0.30475168594067087
2.1107329306762932e-13	0.7254119394975136
2.9541947909143505e-13	1.003926580552361
