# MuDHI Dielectric Haloscope
# 2110.10497
# Mass [eV]   kinetic mixing
1.173339765196871	1e0
1.173339765196871	2.9867849026400865e-9
1.1840016361239802	5.104854778763539e-10
1.2019237055663199	2.5046576781372446e-10
1.2040667639143792	8.497161443596274e-11
1.216427595791818	6.880500424165946e-11
1.2294505853598046	9.951130315160757e-11
1.2587036537168417	1.261272459064098e-10
1.2713988708361674	8.055685813173465e-11
1.2841458748468078	4.753847839290571e-11
1.2908993520409875	5.1448218091854064e-11
1.3254655819243024	9.942565807381843e-11
1.3380393764972753	2.8792778987851825e-11
1.3886313736911298	8.483297047327268e-11
1.3952989900217958	5.006488471357305e-11
1.4160269855605043	1.698221130842246e-11
1.4237276467019033	2.3300854637128033e-11
1.4540876424259597	3.74432720445988e-11
1.4845366329199454	3.646030978688149e-11
1.4837728319359593	1.8370162155198964e-11
1.49083825734583	1.0284447593692503e-11
1.506828893918268	1.527156835401799e-11
1.515143312100702	2.3284256959664707e-11
1.5314249554642922	3.5498936104205196e-11
1.5467789726001258	2.0948749071137178e-11
1.5786689015706186	1.3378275149252857e-11
1.6119180813791936	1.525978393099002e-11
1.6284658750740857	1.2356473453730293e-11
1.6607902892455675	2.8975157552456203e-12
1.6702848184571077	5.750523487821822e-12
1.688434114144796	1.0269801165406522e-11
1.697851415612669	1.6946953119100685e-11
1.7238927472342374	1.082329376150846e-11
1.7518238923739435	2.1477782680868352e-11
1.7801723516094277	4.151156991567928e-11
1.8085499263533997	5.847166673966652e-11
1.8254173375660292	1.371286868164441e-11
1.8554340807579244	3.7338916698913016e-11
1.8559115797431027	5.2603591433562954e-11
1.8856831213259886	8.45362789875289e-11
1.9545042938536392	4.607932307444345e-11
1.9948397772511943	3.021331668345496e-11
2.037418667208731	4.984833177897121e-11
2.078436515658128	1.6907751645133376e-11
2.1139105577671624	1.0425047376369406e-10
2.1690971403610506	8.440085121465753e-11
2.1789945941401996	3.630044707284257e-11
2.236942692563911	5.5333426064853866e-11
2.293978604104094	2.0311773877429694e-11
2.3202364251600396	7.792211303057995e-11
2.342386026772666	2.4422869006558796e-11
2.3793960987348943	2.86036208579168e-11
2.418665960379167	8.429566851473856e-11
2.444318107725414	1.068578004841372e-10
2.4702423193725003	1.3545879314440936e-10
2.507832586218429	7.385388069383923e-11
2.5475071643230613	8.880715072680233e-11
2.599463052485742	4.2436235395773303e-11
2.6281249184736786	9.35823117703464e-11
2.682043496255452	5.2382278136552715e-11
2.7522254069590297	4.589908430317056e-11
2.7826267196433214	1.0392289206682449e-10
2.8414580544916337	1.317226980596157e-10
2.868867292018442	4.7102937622733444e-11
2.9154074426101215	9.596840439292562e-11
2.992110410648465	1.0113463140754405e-10
3.0584566220692464	4.918285498013683e-10
3.0752717788538324	7.303687702558977e-10
3.0628791102650195	3.3704230196254032e-9
3.0628791102650195	1e-10
