# Red giant Branch https://arxiv.org/pdf/2304.12907.pdf
# This is Stuekelberg case, Higgs case plateaus below 100 eV at about kinetic mixing~10^-13 https://arxiv.org/pdf/1304.3461.pdf
# mass [eV] kinetic mixing [dimensionless]
0.2704249847974535	5.754784873989853e-7
0.30947459267559324	4.357228551014696e-7
0.3485112460822914	3.433272533092885e-7
0.39637651061067	2.663065851595146e-7
0.45081569082792905	2.0605113745127842e-7
0.5076808949178768	1.6250661328448085e-7
0.5730265797630274	1.2680697836840026e-7
0.6552105730064913	9.821308340464124e-8
0.7395454062442451	7.663752318180615e-8
0.8328305365435673	6.049724094979412e-8
0.9378825109899647	4.7799985129271465e-8
1.0561855813686607	3.776764927601799e-8
1.1894112207227117	2.9758969808604974e-8
1.3394417391570994	2.344854130574141e-8
1.5234034732067594	1.814536927884984e-8
1.7326308971369317	1.4072866517441092e-8
1.9511823175573164	1.1098865578913256e-8
2.2023269756976545	8.660654350818588e-9
2.5181867135923337	6.707750464840979e-9
2.842312827091776	5.234184325819958e-9
3.2008378347356246	4.131836431920855e-9
3.6045866403656865	3.2646401207999462e-9
4.059263704928044	2.57945233165533e-9
4.57129304137755	2.0324760881850683e-9
5.147908977871464	1.6014868731429856e-9
5.854933579699225	1.2392911921260826e-9
6.659062421275307	9.611476765787968e-10
7.499026405088938	7.580295635300723e-10
8.464256771285154	5.915047795433051e-10
9.678208175755634	4.58125483273934e-10
10.923929942419694	3.574839637192685e-10
12.3018578146709	2.8219588252489713e-10
13.853595408435801	2.229681680760616e-10
15.60106681705843	1.761712592344748e-10
17.568961605599753	1.3881391310291832e-10
19.785083643224695	1.0937824111989864e-10
22.50240847260892	8.464102522683047e-11
25.592936385767658	6.564439839231841e-11
28.821190371703597	5.177185137526974e-11
32.530883688400266	4.0398553048073407e-11
37.196492614179974	3.128902297798139e-11
41.98420534483997	2.441541534676841e-11
47.28002901305354	1.9273395117672607e-11
53.24385980667191	1.522826472003697e-11
59.95995912629077	1.2032132635047913e-11
67.52321697714243	9.480703159539487e-12
76.04049264508409	7.470307644172984e-12
86.48405317932797	5.780806962049418e-12
98.36195419242023	4.483376639506574e-12
110.76918116707535	3.532670754290273e-12
125.02673561822321	2.759137617853387e-12
142.9581837537524	2.136975555082268e-12
161.35891640909284	1.6675223703834112e-12
181.7124841753003	1.3163330238496778e-12
204.633419955825	1.0400589841345118e-12
230.4455676387092	8.21769773210858e-13
259.5136202864171	6.475124170922316e-13
292.2482727884326	5.102065614441176e-13
332.3862627162442	3.960599074916933e-13
378.03688825374985	3.064861555470929e-13
426.6955626434311	2.398323995091147e-13
487.8926283219653	1.862243355116711e-13
555.3235435305083	1.4435442067202757e-13
626.3243789023452	1.1409730610439874e-13
706.4030188841748	9.071788858950376e-14
802.1992037321965	7.149112246698682e-14
903.3873885472553	5.71112054626233e-14
1027.4605047249865	4.504196722776932e-14
1183.319580212693	3.5373838048168334e-14
1382.7530621666824	2.7532508660488163e-14
1615.7985238338238	2.146869052233292e-14
1860.9046499973201	1.717244307884036e-14
2268.3520026055403	1.3622264631012409e-14
2617.0479877671114	1.0799437867528654e-14
3109.045951430075	8.473479319313231e-15
3833.3124419087508	6.614627180077564e-15
4626.592297362309	5.231771007661253e-15
5584.036420301192	4.144594977305566e-15
6874.385563027127	3.28122188959756e-15
8547.101229560563	2.6149013836406093e-15
10626.831846799545	2.1006283609245078e-15
13212.614670992862	1.777564639723301e-15
16427.58528231644	1.529974684162075e-15
20424.84132987295	1.3234710901927167e-15
21752.040340195243	1.271061799614743e-15
22711.71867279771	1.21152765862859e-15
23207.32049829483	1.100694171252208e-15
23207.32049829483	9.763000989628087e-16
23801.409272456556	1.9777198510773515e-16
25608.623224047078	1.3068136139832206e-15
26067.714282331417	1.702098054522568e-15
26665.011324454616	2.4250566211924467e-15
27735.840192391406	3.344158194584007e-15
28876.946585211692	4.708640218692829e-15
30049.138903268402	6.392880915058993e-15
32089.5670974938	8.450047842582569e-15
34478.213856511655	1.1465931966164346e-14
37360.87097713871	1.4973330133672892e-14
40484.54151306867	1.9322011511607653e-14
44599.19148366951	2.519019641457688e-14
48381.231704702775	3.28405764080907e-14
53298.462483940486	4.2971679490725176e-14
57754.64438005653	5.5740656375184045e-14
61898.785639935355	7.032125106499077e-14
67741.32364670314	9.134262042560949e-14
74216.92042876623	1.1966738558523737e-13
80333.64281121583	1.6149145583745307e-13
86097.9231960028	2.1150429513602342e-13
91366.83358170588	2.707302046254026e-13
96958.18399409042	3.495181157214788e-13
102891.7067047647	4.556683956112739e-13
108828.63050494205	5.940570099788784e-13
116176.59732192456	7.881293364284562e-13
122887.4413328596	1.047277326046138e-12
130701.48368070059	1.4519807415945114e-12
138015.1487437738	2.0207391420737147e-12
146066.3292958241	2.795883985731139e-12
150876.15420183304	3.764304581853088e-12
159792.5916741809	4.871601014490033e-12
165845.22132242765	6.431584227796516e-12
172278.64420914388	8.602873852100681e-12
178529.08715305093	1.1451068922684446e-11
183506.53291751773	1.511238621548607e-11
193881.61162087054	2.096920817540307e-11
201592.01325916938	2.963745914236051e-11
209169.35002413252	4.255038924720719e-11
215901.5992873581	6.094706544099246e-11
225891.78029402185	8.65864471518059e-11
235553.6530119892	1.3090479846594034e-10
245068.28375820984	2.0453423947898663e-10
254967.23543123045	3.2566092211258517e-10
264392.13701953774	4.97241206493827e-10
277033.6279713822	7.252985795465543e-10
281499.442486793	1.030964263825441e-9
287128.41387739213	1.3516918198582595e-9
292869.94435029925	1.750401246532241e-9
298726.28468032274	2.2511887300647743e-9
305706.8539925233	2.9632685665263178e-9
310792.62394774647	3.891065690766859e-9
317356.2368831008	5.16113292950821e-9
323702.21455986786	6.9373524177294064e-9
331630.9925067522	9.16666905729319e-9
337741.91455879435	1.2434866105172722e-8
343134.09023841005	1.6643018516119725e-8
349995.53181011864	2.2472153566328604e-8
356994.177413083	3.1154596827961485e-8
364854.43433187815	4.253160298875171e-8
372418.23650191963	5.979557329694279e-8
378091.7211418145	8.402512741209154e-8
388159.2131299146	1.1778963248972426e-7
393710.1353480937	1.6400303611455876e-7
402944.3584073114	2.3697267294959798e-7
407814.8663739141	3.4102717713352183e-7
418263.7196138154	4.981162720843562e-7
426627.4822224845	7.200469909790973e-7
426627.4822224845	1e0

