# SNIPE Hunt magnetometer network
# https://arxiv.org/pdf/2306.11575.pdf
# mass [eV] kinetic mixing
2.1426719786533535e-15	 1e0
2.1426719786533535e-15	 0.0021240842068554235
2.2931601271886456e-15	 0.0019005211587068713
2.4542176410188694e-15	 0.0017104711044473224
2.626586847588557e-15	 0.001553001429139369
2.8110622108726738e-15	 0.0014266323781267588
3.0084939931269146e-15	 0.001322103265344252
3.2197921738170642e-15	 0.0012288240603607456
3.4459306437898135e-15	 0.0011488308474678476
3.687951694016505e-15	 0.0010584426615244734
3.946970819598641e-15	 0.0009694748122919153
4.2241818611774495e-15	 0.0008984415569504668
4.520862507444416e-15	 0.0008424172297267943
4.838380184114417e-15	 0.0007829816232101864
5.178198356504406e-15	 0.0007171677690092485
5.541883274766414e-15	 0.0006665689685323743
5.931111192864499e-15	 0.0006159243392869819
6.347676094568254e-15	 0.0005707956672380853
6.793497962072991e-15	 0.0005399221660343854
7.270631625356923e-15	 0.0005032995159102746
7.781276233062934e-15	 0.00046642284560012624
8.327785388557311e-15	 0.000433515013538766
8.912677997882837e-15	 0.00040529432687667823
9.5386498796058e-15	 0.00037450084279786784
1.0208586190067295e-14	 0.000346046988461768
1.0925574721308416e-14	 0.0003197550032967255
1.169292013295987e-14	 0.00030069470777285595
1.251415918369226e-14	 0.00027622692290621436
1.3393077032430525e-14	 0.00025153194315311966
1.433372468446531e-14	 0.00023106457437984532
1.5340437662872587e-14	 0.00021288478075748036
1.6417855991298974e-14	 0.00019442082506770925
1.7570945580216168e-14	 0.00017497895346105764
1.8805021115213815e-14	 0.00016027102291716594
2.002842951088253e-14	 0.0001490359962406446
2.002842951088253e-14	 1e0
