# SQMS
# https://arxiv.org/pdf/2208.03183.pdf
# mass  kinetic mixing
0.0000053962082346428575	 1e0
0.0000053962082346428575	 3.454382209334405e-16
0.000005396208422142857	 2.504066177978637e-16
0.000005396208788214286	 2.1055250317917925e-16
0.000005396209047142857	 2.026618962652027e-16
0.00000539620944	 1.997064004171937e-16
0.000005396209815	 2.0206731852326985e-16
0.000005396210100714286	 2.059634850669367e-16
0.0000053962104578571425	 2.1117204835260788e-16
0.0000053962110828571426	 2.262679215593143e-16
0.0000053962131542857146	 3.008827420677609e-16
0.000005396215493571429	 4.3697065997281714e-16
0.000005396216261428571	 5.009419197420446e-16
0.000005396216261428571	 1e0
