# ChangE (original data)
# https://arxiv.org/pdf/2306.08039.pdf
# mass [eV] g_ap/2m_p [GeV^-1]
4.135649296939619875e-17 1e0
4.135649296939619875e-17 3.777229870964490272e-08
4.177043162710711158e-17 3.914369258489379697e-08
4.218851341205252202e-17 3.958041700532610178e-08
4.261077979294540900e-17 3.560130842482670244e-08
4.303727265355996900e-17 3.655489461958309891e-08
4.346803429688751403e-17 3.802427580442989839e-08
4.390310744933043833e-17 3.431872976949369914e-08
4.434253526494251208e-17 3.254046475785250228e-08
4.478636132970719460e-17 2.923478238741189945e-08
4.523462966586145493e-17 2.868489858984109963e-08
4.568738473626344196e-17 3.310777519236589938e-08
4.614467144880107677e-17 3.580119976243650243e-08
4.660653516084657140e-17 3.576398456916720023e-08
4.707302168375599904e-17 3.768579316543650066e-08
4.754417728741398330e-17 3.962905058680769671e-08
4.802004870482092440e-17 3.906454731059670215e-08
4.850068313672994208e-17 3.985965013110720248e-08
4.898612825632795766e-17 4.229758386692459824e-08
4.947643221396484744e-17 4.226428044540679976e-08
4.997164364192928053e-17 3.928310264224210025e-08
5.047181165927170967e-17 3.899750392733040003e-08
5.097698587667783681e-17 4.248313555531780189e-08
5.148721640138792506e-17 4.205439712649560064e-08
5.200255384216749139e-17 3.921014899474350170e-08
5.252304931432713050e-17 3.732258487285999677e-08
5.304875444479197543e-17 4.006826674142929714e-08
5.357972137722415344e-17 3.904736484741130206e-08
5.411600277719271546e-17 3.656440952916139774e-08
5.465765183739826181e-17 3.931908948543850107e-08
5.520472228294954651e-17 4.228221574155229837e-08
5.575726837669148700e-17 3.847959505246159876e-08
5.631534492458808595e-17 3.605954130894589975e-08
5.687900728115839162e-17 3.784268500658620291e-08
5.744831135496649523e-17 3.513568840297440023e-08
5.802331361416749427e-17 3.838275757551990325e-08
5.860407109210877473e-17 3.888783209439749740e-08
5.919064139298510841e-17 3.839973918261430067e-08
5.978308269755624278e-17 4.165957487565329753e-08
6.038145376891273466e-17 4.259907133656749864e-08
6.098581395830851660e-17 4.217864880413210192e-08
6.159622321104631688e-17 4.353219894617270019e-08
6.221274207242348906e-17 4.370629126508629747e-08
6.283543169373738821e-17 3.995363205179469834e-08
6.346435383835070051e-17 3.801005887957840106e-08
6.409957088781803286e-17 3.709701814897200268e-08
6.474114584807361461e-17 3.533973694606160003e-08
6.538914235567988938e-17 3.389506609374089933e-08
6.604362468414062100e-17 3.290400192499919836e-08
6.670465775027460614e-17 3.301768297362420114e-08
6.737230712065674823e-17 3.609629636145459737e-08
6.804663901811828368e-17 3.784147511141450225e-08
6.872772032831885598e-17 3.576589221372299865e-08
6.941561860637842008e-17 3.317173549812609932e-08
7.011040208357898552e-17 3.234397982663179962e-08
7.081213967413151463e-17 3.019365227473229805e-08
7.152090098201240060e-17 2.900121817005560141e-08
7.223675630786600047e-17 2.821899589337180154e-08
7.295977665597931182e-17 2.767306639091340148e-08
7.369003374132258098e-17 3.176706038088080067e-08
7.442759999666583917e-17 3.194859791779849780e-08
7.517254857975929929e-17 2.904298928578089990e-08
7.592495338059263892e-17 2.789771338957630075e-08
7.668488902872373994e-17 3.033656910916720157e-08
7.745243090067990486e-17 3.023544173159010297e-08
7.822765512743423668e-17 3.059868164625300103e-08
7.901063860195863700e-17 3.038417090190829824e-08
7.980145898684905872e-17 2.499552190351509980e-08
8.060019472202937381e-17 2.447010672723239977e-08
8.140692503253142760e-17 2.577165222247279894e-08
8.222172993635359729e-17 2.477421196648030109e-08
8.304469025239620251e-17 2.345392720028750092e-08
8.387588760848097910e-17 2.233291903737410079e-08
8.471540444944375658e-17 2.315189920960880007e-08
8.556332404531472386e-17 2.396795293099270045e-08
8.641973049957608962e-17 2.323799263863340135e-08
8.728470875750537109e-17 2.129338409008870122e-08
8.815834461460049009e-17 1.948580044740439988e-08
8.904072472508973337e-17 1.962508087584330163e-08
8.993193661052646609e-17 2.103118962273009845e-08
9.083206866847105145e-17 2.058298216680349901e-08
9.174121018125724007e-17 2.006018356596930116e-08
9.265945132485028909e-17 2.114865240996710090e-08
9.358688317778866356e-17 2.042544836522679935e-08
9.452359773022000669e-17 1.906220360963910022e-08
9.546968789302482158e-17 1.867276470571309888e-08
9.642524750703184574e-17 1.802017933614420063e-08
9.739037135232588249e-17 1.669793842566090144e-08
9.836515515764970411e-17 1.674368217436329933e-08
9.934969560989784492e-17 1.740632420083270082e-08
1.003440903637080159e-16 1.713393385586749916e-08
1.013484380511464060e-16 1.721934904261789921e-08
1.023628382914913079e-16 1.697978590062169911e-08
1.033873917011149686e-16 1.719487568719090096e-08
1.044221999034607082e-16 1.650301936679509930e-08
1.054673655391265464e-16 1.417918833147190082e-08
1.065229922760426054e-16 1.415601119777169927e-08
1.075891848197555756e-16 1.478209802175500008e-08
1.086660489238143161e-16 1.426078869106810036e-08
1.097536914002584876e-16 1.416508748200249992e-08
1.108522201302129914e-16 1.348737400278790013e-08
1.119617440745893235e-16 1.240168859994870072e-08
1.130823732848924638e-16 1.245576118275089944e-08
1.142142189141377125e-16 1.262054092013480055e-08
1.153573932278738626e-16 1.280451225199890052e-08
1.165120096153200920e-16 1.316123470885600068e-08
1.176781826006129006e-16 1.266186666890030027e-08
1.188560278541650179e-16 1.175158608074960003e-08
1.200456622041381270e-16 1.141547498722340054e-08
1.212472036480310097e-16 1.114566931022159968e-08
1.224607713643846155e-16 1.045314333734119971e-08
1.236864857246021557e-16 1.056574440566790082e-08
1.249244683048879219e-16 1.094989882667460072e-08
1.261748418983072683e-16 1.071437872834840021e-08
1.274377305269665005e-16 1.016015345785829996e-08
1.287132594543130663e-16 1.007903716852930056e-08
1.300015551975603858e-16 1.035089719269249936e-08
1.313027455402386040e-16 9.604907893483589656e-09
1.326169595448664083e-16 9.251288675545639973e-09
1.339443275657560165e-16 9.216243762372910080e-09
1.352849812619383663e-16 8.887625796073330362e-09
1.366390536102257894e-16 8.947799914121390043e-09
1.380066789184007551e-16 9.178383677579619643e-09
1.393879928385367974e-16 9.644249134571190024e-09
1.407831323804532771e-16 9.400387387018489725e-09
1.421922359253072829e-16 9.081583906198179707e-09
1.436154432393172226e-16 8.770697998701289320e-09
1.450528954876265605e-16 8.170987423569929350e-09
1.465047352483060490e-16 8.224307247181740292e-09
1.479711065264954410e-16 8.142316430928169937e-09
1.494521547686881586e-16 7.549984363360429927e-09
1.509480268771559102e-16 7.076159168042209818e-09
1.524588712245206777e-16 7.387177020879289769e-09
1.539848376684718774e-16 7.534982630080100758e-09
1.555260775666298802e-16 7.243497359531659730e-09
1.570827437915587254e-16 7.441276502067330208e-09
1.586549907459305162e-16 7.337438833718190301e-09
1.602429743778382954e-16 6.756310386261060178e-09
1.618468521962659277e-16 6.487995332255390257e-09
1.634667832867100851e-16 6.367887438928710314e-09
1.651029283269602750e-16 6.520838053157679883e-09
1.667554496030359754e-16 6.559594125497170043e-09
1.684245110252832925e-16 6.532453423830659823e-09
1.701102781446331618e-16 6.177533282792290018e-09
1.718129181690215125e-16 5.881614459133719733e-09
1.735325999799743782e-16 5.700906328252810397e-09
1.752694941493606397e-16 5.767881719069530121e-09
1.770237729563072735e-16 6.090518756953540160e-09
1.787956104042911577e-16 5.967052096987959767e-09
1.805851822383953794e-16 5.592871631617520218e-09
1.823926659627423458e-16 5.632992206686889900e-09
1.842182408580988424e-16 5.876462523488370207e-09
1.860620879996612965e-16 5.546467657147019838e-09
1.879243902750132342e-16 5.390173906853770206e-09
1.898053324022663205e-16 5.455620196562229813e-09
1.917051009483833544e-16 5.210440894789509838e-09
1.936238843476823823e-16 5.020669814204340238e-09
1.955618729205281158e-16 5.083043694852070199e-09
1.975192588922076233e-16 5.156970429481319996e-09
1.994962364119987496e-16 5.000528212241250405e-09
2.014930015724263830e-16 4.932312061901290329e-09
2.035097524287129797e-16 4.917129992525280371e-09
2.055466890184222359e-16 4.908436192596489590e-09
2.076040133813023165e-16 4.955488652517189807e-09
2.096819295793234153e-16 4.720820360858009831e-09
2.117806437169205915e-16 4.858267526177829973e-09
2.139003639614346595e-16 5.044683284450169788e-09
2.160413005637622007e-16 4.821320474984470305e-09
2.182036658792075980e-16 4.526713897127030069e-09
2.203876743885479636e-16 4.500473453010499990e-09
2.225935427193064745e-16 4.611841307408040214e-09
2.248214896672390452e-16 4.270551719845059675e-09
2.270717362180355463e-16 4.242522956600019986e-09
2.293445055692407204e-16 4.600019337207519687e-09
2.316400231523916655e-16 4.650926092864789857e-09
2.339585166553779983e-16 4.468816644079800164e-09
2.363002160450243787e-16 4.386357454748099592e-09
2.386653535899044652e-16 4.339802270014359675e-09
2.410541638833742732e-16 4.181549190557840069e-09
2.434668838668449029e-16 4.122162991289609774e-09
2.459037528532812264e-16 3.963826466363899877e-09
2.483650125509420651e-16 4.208638002376830119e-09
2.508509070873519467e-16 4.282256012010629844e-09
2.533616830335169661e-16 4.166235978619909696e-09
2.558975894283817412e-16 4.222071099531580047e-09
2.584588778035310144e-16 4.223412155653350036e-09
2.610458022081372799e-16 4.449903396329510064e-09
2.636586192341621292e-16 4.268645656544469784e-09
2.662975880418039666e-16 4.074402386120090321e-09
2.689629703852067890e-16 4.150232707443960130e-09
2.716550306384197743e-16 4.066381432677480384e-09
2.743740358216228139e-16 3.931797640003240316e-09
2.771202556276100034e-16 4.078073253918530299e-09
2.798939624485409019e-16 4.173952182824159879e-09
2.826954314029582291e-16 3.913981313499040172e-09
2.855249403630760923e-16 3.838237219249749869e-09
2.883827699823416527e-16 3.808220557928629649e-09
2.912692037232729421e-16 3.980167531282280369e-09
2.941845278855744566e-16 4.036170105564779983e-09
2.971290316345359529e-16 3.846784393365859682e-09
3.001030070297117816e-16 3.777795427565809738e-09
3.031067490538920508e-16 3.864385806782899672e-09
3.061405556423602444e-16 4.125139446096769935e-09
3.092047277124445924e-16 4.101856198226330139e-09
3.122995691933672368e-16 3.958383981741650370e-09
3.154253870563870992e-16 4.140189998034510038e-09
3.185824913452514902e-16 4.082998188916269802e-09
3.217711952069462518e-16 3.860485314889669915e-09
3.249918149227564165e-16 3.808838589176340258e-09
3.282446699396389592e-16 3.682524844222239904e-09
3.315300829019065566e-16 3.753107712540370109e-09
3.348483796832307871e-16 3.826266085364350411e-09
3.381998894189648190e-16 3.767181750580740297e-09
3.415849445387903201e-16 3.747635249717480010e-09
3.450038807996881461e-16 3.686347161985740075e-09
3.484570373192452805e-16 3.706118970982380148e-09
3.519447566092874262e-16 3.736805789626189745e-09
3.554673846098544063e-16 3.744345998904609968e-09
3.590252707235128038e-16 3.662239470147750047e-09
3.626187678500115573e-16 3.565953056377939940e-09
3.662482324212869738e-16 3.790046417042169978e-09
3.699140244368151848e-16 3.905691764682980018e-09
3.736165074993209214e-16 3.789619067351490290e-09
3.773560488508407836e-16 3.732724296426259671e-09
3.811330194091521959e-16 3.677968523210569913e-09
3.849477938045604072e-16 3.653275784653629868e-09
3.888007504170603476e-16 3.737273373426569816e-09
3.926922714138660451e-16 3.828778657711529886e-09
3.966227427873163779e-16 3.773393098515649713e-09
4.005925543931625371e-16 3.663040851668850183e-09
4.046020999892361644e-16 3.721028395372229939e-09
4.086517772745057565e-16 3.783912746730839596e-09
4.127419879285223236e-16 3.727580333472759900e-09
4.168731376512655426e-16 3.626217589514330139e-09
4.210456362033705356e-16 3.568673783602229838e-09
4.252598974468031653e-16 3.673370266531090163e-09
4.295163393858643347e-16 3.736624788966869927e-09
4.338153842086890007e-16 3.774276979417389923e-09
4.381574583291067334e-16 3.876690808278899640e-09
4.425429924289371339e-16 3.873870258904599770e-09
4.469724215007154785e-16 3.655412408317450194e-09
4.514461848908271391e-16 3.595208657940119955e-09
4.559647263430892893e-16 3.725776538467440111e-09
4.605284940427750615e-16 3.657639839953410197e-09
4.651379406610545691e-16 3.666293158814520084e-09
4.697935233999048557e-16 3.652440506544660046e-09
4.744957040374482957e-16 3.571155144741269986e-09
4.792449489737675643e-16 3.560069556500790051e-09
4.840417292771588211e-16 3.528885877207119840e-09
4.888865207308560395e-16 3.627704744598020143e-09
4.937798038802316118e-16 3.620932845809289919e-09
4.987220640804425619e-16 3.562508837380460176e-09
5.037137915445906016e-16 3.526799441484159972e-09
5.087554813923449537e-16 3.455824385593340124e-09
5.138476336990322784e-16 3.586678916203949895e-09
5.189907535452605599e-16 3.626077896668650134e-09
5.241853510670057594e-16 3.599232046422220119e-09
5.294319415062158609e-16 3.509086224722959804e-09
5.347310452619065763e-16 3.465489574630840110e-09
5.400831879417948544e-16 3.588017258078729902e-09
5.454889004144251340e-16 3.587147813221289800e-09
5.509487188618154550e-16 3.565466468291220098e-09
5.564631848326633659e-16 3.584972108483930106e-09
5.620328452960297815e-16 3.633428221100540091e-09
5.676582526956244463e-16 3.571687194018369995e-09
5.733399650045781250e-16 3.563762028157649833e-09
5.790785457807940138e-16 3.578731457584549890e-09
5.848745642228577640e-16 3.486656941986580172e-09
5.907285952264764370e-16 3.516497929821420068e-09
5.966412194415053577e-16 3.549369244555909853e-09
6.026130233295492586e-16 3.606526335861649915e-09
6.086445992221381092e-16 3.585619202719759953e-09
6.147365453794540634e-16 3.504828569403279995e-09
6.208894660496981730e-16 3.577716350142320149e-09
6.271039715290115714e-16 3.600780564208589968e-09
6.333806782220099978e-16 3.409918155228379913e-09
6.397202087029238693e-16 3.322042067739639801e-09
6.461231917773614556e-16 3.446481096028850028e-09
6.525902625446566980e-16 3.624974176190940144e-09
6.591220624608808541e-16 3.651579746779179802e-09
6.657192394024731037e-16 3.556243572099269929e-09
6.723824477304714772e-16 3.524427954580059932e-09
6.791123483554589847e-16 3.474517521868710013e-09
6.859096088030769366e-16 3.549714793403000127e-09
6.927749032802729896e-16 3.551017107206569873e-09
6.997089127421463601e-16 3.489330228802440145e-09
7.067123249595037024e-16 3.584192750893450037e-09
7.137858345870719118e-16 3.541506764950040016e-09
7.209301432324069976e-16 3.371782775017440037e-09
7.281459595254838427e-16 3.480929123094359941e-09
7.354339991889660594e-16 3.656826007443630045e-09
7.427949851092307850e-16 3.623523229573190138e-09
7.502296474080396535e-16 3.567762521643220084e-09
7.577387235149751593e-16 3.561820820556610189e-09
7.653229582405707253e-16 3.565353690749359869e-09
7.729831038502067556e-16 3.501565709451530092e-09
7.807199201387096609e-16 3.526655877249709818e-09
7.885341745057195313e-16 3.609787602654500197e-09
7.964266420318155091e-16 3.658565205734720177e-09
8.043981055553721402e-16 3.683769496893159906e-09
8.124493557502397899e-16 3.709682962926140154e-09
8.205811912041357223e-16 3.746678012073440038e-09
8.287944184978826152e-16 3.677775372863190093e-09
8.370898522853928433e-16 3.645046158162770025e-09
8.454683153744871792e-16 3.593312864615309849e-09
8.539306388084946644e-16 3.563949758939489985e-09
8.624776619486848264e-16 3.649923410705570005e-09
8.711102325575352017e-16 3.644748740067749839e-09
8.798292068827998478e-16 3.634096616455080190e-09
8.886354497424483633e-16 3.649427779525489823e-09
8.975298346104548075e-16 3.641951286835840162e-09
9.065132437034118668e-16 3.632725825571810146e-09
9.155865680680644379e-16 3.646696467287999877e-09
9.247507076696691497e-16 3.603632626221399903e-09
9.340065714812656099e-16 3.576468560943049956e-09
9.433550775738461649e-16 3.581139175498040119e-09
9.527971532074028727e-16 3.609091556129570127e-09
9.623337349229116427e-16 3.615933226369000185e-09
9.719657686352150856e-16 3.632974517048129874e-09
9.816942097268610673e-16 3.733434840043250020e-09
9.915200231428494402e-16 3.710175378600410195e-09
1.001444183486352425e-15 3.685159265449490001e-09
1.011467675115380443e-15 3.726520882965050269e-09
1.021591492240421797e-15 3.682400376911129810e-09
1.031816639023056200e-15 3.703989260826079799e-09
1.042144129675537620e-15 3.729604099627479716e-09
1.052574988561430839e-15 3.773711575523079939e-09
1.063110250297179470e-15 3.749418728915700212e-09
1.073750959854743658e-15 3.629313520770319925e-09
1.084498172665243981e-15 3.639500393373869929e-09
1.095352954723655912e-15 3.687460093488330028e-09
1.106316382694532763e-15 3.793456676763889889e-09
1.117389544018800688e-15 3.808367448139329762e-09
1.128573537021633435e-15 3.743725508522089957e-09
1.139869471021368801e-15 3.716756798237339852e-09
1.151278466439557481e-15 3.762686774663540322e-09
1.162801654912096617e-15 3.775013984924229888e-09
1.174440179401455709e-15 3.752167131150979755e-09
1.186195194310070441e-15 3.717807517302459924e-09
1.198067865594822176e-15 3.647596519984750000e-09
1.210059370882708827e-15 3.695757973433100139e-09
1.222170899587630390e-15 3.727084999787750271e-09
1.234403653028378871e-15 3.782413466718779982e-09
1.246758844547787241e-15 3.842511340966089852e-09
1.259237699633089302e-15 3.848609628811269718e-09
1.271841456037452383e-15 3.797071101766409807e-09
1.284571363902775178e-15 3.779992977207440249e-09
1.297428685883659999e-15 3.844612554887990161e-09
1.310414697272675797e-15 3.877314318535300056e-09
1.323530686126836238e-15 3.864231514159539655e-09
1.336777953395364005e-15 3.859935381619559986e-09
1.350157813048734636e-15 3.863290819736209763e-09
1.363671592208994970e-15 3.807729209237620343e-09
1.377320631281414561e-15 3.825483774385630079e-09
1.391106284087419393e-15 3.878669703087340086e-09
1.405029917998895841e-15 3.847886923107220391e-09
1.419092914073796457e-15 3.828123125271370222e-09
1.433296667193130788e-15 3.870855771835500116e-09
1.447642586199330201e-15 3.900399800388389662e-09
1.462132094035979999e-15 3.925971704461239777e-09
1.476766627888966160e-15 3.930041112925300236e-09
1.491547639329007319e-15 3.894350410579070130e-09
1.506476594455657575e-15 4.005508587308319836e-09
1.521554974042712889e-15 4.031311327135830198e-09
1.536784273685086920e-15 3.960883190227439947e-09
1.552166003947154746e-15 3.947869858712680043e-09
1.567701690512597187e-15 3.868258326210000134e-09
1.583392874335707286e-15 3.905831260347259699e-09
1.599241111794251435e-15 3.952070153704199598e-09
1.615247974843833681e-15 3.950272754341160379e-09
1.631415051173829657e-15 3.995687620269689861e-09
1.647743944364846974e-15 4.046728556043499942e-09
1.664236274047791522e-15 4.040447907286460094e-09
1.680893676064520375e-15 4.006393858738340379e-09
1.697717802630082873e-15 4.007024794292259762e-09
1.714710322496617119e-15 3.974683724736269714e-09
1.731872921118858524e-15 3.993664855502960406e-09
1.749207300821323490e-15 4.040166336538769794e-09
1.766715180967154634e-15 4.091094665534510238e-09
1.784398298128668376e-15 4.158783305338329820e-09
1.802258406259586547e-15 4.170498580814650381e-09
1.820297276869032478e-15 4.138419108123470295e-09
1.838516699197216831e-15 4.045498482864970234e-09
1.856918480392928151e-15 4.007798057463410323e-09
1.875504445692770739e-15 4.086431282375290318e-09
1.894276438602216906e-15 4.109590351724029871e-09
1.913236321078436534e-15 4.152475503330520240e-09
1.932385973715012406e-15 4.169601463835180356e-09
1.951727295928457690e-15 4.149256715917880292e-09
1.971262206146596315e-15 4.159449881618850389e-09
1.990992641998895785e-15 4.157132278672209596e-09
2.010920560508602137e-15 4.116893983620759984e-09
2.031047938286890050e-15 4.120384785076899991e-09
2.051376771728912136e-15 4.199328571139789799e-09
2.071909077211807363e-15 4.251999860753649629e-09
2.092646891294710429e-15 4.213607773533719799e-09
2.113592270920744723e-15 4.165856334746339932e-09
2.134747293621062778e-15 4.169311763138180071e-09
2.156114057720897524e-15 4.145139423093160340e-09
2.177694682547696144e-15 4.218593305639139864e-09
2.199491308641331385e-15 4.252987483885479670e-09
2.221506097966422682e-15 4.227562192675160277e-09
2.243741234126765909e-15 4.236708792350940080e-09
2.266198922581935256e-15 4.242522641991079694e-09
2.288881390866025678e-15 4.243227502684599858e-09
2.311790888808602188e-15 4.270703384322749834e-09
2.334929688757861902e-15 4.319222656531339863e-09
2.358300085806009229e-15 4.328055167917979609e-09
2.381904398016923105e-15 4.327814457778370082e-09
2.405744966656062614e-15 4.294490011910769811e-09
2.429824156422692252e-15 4.294880922037710143e-09
2.454144355684450118e-15 4.319176364121420254e-09
2.478707976714226666e-15 4.319386065402689780e-09
2.503517455929441606e-15 4.379284881183569749e-09
2.528575254133709859e-15 4.406127087099459777e-09
2.553883856760913943e-15 4.419389371825669775e-09
2.579445774121737200e-15 4.429136198324299891e-09
2.605263541652659070e-15 4.430663227419189661e-09
2.631339720167431712e-15 4.460609655074029955e-09
2.657676896111087308e-15 4.373925727289349621e-09
2.684277681816484693e-15 4.341727685854559862e-09
2.711144715763407570e-15 4.434273116661659597e-09
2.738280662840293566e-15 4.457942069672839657e-09
2.765688214608544053e-15 4.486466897991470189e-09
2.793370089569487299e-15 4.435939419291999765e-09
2.821329033434040313e-15 4.387034207584229604e-09
2.849567819395045324e-15 4.470566178849769937e-09
2.878089248402324279e-15 4.508773275171469725e-09
2.906896149440512892e-15 4.451983924906029982e-09
2.935991379809656892e-15 4.460090992546459920e-09
2.965377825408622529e-15 4.580310317213710405e-09
2.995058401021352503e-15 4.598609406095379700e-09
3.025036050605951145e-15 4.582996219713440346e-09
3.055313747586728608e-15 4.616183729819160065e-09
3.085894495149094432e-15 4.574272693150200269e-09
3.116781326537452326e-15 4.567818475382630156e-09
3.147977305356066982e-15 4.607978175066419999e-09
3.179485525872919495e-15 4.599308603084560103e-09
3.211309113326650374e-15 4.635599453949219802e-09
3.243451224236514043e-15 4.593838986894719911e-09
3.275915046715487982e-15 4.658138748928709930e-09
3.308703800786484866e-15 4.711667319265220196e-09
3.341820738701749719e-15 4.622909166017069865e-09
3.375269145265438160e-15 4.676024080116440278e-09
3.409052338159433305e-15 4.750093399588410159e-09
3.443173668272415155e-15 4.826030627330579643e-09
3.477636520032233329e-15 4.825093196886599831e-09
3.512444311741600514e-15 4.740242974740920288e-09
3.547600495917146067e-15 4.722436440608950042e-09
3.583108559631860923e-15 4.760600626855590356e-09
3.618972024860988652e-15 4.838873019731949715e-09
3.655194448831339770e-15 4.865047785652509664e-09
3.691779424374148043e-15 4.846851962968979636e-09
3.728730580281423013e-15 4.853880106449330185e-09
3.766051581665889088e-15 4.880177933976309810e-09
3.803746130324508423e-15 5.011515592690070016e-09
3.841817965105686208e-15 5.047201177160160317e-09
3.880270862280074733e-15 5.023318141079869779e-09
3.919108635915174246e-15 5.023703304336920100e-09
3.958335138253623310e-15 4.991783199494579917e-09
3.997954260095293839e-15 5.007794135663479964e-09
4.037969931183221575e-15 5.066586443827219770e-09
4.078386120593383048e-15 5.073590611113880255e-09
4.119206837128378978e-15 5.131926431529170023e-09
4.160436129715054095e-15 5.339427858923769798e-09
4.202078087806162229e-15 5.344941166113119652e-09
4.244136841785855810e-15 5.283641248163819670e-09
4.286616563379528292e-15 5.373867706410020123e-09
4.329521466067493604e-15 5.359214776192589733e-09
4.372855805502894675e-15 5.331796343075230006e-09
4.416623879933994884e-15 5.379610451332140395e-09
4.460830030630231573e-15 5.502391573787250389e-09
4.505478642313110021e-15 5.522609503068320256e-09
4.550574143590860279e-15 5.467690076408959681e-09
4.596121007397849260e-15 5.495380151065599860e-09
4.642123751438255048e-15 5.511833522786269743e-09
4.688586938634036547e-15 5.570735281617900140e-09
4.735515177577667857e-15 5.562228648061789800e-09
4.782913122989205859e-15 5.507941228792339680e-09
4.830785476177957650e-15 5.522727153346440165e-09
4.879136985508725737e-15 5.576980763547659756e-09
4.927972446873035675e-15 5.667370591195750358e-09
4.977296704164475252e-15 5.709297358761109623e-09
5.027114649759511519e-15 5.648007544082800158e-09
5.077431225002481686e-15 5.651677185715689736e-09
5.128251420695905676e-15 5.718897234934360280e-09
5.179580277595285715e-15 5.772509226559300094e-09
5.231422886909388506e-15 5.829504578293070116e-09
5.283784390805004195e-15 5.830572191390459687e-09
5.336669982917038815e-15 5.795268970558749904e-09
5.390084908863688580e-15 5.793771711814609590e-09
5.444034466766832495e-15 5.833228057342280034e-09
5.498524007777336402e-15 5.912898170951319782e-09
5.553558936605913781e-15 5.875194575202860323e-09
5.609144712059305032e-15 5.855106548074770413e-09
5.665286847581638011e-15 5.930319923617829821e-09
5.721990911801282182e-15 5.988923492244760219e-09
5.779262529083167216e-15 6.044326283839409608e-09
5.837107380086807419e-15 6.052794599053660257e-09
5.895531202329570500e-15 6.108577363585120136e-09
5.954539790755831258e-15 6.155581106918559628e-09
6.014138998311869734e-15 6.160385015633020112e-09
6.074334736526178600e-15 6.202910765202720082e-09
6.135132976096070378e-15 6.229355462189799913e-09
6.196539747479776716e-15 6.292461751463639993e-09
6.258561141494541427e-15 6.354869484495550188e-09
6.321203309920926596e-15 6.302333453930320096e-09
6.384472466112737745e-15 6.308367722517919979e-09
6.448374885613606193e-15 6.334259331412999969e-09
6.512916906779239384e-15 6.348010391179539869e-09
6.578104931406244787e-15 6.393733887530309763e-09
6.643945425366956251e-15 6.462231697817600225e-09
6.710444919250909653e-15 6.528770074191449986e-09
6.777610009012613668e-15 6.551492534331060184e-09
6.845447356625599867e-15 6.571588574518059770e-09
6.913963690743424257e-15 6.577129094933479597e-09
6.983165807366956831e-15 6.599310793480299599e-09
7.053060570518486882e-15 6.609216983901420356e-09
7.123654912922580167e-15 6.622552672776059650e-09
7.194955836693672165e-15 6.680099762279020195e-09
7.266970414030645110e-15 6.812324376096799775e-09
7.339705787918238149e-15 6.821835194042320362e-09
7.413169172835649537e-15 6.783071088940969681e-09
7.487367855471960898e-15 6.798603908108599748e-09
7.562309195449090387e-15 6.856781263901170094e-09
7.638000626051695703e-15 6.955033614564979714e-09
7.714449654964350407e-15 6.999450580333579977e-09
7.791663865016376925e-15 7.018805505962910008e-09
7.869650914933911822e-15 7.056520825059049739e-09
7.948418540099627763e-15 7.136118036766939676e-09
8.027974553319809238e-15 7.210598034381059969e-09
8.108326845599462042e-15 7.229589239560260010e-09
8.189483386924980044e-15 7.294765269863609756e-09
8.271452227054590128e-15 7.423747650199869797e-09
8.354241496316873485e-15 7.419240081215379843e-09
8.437859406417162898e-15 7.456836021907819830e-09
8.522314251252066870e-15 7.559538558176550165e-09
8.607614407732051178e-15 7.652814987538619721e-09
8.693768336612532235e-15 7.699331053416049599e-09
8.780784583332712334e-15 7.703775088152149950e-09
8.868671778863606697e-15 7.770970937867810188e-09
8.957438640563855009e-15 7.843294034489010000e-09
9.047093973044458116e-15 7.894034245381889926e-09
9.137646669042100694e-15 7.943185784670789860e-09
9.229105710301200289e-15 8.034345031100500588e-09
9.321480168464805807e-15 8.135520092808510031e-09
9.414779205974317037e-15 8.208633960532650418e-09
9.509012076978370747e-15 8.247679000113979585e-09
9.604188128250784476e-15 8.238074883439600716e-09
9.700316800117452319e-15 8.372949941992729239e-09
9.797407627392927926e-15 8.543674560769630114e-09
9.895470240326055736e-15 8.521718918726990092e-09
9.994514365555210535e-15 8.522784737375279641e-09
1.009454982707299388e-14 8.630346261455970608e-09
1.019558654720074395e-14 8.762762342887009358e-09
1.029763454757270421e-14 8.662223809672390270e-09
1.040070395012998342e-14 8.466315414725719861e-09
1.050480497812460677e-14 8.482521821331630120e-09
1.060994795713341667e-14 8.617705004583070357e-09
1.071614331608246391e-14 8.753017823071909989e-09
1.082340158828118216e-14 8.831016839474729928e-09
1.093173341246741099e-14 8.894210684516960116e-09
1.104114953386240739e-14 8.971902779260439303e-09
1.115166080523676724e-14 9.140458054915250188e-09
1.126327818798688910e-14 9.236495564340539867e-09
1.137601275322212557e-14 9.242965262146690813e-09
1.148987568286310956e-14 9.374986612013410656e-09
1.160487827075053771e-14 9.491945377720210181e-09
1.172103192376575683e-14 9.563649185212920160e-09
1.183834816296186890e-14 9.726301565089830624e-09
1.195683862470674165e-14 9.836308648755850365e-09
1.207651506183693061e-14 9.962576826517490092e-09
1.219738934482365656e-14 1.010106646578800039e-08
1.231947346295016462e-14 1.024886251674070011e-08
1.244277952550082639e-14 1.062082467398879939e-08
1.256731976296219963e-14 1.087998398261189955e-08
1.269310652823639250e-14 1.094618898024839926e-08
1.282015229786600528e-14 1.111919123750130004e-08
1.294846967327200138e-14 1.130967358114190021e-08
1.307807138200322518e-14 1.149102119515509919e-08
1.320897027899917424e-14 1.167278203368470006e-08
1.334117934786480646e-14 1.174675607927919935e-08
1.347471170215856058e-14 1.179463610439130058e-08
1.360958058669284546e-14 1.197521442353089974e-08
1.374579937884801414e-14 1.224053499351350033e-08
1.388338158989896595e-14 1.247969522577080077e-08
1.402234086635562318e-14 1.263119195699920022e-08
1.416269099131617144e-14 1.278445255729210005e-08
1.430444588583436546e-14 1.301533853687189984e-08
1.444761961030037175e-14 1.332459004226739922e-08
1.459222636583527741e-14 1.350275780381649961e-08
1.473828049569966919e-14 1.361749549496019986e-08
1.488579648671641821e-14 1.383727283519840055e-08
1.503478897070748605e-14 1.401841251516829974e-08
1.518527272594528673e-14 1.434927450852019999e-08
1.533726267861861125e-14 1.456067524582679973e-08
1.549077390431282085e-14 1.468543683371420003e-08
1.564582162950558418e-14 1.489287828507880061e-08
1.580242123307675700e-14 1.523543394101339961e-08
1.596058824783411809e-14 1.557580071527380164e-08
1.612033836205376215e-14 1.573703589424010028e-08
1.628168742103639301e-14 1.600755852643910115e-08
1.644465142867890809e-14 1.636325544067919838e-08
1.660924654906182634e-14 1.669894267584129961e-08
1.677548910805239879e-14 1.697736631931590118e-08
1.694339559492423777e-14 1.722152179949689888e-08
1.711298266399263820e-14 1.747744985387310139e-08
1.728426713626658486e-14 1.771765681118720091e-08
1.745726600111707960e-14 1.799017155991150165e-08
1.763199641796244802e-14 1.839319545941159972e-08
1.780847571797022480e-14 1.871580212792199948e-08
1.798672140577621731e-14 1.903504924589309925e-08
1.816675116122084213e-14 1.942078519559089905e-08
1.834858284110260502e-14 1.978378024448290113e-08
1.853223448094945975e-14 2.008650527228679847e-08
1.871772429680748700e-14 2.046644530069470012e-08
1.890507068704801704e-14 2.089436539246480056e-08
1.909429223419222703e-14 2.126555942988830050e-08
1.928540770675442819e-14 2.183134862510240110e-08
1.947843606110372069e-14 2.232565277585609945e-08
1.967339644334429416e-14 2.272107750678000110e-08
1.987030819121418430e-14 2.297384928103160147e-08
2.006919083600371947e-14 2.327027748327159895e-08
2.027006410449259709e-14 2.370169115246839900e-08
2.047294792090653320e-14 2.389928392265300014e-08
2.067786240889363034e-14 2.439309412640390029e-08
2.088482789352026515e-14 2.484241443178319887e-08
2.109386490328713909e-14 2.508537691983449936e-08
2.130499417216550833e-14 2.552850133114830125e-08
2.151823664165372204e-14 2.575751260871330045e-08
2.173361346285430260e-14 2.604546133095540050e-08
2.195114599857195909e-14 2.652123366721119887e-08
2.217085582543250549e-14 2.689109133251820038e-08
2.239276473602299301e-14 2.720238597203779958e-08
2.261689474105326787e-14 2.714496819494179949e-08
2.284326807153920694e-14 2.688978838817210136e-08
2.284326807153920694e-14 2.688978838817210136e-08
2.307190718100773544e-14 2.696516236145749859e-08
2.330283474772390434e-14 2.725674886466379865e-08
2.353607367694044715e-14 2.740961929573139865e-08
2.377164710316947841e-14 2.746741127516809836e-08
2.400957839247746050e-14 2.773908460302079902e-08
2.424989114480247937e-14 2.796765517271160141e-08
2.449260919629549220e-14 2.801274932659850075e-08
2.473775662168416172e-14 2.816662117992000043e-08
2.498535773666112315e-14 2.827418647348419986e-08
2.523543710029561718e-14 2.825661595874210000e-08
2.548801951746952083e-14 2.833104023817810125e-08
2.574313004133763423e-14 2.849607197155809839e-08
2.600079397581278181e-14 2.858585707925769948e-08
2.626103687807559849e-14 2.860533587898019905e-08
2.652388456110934803e-14 2.870134089629170087e-08
2.678936309626050561e-14 2.880577436507409945e-08
2.705749881582460911e-14 2.880891986058539905e-08
2.732831831565806719e-14 2.876141338767800130e-08
2.760184845781621422e-14 2.879978883288119894e-08
2.787811637321761863e-14 2.893255002767769877e-08
2.815714946433535757e-14 2.908048690171560008e-08
2.843897540791468380e-14 2.910312589893540006e-08
2.872362215771860867e-14 2.919289364640430090e-08
2.901111794730016766e-14 2.932757146913559876e-08
2.930149129280327101e-14 2.939733902476640031e-08
2.959477099579081738e-14 2.941206308168630150e-08
2.989098614610169563e-14 2.937786369830089954e-08
3.019016612473597729e-14 2.888835530271629844e-08
3.049234060676935376e-14 2.846331080615179977e-08
3.079753956429627531e-14 2.849769187575400039e-08
3.110579326940318051e-14 2.853880248391559861e-08
3.141713229717084400e-14 2.860656944438749871e-08
3.173158752870702918e-14 2.867708422506070026e-08
3.204919015420988758e-14 2.878809225427229842e-08
3.236997167606120862e-14 2.884724810820349905e-08
3.269396391195132490e-14 2.909547340727700116e-08
3.302119899803506701e-14 2.931188775457470035e-08
3.335170939211919067e-14 2.936025360587910114e-08
3.368552787688180650e-14 2.946454567277499978e-08
3.402268756312402675e-14 2.959426217265129902e-08
3.436322189305425835e-14 2.972111726066099861e-08
3.470716464360517369e-14 2.988523599601090004e-08
3.505454992978399651e-14 3.004574055214730035e-08
3.540541220805632401e-14 3.025217796799490211e-08
3.575978627976376880e-14 3.055528509144660293e-08
3.611770729457585022e-14 3.093899979589580102e-08
3.647921075397642502e-14 3.118692482585899849e-08
3.684433251478502991e-14 3.136537997641250012e-08
3.721310879271339473e-14 3.176722012330989823e-08
3.758557616595764988e-14 3.183806675361429708e-08
3.796177157882647442e-14 3.135638849477289956e-08
3.834173234540541800e-14 3.129047797748230187e-08
3.872549615325810376e-14 3.183334920173810173e-08
3.911310106716443818e-14 3.270560932194609894e-08
3.950458553289594790e-14 3.526611713464200199e-08
3.989998838102948678e-14 3.829697317580789875e-08
4.029934883079842958e-14 3.712163096018199823e-08
4.070270649398303733e-14 3.438776728740519932e-08
4.111010137883916764e-14 3.375749185852859731e-08
4.152157389406700241e-14 3.380056416869199742e-08
4.193716485281844222e-14 3.435324021402939722e-08
4.235691547674648719e-14 3.513474352817809873e-08
4.278086740009264086e-14 3.593538628148270129e-08
4.320906267381679265e-14 3.738970126898650244e-08
4.364154376976881531e-14 3.901510493478869960e-08
4.407835358490157441e-14 3.842418487586600130e-08
4.451953544552357019e-14 3.685393467174189995e-08
4.496513311159925817e-14 3.748941842197280237e-08
4.541519078108726031e-14 3.638350909003740107e-08
4.586975309432588894e-14 3.426676181434749924e-08
4.632886513845988700e-14 3.446434985492399769e-08
4.679257245191314957e-14 3.461466029386129929e-08
4.726092102890487669e-14 3.463895015269799830e-08
4.773395732401281827e-14 3.501923055704469757e-08
4.821172825677915517e-14 3.559063597764359831e-08
4.869428121636641938e-14 3.588817612615099912e-08
4.918166406625682680e-14 3.601507040599589924e-08
4.967392514899999558e-14 3.636579346586399804e-08
5.017111329100785724e-14 3.670074381260500163e-08
5.067327780739743596e-14 3.665309632836690177e-08
5.118046850688254343e-14 3.744254586559340159e-08
5.169273569671505214e-14 3.792555560089659981e-08
5.221013018767287550e-14 3.777206433751540157e-08
5.273270329910173567e-14 3.737752775779319919e-08
5.326050686400372657e-14 3.704090862691539960e-08
5.379359323418031468e-14 3.801269516458500300e-08
5.433201528542349183e-14 3.879335227543149850e-08
5.487582642276096188e-14 3.881034025972169976e-08
5.542508058575351838e-14 3.876507792238350081e-08
5.597983225384490994e-14 3.889312514365920296e-08
5.654013645176592233e-14 3.893157747782290078e-08
5.710604875499130807e-14 3.903778449019049922e-08
5.767762529525309742e-14 3.980997932913899762e-08
5.825492276610835339e-14 4.166201491298969946e-08
5.883799842856120672e-14 4.273319102516660046e-08
5.942691011674399860e-14 4.208998165747059896e-08
6.002171624365219850e-14 4.212604944122209785e-08
6.062247580693961619e-14 4.290113639084340041e-08
6.122924839477005831e-14 4.432114469235959913e-08
6.184209419172746170e-14 4.624974175461140300e-08
6.246107398478412464e-14 4.741718045771060293e-08
6.308624916933333452e-14 4.835374579004679950e-08
6.371768175527543601e-14 4.959692007088060210e-08
6.435543437317162768e-14 5.267629788061399862e-08
6.499957028045326920e-14 5.628738644553249807e-08
6.565015336769891703e-14 5.872929477603529785e-08
6.630724816496939491e-14 6.071553253007280371e-08
6.697091984820968416e-14 6.266623742461220295e-08
6.764123424571297611e-14 6.511455263884670185e-08
6.831825784465053454e-14 6.708753101706380065e-08
6.900205779766624466e-14 6.802513876569450379e-08
6.969270192953682060e-14 6.845310683690229916e-08
7.039025874389991799e-14 6.921869722665870308e-08
7.109479743004838473e-14 7.000944733718860476e-08
7.180638786979404504e-14 7.028527963311030632e-08
7.252510064439744492e-14 6.989038371131050113e-08
7.325100704156947861e-14 6.795696211345400049e-08
7.398417906254343199e-14 6.395462598309439945e-08
7.472468942921422421e-14 5.911301371314669984e-08
7.547261159135401113e-14 5.482904395375910320e-08
7.622801973389619875e-14 5.243789285155149887e-08
7.699098878429321826e-14 5.303685800961189971e-08
7.776159441994995612e-14 5.340594180079390137e-08
7.853991307572829504e-14 5.165325975921159773e-08
7.932602195153060432e-14 4.936532997387249943e-08
8.011999901995533831e-14 4.768457736272470128e-08
8.092192303403143259e-14 4.780441371680239766e-08
8.173187353502935227e-14 4.912657670269010005e-08
8.254993086035278072e-14 5.049960654523509726e-08
8.337617615150330006e-14 5.176535669656999983e-08
8.421069136213193471e-14 5.472834596549569919e-08
8.505355926616666538e-14 5.948024463639569793e-08
8.590486346602315845e-14 6.442881975526880503e-08
8.676468840089578240e-14 7.145168473578930651e-08
8.763311935513399798e-14 7.509873535979019591e-08
8.851024246670306182e-14 7.025012356258549933e-08
8.939614473572374232e-14 6.167576596853610160e-08
9.029091403310629501e-14 5.669671353566830038e-08
9.119463910926343749e-14 5.252595094917790164e-08
9.210740960291397411e-14 4.802019908772880023e-08
9.302931604997353599e-14 4.702609516789809742e-08
9.396044989253556679e-14 4.707876730179119792e-08
9.490090348794126678e-14 4.809305264040319975e-08
9.585077011793838152e-14 4.892778187854480243e-08
9.681014399793714039e-14 4.894497105822020072e-08
9.777912028635111434e-14 4.883458638252340152e-08
9.875779509403928774e-14 4.879300974117729939e-08
9.974626549383788366e-14 4.915878079888500018e-08
1.007446295301873572e-13 4.969056663082570167e-08
1.017529862288606284e-13 4.999388855355129903e-08
1.027714356067808154e-13 5.060790597133090142e-08
1.038000786819462415e-13 5.123133157633019744e-08
1.048390174834470617e-13 5.147941878669470233e-08
1.058883550615860207e-13 5.165628591496269766e-08
1.069481954981009163e-13 5.174363129595599993e-08
1.080186439164871784e-13 5.209871105882950145e-08
1.090998064924247300e-13 5.326933714993990319e-08
1.101917904643109967e-13 5.452571868486969797e-08
1.112947041438945371e-13 5.611714000475140200e-08
1.124086569270223321e-13 5.587923402661230160e-08
1.135337593044867616e-13 5.414439508650119676e-08
1.146701228729876028e-13 5.395892374366279891e-08
1.158178603461993321e-13 5.444353957701959892e-08
1.169770855659520232e-13 5.501235532198910002e-08
1.181479135135235817e-13 5.556070947480459675e-08
1.193304603210421803e-13 5.632800719785919919e-08
1.205248432830082731e-13 5.675750943470719837e-08
1.217311808679267974e-13 5.686396748160499879e-08
1.229495927300570867e-13 5.738378326247260061e-08
1.241801997212845332e-13 5.842532381172579742e-08
1.254231239031038012e-13 5.955834305439360028e-08
1.266784885587282839e-13 6.026430048851709960e-08
1.279464182053171951e-13 6.071912710091289813e-08
1.292270386063271365e-13 6.121606551656780206e-08
1.305204767839851121e-13 6.187392186572859891e-08
1.318268610318887447e-13 6.254079892726819525e-08
1.331463209277307666e-13 6.315404256312090142e-08
1.344789873461513679e-13 6.392983240572939395e-08
1.358249924717212576e-13 6.429808602112799814e-08
1.371844698120496536e-13 6.433698671614410028e-08
1.385575542110289415e-13 6.484454305194979380e-08
1.399443818622096921e-13 6.686498541112150505e-08
1.413450903223081050e-13 6.771156213922650488e-08
1.427598185248502735e-13 6.691450371963259873e-08
1.441887067939536728e-13 6.702299180579399459e-08
1.456318968582452415e-13 6.773564928786879502e-08
1.470895318649177212e-13 6.887222627885970595e-08
1.485617563939305162e-13 6.983303740948489897e-08
1.500487164723490394e-13 7.036982056041409375e-08
1.515505595888279456e-13 7.065140508425619554e-08
1.530674347082431760e-13 7.119540554232120561e-08
1.545994922864636252e-13 7.222453790882020353e-08
1.561468842852775000e-13 7.315972849817330310e-08
1.577097641874644345e-13 7.399699914226190374e-08
1.592882870120173505e-13 7.481227588241400328e-08
1.608826093295219127e-13 7.535725754642829660e-08
1.624928892776832048e-13 7.647978101558280584e-08
1.641192865770132318e-13 7.737224308718959545e-08
1.657619625466712219e-13 7.763820483636449677e-08
1.674210801204673299e-13 7.819560670470460585e-08
1.690968038630210830e-13 7.902173534474730250e-08
1.707892999860860306e-13 8.018554834927329697e-08
1.724987363650351450e-13 8.117917131245000644e-08
1.742252825555115676e-13 8.169488693307410541e-08
1.759691098102472995e-13 8.288759455870950024e-08
1.777303910960504442e-13 8.414286224858980038e-08
1.795093011109586282e-13 8.487401184557359854e-08
1.813060163015694801e-13 8.561937538217789521e-08
1.831207148805401148e-13 8.664353182828990563e-08
1.849535768442663269e-13 8.885594755762850184e-08
1.868047839907332635e-13 9.013103049741060010e-08
1.886745199375487845e-13 9.206507770856840412e-08
1.905629701401563297e-13 9.337608850161900280e-08
1.924703219102303471e-13 9.405539028664110043e-08
1.943967644342535008e-13 9.552778932566429842e-08
1.963424887922836839e-13 9.588574048246370563e-08
1.983076879769061183e-13 1.016353626580859954e-07
2.002925569123755376e-13 1.070070759591249934e-07
2.022972924739511802e-13 1.057920956848559949e-07
2.043220935074235084e-13 1.063521001233850036e-07
2.063671608488378757e-13 7.752105538509500102e-07
2.084326973444156254e-13 7.743170786902049587e-07
2.105189078706720382e-13 1.061991886732799974e-07
2.126259993547406954e-13 1.102671899563649968e-07
2.147541807948953740e-13 1.130057837237319955e-07
2.169036632812808062e-13 1.135742676213239959e-07
2.190746600168523546e-13 1.131885748053630011e-07
2.212673863385198578e-13 1.096365270281080033e-07
2.234820597385090744e-13 1.100810195004690009e-07
2.257188998859338106e-13 1.109436518063439944e-07
2.279781286485831476e-13 1.109123967014259997e-07
2.302599701149301052e-13 1.139759393966420023e-07
2.325646506163560629e-13 1.158841019524399934e-07
2.348923987496030029e-13 1.161076957948370054e-07
2.372434453994449689e-13 1.301951536164899893e-07
2.396180237615905785e-13 1.498750703488919970e-07
2.420163693658134859e-13 1.575148950291950097e-07
2.444387200993122562e-13 1.563450056560529908e-07
2.468853162303080865e-13 1.542565447638040091e-07
2.493564004318755231e-13 1.564339387126110120e-07
2.518522178060128422e-13 1.641952535426789878e-07
2.543730159079524459e-13 1.721840276031330068e-07
2.569190447707175338e-13 1.730303798341789906e-07
2.594905569299197504e-13 1.580357666521530046e-07
2.620878074488097718e-13 1.458564138899019946e-07
2.647110539435752806e-13 1.599024306918809921e-07
2.673605566088936969e-13 1.721078335712719990e-07
2.700365782437415368e-13 1.541883971952799932e-07
2.727393842774586290e-13 1.363259362474030032e-07
2.754692427960777422e-13 1.695699592889770020e-07
2.782264245689139686e-13 2.232170691918700009e-07
2.810112030754231026e-13 2.258706504698139965e-07
2.838238545323263394e-13 2.134199756052189936e-07
2.866646579210078555e-13 2.078816755150830056e-07
2.895338950151877469e-13 1.717112860088929989e-07
2.924318504088688585e-13 1.476053273367239975e-07
2.953588115445665953e-13 1.497177327639070115e-07
2.983150687418176226e-13 1.625749859216020057e-07
3.013009152259797269e-13 2.623680786814779777e-07
3.043166471573114246e-13 3.082576534791750004e-07
3.073625636603527266e-13 2.578606316132950196e-07
3.104389668535901457e-13 2.485613640485849843e-07
3.135461618794263933e-13 2.689391650633200141e-07
3.166844569344453747e-13 2.685989671330589975e-07
3.198541632999817740e-13 2.449172894309710102e-07
3.230555953729970946e-13 2.698821690692540078e-07
3.262890706972626122e-13 2.743393134817970019e-07
3.295549099948577188e-13 2.427822358016060031e-07
3.328534371979805313e-13 2.572992574660939736e-07
3.361849794810790413e-13 3.265108520278200002e-07
3.395498672933010918e-13 4.024153798053089966e-07
3.429484343912733273e-13 4.637063830642870177e-07
3.463810178722043216e-13 4.914355403975659580e-07
3.498479582073209210e-13 4.477130014609959980e-07
3.533495992756389627e-13 4.350753706609979781e-07
3.568862883980723584e-13 4.460054148447259955e-07
3.604583763718821073e-13 3.899734485921489854e-07
3.640662175054726603e-13 3.512292137357529943e-07
3.677101696535338681e-13 3.091783981686539795e-07
3.713905942525368449e-13 2.760323675854219784e-07
3.751078563565818771e-13 2.765800276113250104e-07
3.788623246736121124e-13 2.824761822995159782e-07
3.826543716019792944e-13 2.919915863789080050e-07
3.864843732673850214e-13 2.771085412225649736e-07
3.903527095601877826e-13 2.520931250696470025e-07
3.942597641730810761e-13 2.379006977235999908e-07
3.982059246391534104e-13 2.442729496831529897e-07
4.021915823703263027e-13 2.537514852114880260e-07
4.062171326961774443e-13 2.678432331292420041e-07
4.102829749031522110e-13 1.372205839607350017e-06
4.143895122741687225e-13 1.441608678978510061e-06
4.185371521286228589e-13 4.320025409821929949e-07
4.227263058627750109e-13 4.523616941300850034e-07
4.269573889905789960e-13 4.438388694228139750e-07
4.312308211848758954e-13 4.108889542689490141e-07
4.355470263190239478e-13 3.717545869689190194e-07
4.399064325089495056e-13 3.463106391762880148e-07
4.443094721556120362e-13 3.442029923173640011e-07
4.487565819878784216e-13 3.416431999166959987e-07
4.532482031058643146e-13 3.370963957804820119e-07
4.577847810246525828e-13 3.389803294998689873e-07
4.623667657185195020e-13 3.409374656988390243e-07
4.669946116655458620e-13 3.662448785091809811e-07
4.716687778927006331e-13 3.884518776348069832e-07
4.763897280213647274e-13 4.013976476171869790e-07
4.811579303133333282e-13 4.085851268552780017e-07
4.859738577172415028e-13 4.082738345092119883e-07
4.908379879154921615e-13 4.128593145359830256e-07
4.957508033716169951e-13 4.120115976649900202e-07
5.007127913781596501e-13 4.129046968048739862e-07
5.057244441049793601e-13 4.234565637004950109e-07
5.107862586480893378e-13 4.462499366326899845e-07
5.158987370789454097e-13 4.437228902430169888e-07
5.210623864942679973e-13 4.513448544206579979e-07
5.262777190663192895e-13 4.781262053097990233e-07
5.315452520937137609e-13 4.883800483616979959e-07
5.368655080527253822e-13 5.110182837660939707e-07
5.422390146491149487e-13 5.227690899729149532e-07
5.476663048704714683e-13 5.371965076509899784e-07
5.531479170390695275e-13 5.840301915755370507e-07
5.586843948652770684e-13 6.202336736740289811e-07
5.642762875014764168e-13 6.222143613961199885e-07
5.699241495965343072e-13 6.577090663131900398e-07
5.756285413508271652e-13 6.881018729773539841e-07
5.813900285717866088e-13 6.325170888750420241e-07
5.872091827300372640e-13 5.818531221866289744e-07
5.930865810160751966e-13 5.973347422252400487e-07
5.990228063975102851e-13 5.564611391609280514e-07
6.050184476769065623e-13 4.879806678934450492e-07
6.110740995501695341e-13 4.844508648415149886e-07
6.171903626655417675e-13 8.849582910078659706e-07
6.233678436831638325e-13 8.942549936804110420e-07
6.296071553352729970e-13 5.103958496738569500e-07
6.359089164869603096e-13 5.198321380280099932e-07
6.422737521975682621e-13 5.347929384115370487e-07
6.487022937826675393e-13 5.836064742356769555e-07
6.551951788766997945e-13 6.397492583497900406e-07
6.617530514962075899e-13 6.139794493226870042e-07
6.683765621037220834e-13 5.686873971038680236e-07
6.750663676722787738e-13 5.773073097711619878e-07
6.818231317505789771e-13 5.826661497572069782e-07
6.886475245288048076e-13 5.930751943843009632e-07
6.955402229050992752e-13 6.162891654573140512e-07
7.025019105527047354e-13 6.193406622189100057e-07
7.095332779877708989e-13 6.465456760493259717e-07
7.166350226378494655e-13 6.715610678360049676e-07
7.238078489110752820e-13 6.778427932697350022e-07
7.310524682660256420e-13 6.874471356948970037e-07
7.383695992822911521e-13 6.853868739260629848e-07
7.457599677317535170e-13 7.044724702971689837e-07
7.532243066505747903e-13 7.278546462144109998e-07
7.607633564118982900e-13 7.493217998395799607e-07
7.683778647992969260e-13 7.832001217148930422e-07
7.760685870809264279e-13 8.003774146572860400e-07
7.838362860844581950e-13 7.951417193141580090e-07
7.916817322727254277e-13 8.096100459704499484e-07
7.996057038201613006e-13 8.294247233674620087e-07
8.076089866899710159e-13 8.478428227623780062e-07
8.156923747120885278e-13 8.877176333897280124e-07
8.238566696619355060e-13 1.057948765477450066e-06
8.321026813399173109e-13 1.132444121860539961e-06
8.404312276517742191e-13 1.094375355238450066e-06
8.488431346896815758e-13 1.224978608320880043e-06
8.573392368142183241e-13 1.428753190005919923e-06
8.659203767370926395e-13 1.552051363154690026e-06
8.745874056047560360e-13 1.554901878119329965e-06
8.833411830828122406e-13 1.509219688296140020e-06
8.921825774412904063e-13 1.388480749850639898e-06
9.011124656407650951e-13 1.192967569160550056e-06
9.101317334193464565e-13 1.071173459856199938e-06
9.192412753805210126e-13 1.067872647853270034e-06
9.284419950819025236e-13 1.084620045624840044e-06
9.377348051248387108e-13 1.108398069936070015e-06
9.471206272449462353e-13 1.129611964572260057e-06
9.566003924035194059e-13 1.139973130484179949e-06
9.661750408798842084e-13 1.163156533310149919e-06
9.758455223646568609e-13 1.193582813252300104e-06
9.856127960539371886e-13 1.218716166771659997e-06
9.954778307444539832e-13 1.231473381870879980e-06
1.005441604929664973e-12 1.248191636513680074e-06
1.015505106896799081e-12 1.275079306241190068e-06
1.025669334824892479e-12 1.434182686239190085e-06
1.035935296883784086e-12 1.454917177167799964e-06
1.046304011334131526e-12 1.342837521869249913e-06
1.056776506628391175e-12 1.370275742627110078e-06
1.067353821512853599e-12 1.401223759096389941e-06
1.078037005130636827e-12 1.434186099578630061e-06
1.088827117125789941e-12 1.463873537967419951e-06
1.099725227748362384e-12 1.496878286594659928e-06
1.110732417960599728e-12 1.536283301558089997e-06
1.121849779544106782e-12 1.572434670374100100e-06
1.133078415208196946e-12 1.608360678247839943e-06
1.144419438699222423e-12 1.647567361729809925e-06
1.155873974911083409e-12 1.694006430603339907e-06
1.167443159996765805e-12 1.737223335183190054e-06
1.179128141481062749e-12 1.778421260784150099e-06
1.190930078374383848e-12 1.830623645026709917e-06
1.202850141287712883e-12 1.891265084774279992e-06
1.214889512548726318e-12 1.961786185732829796e-06
1.227049386319057056e-12 2.044341535893710032e-06
1.239330968712754340e-12 2.273173115455040171e-06
1.251735477915893336e-12 2.378772558723559869e-06
1.264264144307436001e-12 2.342296032059180083e-06
1.276918210581232344e-12 2.409864959849760020e-06
1.289698931869321632e-12 2.442821697650370076e-06
1.302607575866389553e-12 2.436626128344279941e-06
1.315645422955533590e-12 2.422125029839179805e-06
1.328813766335248174e-12 2.436108732258429938e-06
1.342113912147700687e-12 2.467958565000979872e-06
1.355547179608283575e-12 2.498036236396279916e-06
1.369114901136463980e-12 2.510405201190830012e-06
1.382818422487940386e-12 2.535424306915589866e-06
1.396659102888143027e-12 2.588541124575040045e-06
1.410638315167026559e-12 2.634675554418189904e-06
1.424757445895252143e-12 2.686111614447639960e-06
1.439017895521720562e-12 2.856174020161220078e-06
1.453421078512481405e-12 2.912803557601899887e-06
1.467968423491017337e-12 2.907145740647310189e-06
1.482661373379962783e-12 3.000131254827390208e-06
1.497501385544218506e-12 3.024570093548129900e-06
1.512489931935496358e-12 3.076224612339369893e-06
1.527628499238337471e-12 3.159892140951890003e-06
1.542918589017555978e-12 3.245982728427489855e-06
1.558361717867183634e-12 3.334414292731780102e-06
1.573959417560905612e-12 3.414294485085639980e-06
1.589713235203970125e-12 3.476363528448670091e-06
1.605624733386679096e-12 3.563298742725729922e-06
1.621695490339334073e-12 3.686478690553889852e-06
1.637927100088829637e-12 3.815595813915530278e-06
1.654321172616712148e-12 3.964233908276030102e-06
1.670879334018899922e-12 4.143691294067329588e-06
1.687603226666968502e-12 4.337014408865370262e-06
1.704494509371042234e-12 4.448313024762689705e-06
1.721554857544346662e-12 4.536409157408730204e-06
1.738785963369375505e-12 4.720536283762130136e-06
1.756189535965731978e-12 4.860526507029259909e-06
1.773767301559677399e-12 4.703821027550789854e-06
1.791521003655318393e-12 4.526630502478129661e-06
1.809452403207568219e-12 4.640007854791610258e-06
1.827563278796794769e-12 4.946581817775949732e-06
1.845855426805252375e-12 5.043646355384109955e-06
1.864330661595244116e-12 5.009088408780320121e-06
1.882990815689090143e-12 5.113502144754439949e-06
1.901837739950901631e-12 5.180475702598039933e-06
1.920873303770148635e-12 5.169311255125140287e-06
1.940099395247101222e-12 5.260249579436729775e-06
1.959517921380070361e-12 5.569413352858620077e-06
1.979130808254615397e-12 5.613264796557300132e-06
1.998940001234528656e-12 5.536780523696079655e-06
2.018947465154838745e-12 5.734559026731819877e-06
2.039155184516666912e-12 6.579073986883520278e-06
2.059565163684094014e-12 7.320754208134249828e-06
2.080179427082936303e-12 7.506369634845839899e-06
2.101000019401579867e-12 7.758242999208409405e-06
2.122029005793759433e-12 7.945495327353139980e-06
2.143268472083416032e-12 8.146067363304749864e-06
2.164720524971575753e-12 8.347489999562819461e-06
2.186387292245322710e-12 8.481282968239000147e-06
2.208270922988813303e-12 8.621025292266889891e-06
2.230373587796505443e-12 8.859380444216409336e-06
2.252697478988378995e-12 9.132508304412780190e-06
2.275244810827452371e-12 8.896300103480229469e-06
2.298017819739367476e-12 8.911648281291929542e-06
2.321018764534243348e-12 8.979210867781340535e-06
2.344249926630703162e-12 8.936844755998610726e-06
2.367713610282183658e-12 9.337059583403659865e-06
2.391412142805463169e-12 9.223568236747519764e-06
2.415347874811538315e-12 9.112948035066610139e-06
2.439523180438738684e-12 9.496806844894380517e-06
2.463940457588250763e-12 9.939400190329270637e-06
2.488602128161923068e-12 1.047089549780529970e-05
2.513510638302526980e-12 1.096030281266959939e-05
2.538668458636344419e-12 1.120601859227239949e-05
2.564078084518279477e-12 1.138977502081879986e-05
2.589742036279292850e-12 1.154341520283239979e-05
2.615662859476472523e-12 1.175572966688410058e-05
2.641843125145450670e-12 1.198485905447639942e-05
2.668285430055463268e-12 1.231315876700310029e-05
2.694992396966898515e-12 1.172854030967989982e-05
2.721966674891463707e-12 1.068263041400959986e-05
2.749210939354896676e-12 1.043322142549780001e-05
2.776727892662390598e-12 1.064652879410620067e-05
2.804520264166617068e-12 1.086927807699910071e-05
2.832590810538407633e-12 1.107733471461170025e-05
2.860942316040248049e-12 1.149706873668010021e-05
2.889577592802386168e-12 1.156754403618940066e-05
2.918499481101794960e-12 1.184739903548329948e-05
2.947710849643883655e-12 1.226318719459319971e-05
2.977214595847038986e-12 1.238592187839370031e-05
3.007013646130004217e-12 1.257906955680609974e-05
3.037110956202179143e-12 1.279620976576920008e-05
3.067509511356736877e-12 1.309494168099860036e-05
3.098212326766794894e-12 1.323941274535749936e-05
3.129222447784408513e-12 1.317315326195950040e-05
3.160542950242717195e-12 1.324540746832319965e-05
3.192176940760946797e-12 1.346480908551469962e-05
3.224127557052617951e-12 1.363611220965160075e-05
3.256397968236728348e-12 1.395315797203739999e-05
3.288991375152109235e-12 1.433260227978160062e-05
3.321911010674892326e-12 1.459223480838270037e-05
3.355160140039213948e-12 1.495513813315750019e-05
3.388742061161021515e-12 1.537141315899040047e-05
3.422660104965260210e-12 1.575401650186629860e-05
3.456917635716195132e-12 1.612348534366680103e-05
3.491518051351166144e-12 1.675413453092779916e-05
3.526464783817556135e-12 1.721599591769539913e-05
3.561761299413271163e-12 1.737649611091029875e-05
3.597411099130492161e-12 1.778476477483560041e-05
3.633417719002989815e-12 1.817299091985000105e-05
3.669784730456790585e-12 1.844334006629589948e-05
3.706515740664491521e-12 1.998006647592090012e-05
3.743614392902973466e-12 2.183838377424910117e-05
3.781084366914851119e-12 2.251193972955540035e-05
3.818929379273383276e-12 2.305684491299429928e-05
3.857153183751178084e-12 2.371668013660550088e-05
3.895759571692456635e-12 2.470810176173300003e-05
3.934752372389176990e-12 2.564646022223279845e-05
3.974135453460794099e-12 2.636897694292509876e-05
4.013912721237935890e-12 2.733865684206099867e-05
4.054088121149805720e-12 2.848002223193569859e-05
4.094665638115583395e-12 2.959485233266340008e-05
4.135649296939619599e-12 3.008974149058369848e-05
4.135649296939619599e-12 1e0
