# Absence of long-range forces
# m_a [eV]  g_an
# Constraint is for psuedoscalar 2 boson exchange. To get constraint on pNG axion exchange (i.e. derivative coupling) you must scale by 1.5/4.9 (see table in paper)
# https://arxiv.org/pdf/hep-ph/0611223.pdf
1e-30 5.384279070405015863e-04
2.223980681459950326e-05 5.384279070405015863e-04
2.632322539160509759e-05 5.384279070405015863e-04
3.115639451339008691e-05 5.384279070405015863e-04
3.687697478682017534e-05 5.384279070405015863e-04
4.364790248253272659e-05 5.384279070405015863e-04
5.166203036279382998e-05 5.384279070405015863e-04
6.114762060500660999e-05 5.384279070405015863e-04
7.237484627291404559e-05 5.384279070405015863e-04
8.566348651347286921e-05 5.384279070405015863e-04
1.013920346576302619e-04 5.479169820584736759e-04
1.200084786462341592e-04 5.643909127009023863e-04
1.420430608342645822e-04 5.809187386682456399e-04
1.681233806041562944e-04 6.011182406057835473e-04
1.989922699479851841e-04 6.368404682080771890e-04
2.355289511592939717e-04 6.803463512991161748e-04
2.787740792579403507e-04 7.351528422909563674e-04
3.299593824181386087e-04 8.083741566811945443e-04
3.905427446323748737e-04 9.135300080196832959e-04
4.622497298522152570e-04 1.037080537712503549e-03
5.471227303161975289e-04 1.178235296526658179e-03
6.475791389307079902e-04 1.346761210607283054e-03
7.664802025970994092e-04 1.595340708454849035e-03
9.002878589145199605e-04 1.901320457697280863e-03
1.049383434741455162e-03 2.267879947577308274e-03
1.223170547293063719e-03 2.718704445503488006e-03
1.386784968399627695e-03 3.670103588984703104e-03
1.429384405165186030e-03 3.176993742378470681e-03
1.634491811129709258e-03 3.851919007469084034e-03
2.452656771267176967e-03 6.504204240062081734e-03
2.742201243410170592e-03 7.857201244032717066e-03
3.002105736781882604e-03 9.357069868729138082e-03
3.282068340298218388e-03 1.131382437238332046e-02
3.553318003952421911e-03 1.372140256924911893e-02
3.860407021071656300e-03 1.655306543756136090e-02
4.167825258028211646e-03 2.004355541012418571e-02
4.499724326124495549e-03 2.441243795771647768e-02
4.864261562554417911e-03 3.026085335879776655e-02
5.533911409712633477e-03 4.459932672666257203e-02
5.883738016214610719e-03 5.410545833789805886e-02
6.207929990773587356e-03 6.543243921384708783e-02
6.499989481256933030e-03 7.830857382520803323e-02
6.910886782311592008e-03 9.529779236875300652e-02
7.254522549456863915e-03 1.140509860055556324e-01
7.595820238484166965e-03 1.382159742731465246e-01
7.872336824039852590e-03 1.655135804628130869e-01
8.242700324459393754e-03 2.016760552917987448e-01
8.630488018674116468e-03 2.550703752562251125e-01
9.036519648718720904e-03 3.229006272048047799e-01
9.461653522372256986e-03 4.087688150555295885e-01
9.891618443743709771e-03 5.248743462479336097e-01
