1.1801367562834442e-21	 2.560947090080242e-22
1.2290327593328204e-21	 2.0916029826565096e-22
1.2652294299511314e-21	 1.7479107051227915e-22
1.3329863521208031e-21	 1.4752541324246313e-22
1.3687504049664084e-21	 1.1522885621103343e-22
1.5176395508800542e-21	 9.267182613423286e-23
1.782863919212602e-21	 7.938482652391224e-23
1.9756588845006213e-21	 6.29345143566517e-23
2.181217020383911e-21	 5.2220042342051455e-23
2.354724828952799e-21	 4.3751462215351e-23
2.5357877271313365e-21	 3.611011085366012e-23
2.724499693533777e-21	 2.94413339140709e-23
2.8608508362527564e-21	 2.415019867694744e-23
3.0164236003530205e-21	 2.0176476007867737e-23
3.159938913011465e-21	 1.662532103688524e-23
3.251408802208493e-21	 1.367433827542025e-23
3.463700673684609e-21	 1.1308576399934869e-23
3.652056347805276e-21	 9.253249224071603e-24
3.850654783444888e-21	 7.506381898339374e-24
4.0633117309617754e-21	 6.100704276912524e-24
4.261989644413659e-21	 4.949585340688565e-24
4.4937561878300294e-21	 3.972737951025277e-24
4.73651812927287e-21	 3.189821228258706e-24
5.02190628958134e-21	 2.5814030994961144e-24
5.267455223364121e-21	 2.1095579580800087e-24
5.553898877989133e-21	 1.7101704671941573e-24
5.85591930807699e-21	 1.3919321894336125e-24
6.174363577020048e-21	 1.1314095560134184e-24
6.44120832527542e-21	 8.339426316515007e-25
7.137390071020529e-21	 6.546343062341262e-25
7.497473794653136e-21	 5.253555159894984e-25
7.902502732190134e-21	 4.233338003027249e-25
8.405582589404994e-21	 3.504290492129232e-25
8.827195181732371e-21	 2.90117372952134e-25
9.38972120824928e-21	 2.389071985484831e-25
1.6356732037991013e-20	 4.866360967504791e-26
1.7454627816230513e-20	 4.090469006708705e-26
1.9333380665532073e-20	 3.420064098567167e-26
2.094191592630953e-20	 2.746297945235732e-26
3.1598751977894205e-20	 1.0868244244988413e-26
3.570187768098646e-20	 9.17493802708944e-27
4.246884913181324e-20	 7.654421514135793e-27
5.0667274597141915e-20	 6.479890075655238e-27
6.09842165217283e-20	 5.450718157964531e-27
7.405258202818434e-20	 4.8893581902686605e-27
8.992137995389564e-20	 4.6006458808092315e-27
1.0919071761380937e-19	 4.420907754843206e-27
1.32589299887653e-19	 4.2697933268853785e-27
1.6100198651386557e-19	 4.1870728503966874e-27
1.9550325466214206e-19	 4.141811503665058e-27
2.8827003850142474e-19	 4.123844256723584e-27
3.5004369802453617e-19	 4.1328181162278145e-27
5.071098805415891e-19	 4.1328181162278145e-27
6.157789370423291e-19	 4.153833137160109e-27
7.21798834379465e-19	 4.185339580416928e-27
1.2257088795510197e-18	 4.37946060717613e-27
1.4367416410796622e-18	 4.491479690250633e-27
1.9740646549304696e-18	 4.949956700293933e-27
2.3970888391440324e-18	 5.39961627280593e-27
2.760639968590085e-18	 5.800336603451433e-27
3.411915240441246e-18	 7.421762330356824e-27
3.986537153741468e-18	 8.831409803009879e-27
4.719060734838582e-18	 1.4528293711167572e-26
5.014758042595878e-18	 1.8844491574562496e-26
5.428317575255488e-18	 2.366808493818889e-26
5.667444269696084e-18	 3.5051540788640807e-26
5.722731842494706e-18	 2.8856737611449316e-26
6.147580964543164e-18	 4.3997668979327704e-26
6.392611602243998e-18	 5.399683068403841e-26
6.418454692158891e-18	 6.558110094599919e-26
6.7155650536077516e-18	 8.1853839192456e-26
6.894953489572888e-18	 1.004311605985806e-25
6.98595630314411e-18	 1.2551295706373518e-25
7.132706634958138e-18	 1.5361205646868097e-25
7.160739124826168e-18	 2.6225781698433836e-25
7.266845717154022e-18	 2.0165792501331664e-25
7.288254967319582e-18	 1.7676067313430416e-25
7.505847434827772e-18	 3.1502300203895496e-25
8.364039166526371e-18	 4.065809652189949e-23
8.543088474801212e-18	 3.50002700405782e-23
8.975918045796048e-18	 3.748023671291028e-25
9.66662431530801e-18	 2.7361401400576163e-25
9.752314382364123e-18	 3.6653057433495505e-25
9.83876405146469e-18	 2.122301919285483e-25
1.0295616542576442e-17	 1.8259075192644404e-25
1.035093182315551e-17	 1.3930740821705553e-25
1.0833118233463561e-17	 1.126711059898782e-25
1.2159872129737347e-17	 9.488523453694953e-26
1.3152212250622891e-17	 1.3714990119701948e-25
1.322333826467178e-17	 1.0037400047425687e-25
1.400408214586014e-17	 2.0980086035807164e-25
1.4137816387032087e-17	 1.8009712888646646e-25
1.4580629063317896e-17	 2.4090125088467565e-25
1.4962392532379034e-17	 3.362102444864298e-25
1.5161784619962174e-17	 4.342343237487349e-25
1.5568575631377475e-17	 5.784680802750661e-25
1.6737025280193855e-17	 5.49529019443167e-23
1.6806099740245818e-17	 8.233842846971491e-23
1.8161410745361153e-17	 7.190545079305835e-25
1.907236241149855e-17	 4.546101660126715e-25
1.976930603474587e-17	 3.834645380006521e-25
2.0842916010214458e-17	 2.6822669964446636e-25
2.1283417918443094e-17	 5.590421140986703e-25
2.1771947557367156e-17	 3.5787041387316683e-25
2.301386153991767e-17	 4.407765965372139e-25
2.3870881488701725e-17	 8.0456207662889175e-25
2.4490744123374584e-17	 1.068546450730557e-24
2.4809813408696774e-17	 5.718212193856603e-25
2.5194953897333e-17	 8.216757946230532e-23
2.52962283926742e-17	 1.335360289678173e-22
2.52962283926742e-17	 1.0682607705806439e-22
2.7785830861379455e-17	 1.247147913350073e-24
2.901611137641393e-17	 6.468724542487321e-25
2.914989124672714e-17	 8.108464370408362e-25
2.9782664334626834e-17	 5.449019600923612e-25
3.296410977243431e-17	 8.964476371485383e-23
3.29905679974274e-17	 1.0397609404155907e-24
3.355112267101988e-17	 1.6168649694411486e-22
3.378884440721466e-17	 1.0455175074407847e-22
3.384853755523519e-17	 1.1366821333701737e-24
3.3914986967544386e-17	 1.3378483188651563e-24
3.54798512210569e-17	 1.3003498798613827e-22
3.8300094530703834e-17	 9.78895787963417e-25
3.898212870853474e-17	 1.1961687316872922e-24
4.1633001772621496e-17	 1.0925273901918455e-22
4.17285478078087e-17	 1.5483991041870396e-22
4.1833901727626245e-17	 2.188817916374648e-22
