# LISA
# https://arxiv.org/pdf/1801.10161.pdf
# mass [eV] g_B-L
7.158894854263165e-19	1.5606283186752072e-24
1.0769918003987402e-18	8.57507758864241e-25
1.433867324936007e-18	5.938453547154017e-25
2.087538556471582e-18	3.7170567011986685e-25
2.6741890414993903e-18	2.920216032082874e-25
3.664544233883312e-18	2.1848597335604354e-25
5.739719792196028e-18	1.6271185932086752e-25
8.443838208683546e-18	1.16898599490259e-25
1.283729764701722e-17	1.0733186688206858e-25
1.9414017505519846e-17	1.1347088702461278e-25
2.7564704722488787e-17	1.5886245968252636e-25
3.84529776472223e-17	2.528549227127094e-25
5.2479151355650116e-17	3.826095176960991e-25
6.963478310668832e-17	6.065996446724713e-25
8.922476510284639e-17	9.400532989287888e-25
1.1071329704160963e-16	1.4529008018882867e-24
1.43895631777034e-16	2.2483699620970346e-24
1.798773424641266e-16	3.2717136152554063e-24
2.118580008313043e-16	5.057646575478065e-24
2.5966001940998865e-16	8.029013612089667e-24
3.2633712515623007e-16	1.1564791036785778e-23
3.8934702320062583e-16	1.8194677328733834e-23
4.786425722813605e-16	2.8563130392511855e-23
5.86283996874228e-16	4.439454368398538e-23
6.9314906382068e-16	7.11912021779561e-23
