# IUPUI differential force measurements
# https://arxiv.org/pdf/1410.7267.pdf
# lambda [m]  alpha
2.5291467055764515e-8	208386186832960960
2.6556449779561e-8	96687392305394110
2.7955797587858154e-8	45143395352164150
2.917240966484326e-8	21835600100064316
3.044196764477441e-8	11157464105339256
3.2202841255956654e-8	5316722862867449
3.397172719528e-8	2545482122599710.5
3.5803572288261535e-8	1253972969299799
3.773419529810872e-8	617740817652497.8
3.9768922590515887e-8	309283010937556.4
4.21340718086966e-8	153368881850084.34
4.487494301251036e-8	76144338862903.75
4.7794111129805546e-8	38524904591193.29
5.117121645871781e-8	18426913671747.62
5.507543890062332e-8	9010667825204.893
5.927754272840876e-8	4498855473699.768
6.388967083147259e-8	2276600164810.962
6.951470447214208e-8	1198687644861.8926
7.68361031195779e-8	590489787959.1499
8.306848664073613e-8	328633855642.24603
9.166481618336936e-8	171507148757.8677
1.0235310218990247e-7	84050859747.40375
1.1488946883184536e-7	41451219134.51087
1.2896130909616658e-7	21302529844.549416
1.44756690172696e-7	11374840149.778107
1.6248671401224776e-7	5949905376.380836
1.8238833865985882e-7	3224159965.54864
2.0555630236212287e-7	1777831947.3605366
2.2411838254081807e-7	1126967251.018037
2.52587124511209e-7	684267015.1396828
2.8352438712618606e-7	419593069.00285155
3.182508936306139e-7	262651792.49679545
3.5723075649082205e-7	167341367.98804224
4.009849333875665e-7	108516841.20111054
4.5009818970602037e-7	72047483.37355419
5.052269138023379e-7	48686815.59619742
5.671078894961867e-7	33094885.70262747
6.365681430317556e-7	22964646.470307864
7.145359961098225e-7	15982220.678452993
8.020534727123276e-7	11488881.9423608
9.002902255340435e-7	8234551.120747756
0.000001010559168145198	5971947.966425473
0.0000011343340218056162	4356613.781475481
0.0000012732690114398408	3234841.376440592
0.0000014292209740058414	2401911.0381614165
0.0000016042741747310061	1804574.3008692698
0.000001800768162879144	1359787.6702437375
0.0000020213290393350994	1039823.9873052837
0.00000226890455389152	795149.0870494884
0.000002546803501305773	609839.8191086658
0.0000028587399426469994	470478.6845374125
0.000003208882842942259	365107.77983595285
0.000003601911788518586	284171.6196738769
0.000004043079528691486	220527.03461694525
0.000004538282177656341	172147.18822978204
0.0000050941380148163645	135174.5680026323
0.000005718075936696931	105519.58784667231
0.000006418434742587385	83101.07146803275
0.000007204574580842295	64400.78101316272
0.000008087002045298485	51476.11680206807
0.000009077510593695033	40830.45277504518
0.000010189338164759177	32345.561451023827
0.000011437344100477329	25398.598379130384
0.000012838207738079791	20179.88696499315
0.000014410651325880243	15986.346698066427
0.000016175690242192226	12589.914029982436
0.000018156913861446837	9973.630225545625
0.000019957114624120575	8539.907921548438
