# Union of equivalence principle tests 
#  m [eV] 	 g_s_baryon [dimensionless]
2.653561939985576600e-20 1.000000000000000000e+00
2.746527326956077167e-20 3.451594752169049755e-24
2.842749680739503724e-20 3.451512967470309499e-24
2.942343106522378798e-20 3.451428317511084775e-24
3.045425707073743224e-20 3.451340701909304484e-24
3.152119722797212976e-20 3.451250016766088791e-24
3.262551676689641345e-20 3.451156154542547773e-24
3.376852524378298287e-20 3.451059003932252762e-24
3.495157809414474119e-20 3.450958449729245969e-24
3.617607824007670405e-20 3.450854372691421589e-24
3.744347775390984296e-20 3.450746649399122648e-24
3.875527958014966567e-20 3.450635152108786075e-24
4.011303931774151862e-20 3.450519748601456017e-24
4.151836706477648229e-20 3.450400302025994193e-24
4.297292932782326606e-20 3.450276670736791880e-24
4.447845099815548032e-20 3.450172421257739408e-24
4.603671739721095009e-20 3.450092160644941933e-24
4.764957639371380464e-20 3.450009088166773918e-24
4.931894059496780663e-20 3.449923105311816588e-24
5.104678961491992092e-20 3.449834110117383589e-24
5.283517242168363639e-20 3.449741997048608172e-24
5.468620976730582170e-20 3.449646656873294922e-24
5.660209670265852312e-20 3.449547976532388360e-24
5.858510518043800080e-20 3.449445839005900468e-24
6.063758674935758908e-20 3.449340123174142109e-24
6.276197534272955885e-20 3.449230703674095988e-24
6.496079016474256298e-20 3.449117450750751141e-24
6.723663867785758986e-20 3.449000230103237344e-24
6.959221969486476406e-20 3.448878902725560315e-24
7.203032657926798881e-20 3.448753324741766555e-24
7.455385055779233066e-20 3.448671136821703838e-24
7.716578414894255005e-20 3.448589612427690952e-24
7.986922471167822324e-20 3.448505231892760322e-24
8.266737811841399770e-20 3.448417895154333599e-24
8.556356255670030303e-20 3.448327498644223227e-24
8.856121246409290275e-20 3.448233935165813847e-24
9.166388260087738189e-20 3.448137093766944341e-24
9.487525226547824894e-20 3.448036859608333282e-24
9.819912965755229405e-20 3.447933113827399378e-24
1.016394563939352913e-19 3.447825733397307214e-24
1.052003121828093586e-19 3.447714590981077380e-24
1.088859196616178290e-19 3.447599554780579530e-24
1.127006494044766544e-19 3.447480488380245999e-24
1.166490251050155535e-19 3.447357250585299535e-24
1.207357289407957511e-19 3.447249911373345198e-24
1.249656071256658474e-19 3.447169906214408840e-24
1.293436756566398257e-19 3.447087098139720101e-24
1.338751262621123297e-19 3.447001388951403486e-24
1.385653325584649058e-19 3.446912677011298715e-24
1.434198564223638084e-19 3.446820857120437284e-24
1.484444545863061147e-19 3.446725820394287987e-24
1.536450854652355209e-19 3.446627454133640614e-24
1.590279162223230788e-19 3.446525641690958124e-24
1.645993300822916095e-19 3.446420262332053284e-24
1.703659339009568078e-19 3.446311191092912723e-24
1.763345659999607879e-19 3.446198298631511908e-24
1.825123042759894049e-19 3.446081451074432971e-24
1.889064745940892086e-19 3.445960509858111992e-24
1.955246594750375952e-19 3.445835331564522519e-24
2.023747070870677172e-19 3.445749985146011219e-24
2.094647405526114941e-19 3.445668720228228468e-24
2.168031675810964247e-19 3.445584608260065863e-24
2.243986904392199007e-19 3.445497549497426149e-24
2.322603162705238503e-19 3.445407440701758303e-24
2.403973677765073570e-19 3.445314175017634201e-24
2.488194942719452771e-19 3.445217641846029596e-24
2.575366831275110554e-19 3.445117726713175682e-24
2.665592716133024663e-19 3.445014311134807860e-24
2.758979591572759800e-19 3.444907272475660375e-24
2.855638200331547433e-19 3.444796483804041492e-24
2.955683164928458138e-19 3.444681813741310719e-24
3.059233123589405354e-19 3.444563126306083187e-24
3.166410870934171746e-19 3.444440280752977544e-24
3.277343503592294250e-19 3.444329864545696579e-24
3.392162570920479955e-19 3.444250114027559812e-24
3.511004231000283927e-19 3.444167569514805127e-24
3.634009412101042734e-19 3.444082133122100404e-24
3.761323979799527097e-19 3.443993703534779938e-24
3.893098909954497182e-19 3.443902175888703771e-24
4.029490467741281669e-19 3.443807441645898472e-24
4.170660392958685028e-19 3.443709388465852260e-24
4.316776091827976408e-19 3.443607900072296963e-24
4.468010835511394669e-19 3.443502856115315922e-24
4.624543965585594243e-19 3.443394132028633829e-24
4.786561106713679327e-19 3.443281598881895294e-24
4.954254386768036535e-19 3.443165123227776375e-24
5.127822664664988761e-19 3.443044566943733655e-24
5.307471766181448838e-19 3.442919787068212319e-24
5.493414728033226221e-19 3.442831295106460901e-24
5.685872050504453945e-19 3.442750288839044157e-24
5.885071958927460060e-19 3.442666444582853595e-24
6.091250674323833286e-19 3.442579662911257720e-24
6.304652693526714676e-19 3.442489840914293647e-24
6.525531079117181456e-19 3.442396872076631688e-24
6.754147759518263694e-19 3.442300646151264806e-24
6.990773839602517196e-19 3.442201049028770874e-24
7.235689922181480965e-19 3.442097962601997105e-24
7.489186440758246449e-19 3.441991264626002846e-24
7.751564003937759717e-19 3.441880828573094670e-24
8.023133751903242278e-19 3.441766523482784812e-24
8.304217725381480861e-19 3.441648213806490731e-24
8.595149247534521785e-19 3.441525759246795073e-24
8.896273319230619621e-19 3.441412278738756518e-24
9.207947028163193193e-19 3.441332782050949050e-24
9.530539972302915256e-19 3.441250500261261854e-24
9.864434698185131730e-19 3.441165335795914365e-24
1.021002715455228993e-18 3.441077187662705425e-24
1.056772716188938239e-18 3.440985951331256129e-24
1.093795889840918595e-18 3.440891518609049527e-24
1.132116140306357848e-18 3.440793777513132036e-24
1.171778909617747103e-18 3.440692612137317843e-24
1.212831231832271010e-18 3.440587902514742752e-24
1.255321788807100448e-18 3.440479524475601457e-24
1.299300967928725840e-18 3.440367349499897768e-24
1.344820921864791348e-18 3.440251244565045445e-24
1.391935630409286658e-18 3.440131071988116852e-24
1.440700964494433442e-18 3.440006689262577084e-24
1.491174752445190325e-18 3.439747735411569214e-24
1.543416848554867436e-18 3.439430290824222736e-24
1.597489204063355701e-18 3.439101724823631301e-24
1.653455940621897909e-18 3.438761647780117063e-24
1.711383426331699708e-18 3.438409656413640883e-24
1.771340354446478422e-18 3.438045333315578167e-24
1.833397824832293167e-18 3.437668246453729216e-24
1.897629428281253975e-18 3.437277948659998378e-24
1.964111333779090524e-18 3.436873977100118995e-24
2.032922378830072844e-18 3.436455852724801870e-24
2.104144162946390144e-18 3.436023079701654844e-24
2.177861144412854310e-18 3.435575144827201992e-24
2.254160740441676911e-18 3.435111516918297870e-24
2.333133430836086795e-18 3.434631646182228582e-24
2.414872865285718468e-18 3.434217572573418910e-24
2.499475974421007419e-18 3.434138428785555500e-24
2.587043084758285575e-18 3.434056512259376885e-24
2.677678037671884939e-18 3.433971725854247925e-24
2.771488312534332658e-18 3.433883969026289990e-24
2.868585154170663446e-18 3.433793137709153503e-24
2.969083704777987484e-18 3.433699124190607205e-24
3.073103140466755943e-18 3.433601816984809664e-24
3.180766812585638575e-18 3.433501100700102902e-24
3.292202393997629016e-18 3.433396855902178237e-24
3.407542030480680652e-18 3.433288958972440234e-24
3.526922497432812306e-18 3.433177281961418151e-24
3.650485362066975942e-18 3.433061692437034601e-24
3.778377151288428800e-18 3.432942053327562440e-24
3.910749525453523887e-18 3.432818222759077414e-24
4.047759458215999870e-18 3.432723574792649777e-24
4.189569422674036663e-18 3.432643184809063423e-24
4.336347584038827216e-18 3.432559978427707411e-24
4.488267999053129306e-18 3.432473856978371310e-24
4.645510822396290745e-18 3.432384718334018494e-24
4.808262520320503670e-18 3.432292456789671283e-24
4.976716091771630122e-18 3.432196962937065780e-24
5.151071297256821203e-18 3.432098123534908146e-24
5.331534895730321865e-18 3.431995821374586868e-24
5.518320889778378986e-18 3.431889935141183033e-24
5.711650779394008092e-18 3.431780339269608192e-24
5.911753824642543718e-18 3.431666903795700817e-24
6.118867317529473332e-18 3.431549494202114580e-24
6.333236863392936219e-18 3.431427971258792754e-24
6.555116672154575507e-18 3.431294238690213692e-24
6.784769859774135746e-18 3.431099681443395252e-24
7.022468760265270196e-18 3.430898308041481891e-24
7.268495248642571338e-18 3.430689879686015624e-24
7.523141075182795009e-18 3.430474149212431296e-24
7.786708211396633770e-18 3.430250860796950739e-24
8.059509208121358881e-18 3.430019749653220738e-24
8.341867566158929111e-18 3.429780541718311309e-24
8.634118119899102865e-18 3.429532953327720166e-24
8.936607434382558456e-18 3.429276690878991048e-24
9.249694216274427038e-18 3.429011450483543316e-24
9.573749739236680240e-18 3.428736917606306527e-24
9.909158284202359135e-18 3.428452766692730199e-24
1.025631759507483191e-17 3.428158660782723547e-24
1.061563935039201543e-17 3.427854251111074833e-24
1.098754965151497717e-17 3.427680829254945535e-24
1.137248952791983497e-17 3.427600745652815097e-24
1.177091546019213010e-17 3.427517856386739629e-24
1.218329992134390452e-17 3.427432063162561830e-24
1.261013193709536879e-17 3.427343264242468152e-24
1.305191766578558013e-17 3.427251354324344136e-24
1.350918099859983714e-17 3.427156224416900912e-24
1.398246418082553473e-17 3.427057761710428129e-24
1.447232845487322306e-17 3.426955849443019024e-24
1.497935472582538755e-17 3.426850366762108938e-24
1.550414425030218550e-17 3.426741188581161256e-24
1.604731934946103081e-17 3.426628185431333971e-24
1.660952414697555792e-17 3.426511223307949842e-24
1.719142533286905815e-17 3.426390163511585721e-24
1.779371295410820109e-17 3.426274307964525712e-24
1.841710123289458991e-17 3.426311017679304740e-24
1.906232941362462207e-17 3.426349013489119222e-24
1.973016263952113269e-17 8.955865410146606951e-25
2.042139285997868400e-17 8.955865410146606951e-25
2.113683976969538557e-17 8.955865410146606951e-25
2.187735178070722470e-17 8.955865410146606951e-25
2.264380702847667466e-17 8.955865410146606951e-25
2.343711441322877608e-17 8.955865410146606951e-25
2.425821467776963776e-17 8.955865410146606951e-25
2.510808152306535789e-17 8.955865410146606951e-25
2.598772276290441479e-17 8.955865410146606951e-25
2.689818151901267841e-17 8.955865410146606951e-25
2.784053745803830837e-17 8.955865410146606951e-25
2.881590807187343144e-17 8.955865410146606951e-25
2.982545000283082915e-17 8.955865410146606951e-25
3.087036041524711728e-17 8.955865410146606951e-25
3.195187841513894363e-17 8.955865410146606951e-25
3.307128651959567029e-17 8.955865410146606951e-25
3.422991217765106011e-17 8.955865410146606951e-25
3.542912934443740828e-17 8.955865410146606951e-25
3.667036011048895815e-17 8.955865410146606951e-25
3.795507638812661441e-17 8.955865410146606951e-25
3.928480165692372181e-17 8.955865410146606951e-25
4.066111277032292391e-17 8.955865410146606951e-25
4.208564182554625346e-17 8.955865410146606951e-25
4.356007809901611499e-17 8.955865410146606951e-25
4.508617004958210396e-17 8.955865410146606951e-25
4.666572739192926779e-17 8.955865410146606951e-25
4.830062324262653401e-17 8.955865410146606951e-25
4.999279634136020797e-17 8.955865410146606951e-25
5.174425334998702720e-17 8.955865410146606951e-25
5.355707123213049361e-17 8.955865410146606951e-25
5.543339971614875304e-17 8.955865410146606951e-25
5.737546384438621956e-17 8.955865410146606951e-25
5.938556661173836726e-17 8.955865410146606951e-25
6.146609169665600733e-17 8.955865410146606951e-25
6.361950628782811291e-17 8.955865410146606951e-25
6.584836400989519148e-17 8.955865410146606951e-25
6.815530795166259623e-17 8.955865410146606951e-25
7.054307380040490573e-17 8.955865410146606951e-25
7.301449308597805288e-17 8.955865410146606951e-25
7.557249653858628067e-17 8.955865410146606951e-25
7.822011756418581105e-17 8.955865410146606951e-25
8.096049584164638416e-17 8.955865410146606951e-25
8.379688104593642108e-17 8.955865410146606951e-25
8.673263670174705207e-17 8.955865410146606951e-25
8.977124417212462284e-17 8.955865410146606951e-25
9.291630678684175033e-17 8.955865410146606951e-25
9.617155411540248799e-17 8.955865410146606951e-25
9.954084638974881147e-17 8.955865410146606951e-25
1.030281790819133638e-16 8.955865410146606951e-25
1.066376876420444916e-16 8.955865410146606951e-25
1.103736524024283978e-16 8.955865410146606951e-25
1.142405036533153749e-16 8.955865410146606951e-25
1.182428268965757484e-16 8.955865410146606951e-25
1.223853682834128826e-16 8.955865410146606951e-25
1.266730402425820651e-16 8.955865410146606951e-25
1.311109273057894267e-16 8.955865410146606951e-25
1.357042921371796549e-16 8.955865410146606951e-25
1.404585817740589634e-16 8.955865410146606951e-25
1.453794340862624242e-16 8.955865410146606951e-25
1.504726844618143324e-16 8.955865410146606951e-25
1.557443727268181134e-16 8.955865410146606951e-25
1.612007503077782971e-16 8.955865410146606951e-25
1.668482876448487680e-16 8.955865410146606951e-25
1.726936818647979375e-16 8.955865410146606951e-25
1.787438647227902012e-16 8.955865410146606951e-25
1.850060108224012753e-16 8.955865410146606951e-25
1.914875461236147993e-16 8.955865410146606951e-25
1.981961567488901297e-16 8.955865410146606951e-25
2.051397980977431827e-16 8.947929670042819376e-25
2.123267042806494428e-16 8.931992993748950164e-25
2.197653978834560020e-16 8.915497988947139142e-25
2.274647000738818470e-16 8.898425095051665315e-25
2.354337410620911418e-16 8.886692813736870661e-25
2.436819709277454269e-16 8.892102610301601876e-25
2.522191708263674802e-16 8.897701934694381289e-25
2.610554645883210780e-16 8.903497426868701258e-25
2.702013307241419576e-16 8.909495959403432563e-25
2.796676148504701356e-16 8.915704645652664493e-25
2.894655425513144769e-16 8.922064963554742583e-25
2.996067326899004621e-16 8.922064963554742583e-25
3.101032111868883308e-16 8.922064963554742583e-25
3.209674252813006373e-16 8.922064963554742583e-25
3.322122582910639632e-16 8.922064963554742583e-25
3.438510448906865735e-16 8.922064963554742583e-25
3.558975869241645878e-16 8.922064963554742583e-25
3.683661697718866772e-16 8.922064963554742583e-25
3.812715792909389252e-16 8.922064963554742583e-25
3.946291193488991819e-16 8.922064963554742583e-25
4.084546299719140032e-16 8.922064963554742583e-25
4.227645061285783498e-16 8.922064963554742583e-25
4.375757171718938018e-16 8.922064963554742583e-25
4.529058269623593040e-16 8.922064963554742583e-25
4.687730146960585712e-16 8.922064963554742583e-25
4.851960964624423996e-16 8.922064963554742583e-25
5.021945475573705515e-16 8.922064963554742583e-25
5.197885255778723458e-16 8.922064963554742583e-25
5.379988943260145653e-16 8.922064963554742583e-25
5.568472485502205503e-16 8.922064963554742583e-25
5.763559395533826544e-16 8.922064963554742583e-25
5.965481016981328954e-16 8.922064963554742583e-25
6.174476798407077120e-16 8.922064963554742583e-25
6.390794577259231786e-16 8.922064963554742583e-25
6.614690873769691002e-16 8.922064963554742583e-25
6.846431195148276154e-16 8.922064963554742583e-25
7.086290350434218778e-16 8.922064963554742583e-25
7.334552776378202645e-16 8.922064963554742583e-25
7.591512874741441814e-16 8.922064963554742583e-25
7.857475361411609083e-16 8.922064963554742583e-25
8.132755627750059678e-16 8.922064963554742583e-25
8.417680114598257915e-16 8.922064963554742583e-25
8.712586699387369873e-16 8.922064963554742583e-25
9.017825096809887658e-16 8.922064963554742583e-25
9.333757273528468463e-16 8.922064963554742583e-25
9.660757877413757396e-16 8.922064963554742583e-25
9.999214681820201653e-16 8.922064963554742583e-25
1.034952904542671946e-15 8.922064963554742583e-25
1.071211638818750813e-15 8.922064963554742583e-25
1.108740668395739158e-15 8.922064963554742583e-25
1.147584497037591807e-15 8.922064963554742583e-25
1.187789187661480880e-15 8.922064963554742583e-25
1.229402416961463373e-15 8.922064963554742583e-25
1.272473531945842669e-15 8.922064963554742583e-25
1.317053608455271424e-15 8.922064963554742583e-25
1.363195511730988377e-15 8.922064963554742583e-25
1.410953959105015075e-15 8.922064963554742583e-25
1.460385584886656522e-15 8.922064963554742583e-25
1.511549007522220496e-15 8.922064963554742583e-25
1.564504899107680565e-15 8.922064963554742583e-25
1.619316057336600650e-15 8.922064963554742583e-25
1.676047479968725560e-15 8.922064963554742583e-25
1.734766441907511852e-15 8.922064963554742583e-25
1.795542574978009234e-15 8.922064963554742583e-25
1.858447950499700419e-15 8.922064963554742583e-25
1.923557164752177137e-15 8.922064963554742583e-25
1.990947427435111663e-15 8.922064963554742583e-25
2.060698653227276096e-15 8.923027977462582354e-25
2.132893556553295506e-15 8.924256575234503518e-25
2.207617749670469309e-15 8.925528215931323442e-25
2.284959844191985143e-15 8.926844407526951831e-25
2.365011556166915653e-15 8.928206710825935894e-25
2.447867814841607848e-15 8.929616741314345992e-25
2.533626875231440236e-15 8.929578696287591027e-25
2.622390434636438385e-15 8.928360282635121107e-25
2.714263753238920652e-15 8.927099182850103215e-25
2.809355778926186689e-15 8.925793901458562737e-25
2.907779276486264256e-15 8.924442890593801449e-25
3.009650961329926923e-15 8.923044548160874106e-25
3.115091637897550792e-15 8.922064963554742583e-25
3.224226342914947345e-15 8.922064963554742583e-25
3.337184493668044160e-15 8.922064963554742583e-25
3.454100041472249778e-15 8.922064963554742583e-25
3.575111630518509132e-15 8.922064963554742583e-25
3.700362762284326155e-15 8.922064963554742583e-25
3.830001965704941838e-15 8.922064963554742583e-25
3.964182973306171190e-15 8.922064963554742583e-25
4.103064903507989467e-15 8.922064963554742583e-25
4.246812449314956768e-15 8.922064963554742583e-25
4.395596073617277299e-15 8.922064963554742583e-25
4.549592211333989265e-15 8.922064963554742583e-25
4.708983478638245049e-15 8.922064963554742583e-25
4.873958889512459726e-15 8.926026095949034551e-25
5.044714079890379040e-15 8.930950100048027577e-25
5.221451539651763854e-15 8.936046612630660350e-25
5.404380852744821319e-15 8.941321677391519101e-25
5.593718945721131574e-15 8.946781549761122860e-25
5.789690344977789967e-15 8.952432704323919127e-25
5.992527443011822065e-15 8.958673133363639257e-25
6.202470774002606718e-15 8.965415310829100381e-25
6.419769299049098304e-15 8.972393695005117564e-25
6.644680701400114906e-15 8.979616561201914726e-25
6.877471692027768339e-15 8.987092474648484989e-25
7.118418325906419045e-15 8.994830300649668190e-25
7.367806329372202381e-15 9.002320380031928474e-25
7.625931438951334249e-15 9.009039407539919996e-25
7.893099752058987364e-15 9.015993830718512372e-25
8.169628089984619319e-15 9.023191896463804767e-25
8.455844373594231486e-15 9.030642140595201833e-25
8.752088012194877824e-15 9.038353397977602914e-25
9.058710306023074472e-15 9.046468871312920482e-25
9.376074862833713048e-15 9.056218286829759263e-25
9.704558029084000378e-15 9.066309265199379891e-25
1.004454933622355759e-14 9.076753772798866037e-25
1.039645196261990488e-14 9.087564195237601494e-25
1.076068321166719419e-14 9.098753352044728623e-25
1.113767500664487288e-14 9.110334511871183131e-25
1.152787440291373832e-14 9.126117932986775675e-25
1.193174411805595736e-14 9.143164334018926320e-25
1.234976308058829378e-14 9.160807941863751279e-25
1.278242699789905226e-14 9.179069679176794085e-25
1.323024894408219599e-14 9.197971201621845237e-25
1.369375996836578420e-14 9.217534923551278516e-25
1.417350972485618542e-14 9.237402683972551022e-25
1.467006712434487812e-14 9.257703447649252597e-25
1.518402100895077553e-14 9.278715432090228610e-25
1.571598085039807586e-14 9.300463554337197155e-25
1.626657747275774631e-14 9.322973604380200277e-25
1.683646380050963565e-14 9.346272275740626011e-25
1.742631563281233678e-14 9.372342264761247621e-25
1.803683244489899703e-14 9.403078347274852909e-25
1.866873821754933501e-14 9.434891243471144947e-25
1.932278229562157345e-14 9.467818678642758743e-25
1.999974027666231945e-14 9.501899699757306012e-25
2.070041493064825646e-14 9.537174721761199685e-25
2.142563715194982881e-14 9.573922536318092634e-25
2.217626694464702803e-14 9.614270126089389298e-25
2.295319444236409163e-14 9.656031260892325471e-25
2.375734096383369384e-14 9.699255463128805511e-25
2.458966010544187222e-14 9.743993990177852830e-25
2.545113887204940999e-14 9.790299895179127891e-25
2.634279884743071852e-14 9.838228089945947903e-25
2.726569740571753620e-14 9.894936330050223393e-25
2.822092896528568540e-14 9.955004631949482082e-25
2.920962628656964031e-14 1.001717737800984391e-24
3.023296181534550705e-14 1.008152829572296569e-24
3.129214907307473175e-14 1.014813369556328324e-24
3.238844409595737247e-14 1.021707256148071641e-24
3.352314692440142121e-14 1.029159065780681003e-24
3.469760314467448586e-14 1.037102891349519694e-24
3.591320548456600155e-14 1.045325022394068108e-24
3.717139546495210799e-14 1.053835209120588831e-24
3.847366510922187110e-14 1.062643543325900520e-24
3.982155871259172321e-14 1.071760470364725340e-24
4.121667467340654200e-14 1.081381128393893618e-24
4.266066738859874907e-14 1.091736340090639460e-24
4.415524921555337243e-14 1.102454338217218684e-24
4.570219250270541106e-14 1.113547832701494316e-24
4.730333169127751521e-14 1.125029978753327450e-24
4.896056549065039171e-14 1.136914392464669492e-24
5.067585912994571138e-14 1.149272615232191333e-24
5.245124668849035480e-14 1.163074191234733984e-24
5.428883350792868320e-14 1.177359294240941259e-24
5.619079868883910412e-14 1.192144864226597377e-24
5.815939767481861917e-14 1.207448434645777880e-24
6.019696492709845656e-14 1.223288153222878181e-24
6.230591669286294971e-14 1.239682803473077779e-24
6.448875387055296964e-14 1.257261808564605775e-24
6.674806497555545438e-14 1.275628227728241727e-24
6.908652920979086728e-14 1.294638099467481964e-24
7.150691963884259158e-14 1.314313966620610242e-24
7.401210648039400544e-14 1.334679161795936807e-24
7.660506050787344154e-14 1.355757835040749915e-24
7.928885657334299508e-14 1.378170556328466674e-24
8.206667725380898756e-14 1.401957466679010211e-24
8.494181662527773823e-14 1.426577732110604933e-24
8.791768416903258955e-14 1.452060548541546823e-24
9.099780881476398667e-14 1.478436134745412940e-24
9.418584312534735786e-14 1.505735768185964095e-24
9.748556762823134959e-14 1.534541560286391217e-24
1.009008952985727085e-13 1.564892495936657821e-24
1.044358761994341268e-13 1.596306751962125148e-24
1.080947022845476654e-13 1.628821580928359783e-24
1.118817123693390653e-13 1.662475540514301012e-24
1.158013972761079720e-13 1.697419337009764764e-24
1.198584051594656540e-13 1.734867330968258493e-24
1.240575470183428180e-13 1.773627284974546076e-24
1.284038024011111051e-13 1.813745162483148457e-24
1.329023253105736532e-13 1.855268537240871803e-24
1.375584503158350773e-13 1.898352318314974285e-24
1.423776988782950562e-13 1.943328707969484439e-24
1.473657858992680877e-13 1.989880808899379539e-24
1.525286264969944769e-13 2.038063824869183811e-24
1.578723430210749820e-13 2.087934893662449797e-24
1.634032723126571635e-13 2.141179456388442728e-24
1.691279732189698517e-13 2.197216406746908532e-24
1.750532343711264990e-13 2.255216566140076065e-24
1.811860822344169923e-13 2.315248714001681935e-24
1.875337894406347328e-13 2.378305953741318230e-24
1.941038834123201163e-13 2.445348290992216233e-24
2.009041552891474582e-13 2.514739402067466770e-24
2.079426691670404393e-13 2.586561574350000870e-24
2.152277716609727306e-13 2.661908627444225860e-24
2.227681018027932251e-13 2.741941589608142964e-24
2.305726012858138238e-13 2.824778441587424214e-24
2.386505250683079308e-13 2.910517415384036720e-24
2.470114523484937980e-13 3.000416732606439117e-24
2.556652979240178627e-13 3.095966240231477298e-24
2.646223239494076344e-13 3.194863247237384541e-24
2.738931521054384117e-13 3.297225030545660928e-24
2.834887761948427921e-13 3.402737737231686101e-24
2.934205751793028124e-13 3.511640010041662414e-24
3.037003266731756402e-13 3.624357585513752259e-24
3.143402209099736848e-13 3.741024129677410278e-24
3.253528751981367326e-13 3.865433736372538459e-24
3.367513488832560653e-13 3.999451417840821515e-24
3.485491588344871829e-13 4.138164299911301687e-24
3.607602954735176315e-13 4.281736875122991449e-24
3.733992393650892407e-13 4.441850940247854689e-24
3.864809783887710996e-13 4.620467270167087417e-24
4.000210255123159400e-13 4.805341278107689650e-24
4.140354371877001533e-13 5.003759239750840201e-24
4.285408323916516036e-13 5.220358899421175696e-24
4.435544123332477655e-13 5.444546952215300206e-24
4.590939808519526434e-13 5.685132517296147650e-24
4.751779655302833141e-13 5.942463259410871931e-24
4.918254395461407286e-13 6.208809375035299021e-24
5.090561442907196958e-13 6.514964306872476259e-24
5.268905127788187168e-13 6.845523785319223223e-24
5.453496938793114110e-13 7.199443378157267419e-24
5.644555773945120472e-13 7.591163907453784059e-24
5.842308200181772277e-13 7.996608047283599386e-24
6.046988722029239937e-13 8.427647342970111197e-24
6.258840059689274662e-13 8.874466428986518575e-24
6.478113436868723580e-13 9.353069908863103325e-24
6.705068878692920764e-13 9.872157921419461838e-24
6.939975520056268960e-13 1.042995392020661089e-23
7.183111924775482033e-13 1.113806129446203053e-23
7.434766415924386760e-13 1.185088178235614078e-23
7.695237417741457977e-13 1.254392032300187366e-23
7.964833809515941780e-13 1.328011770288467375e-23
8.243875291872070108e-13 1.425847714451486142e-23
8.532692765885735515e-13 1.529373626797463557e-23
8.831628725483259142e-13 1.642008519644084046e-23
9.141037663587340080e-13 1.750339620544694988e-23
9.461286492492362112e-13 1.854387711930930120e-23
9.792754978966849534e-13 1.979691401457981936e-23
1.013583619459956112e-12 2.145474121048500525e-23
1.049093698192306269e-12 2.300505548792390126e-23
1.085847843686755045e-12 2.454119439153947856e-23
1.123889640811705998e-12 2.685404411957751543e-23
1.163264201396022213e-12 2.926564153958738799e-23
1.204018217724843659e-12 3.145880896162272133e-23
1.246200017909591255e-12 3.461385666396641320e-23
1.289859623197810032e-12 3.805065310099476033e-23
1.335048807290818351e-12 4.175271466729112583e-23
1.381821157739502800e-12 4.590690931195820907e-23
1.430232139491063597e-12 5.055189958258943478e-23
1.480339160662069961e-12 5.593516360906820653e-23
1.532201640615819741e-12 6.206930993333200546e-23
1.585881080424735597e-12 6.836543498796836668e-23
1.641441135801352474e-12 7.523316622587382472e-23
1.698947692584390463e-12 8.348843668293593387e-23
1.758468944869387490e-12 9.327678843357322190e-23
1.820075475876641276e-12 1.050682505028895644e-22
1.883840341652229753e-12 1.194069115801829070e-22
1.949839157701457433e-12 1.357011358652666840e-22
2.018150188657432417e-12 1.537694428739399019e-22
2.088854441091105339e-12 1.758931575712271900e-22
2.162035759572844821e-12 2.018064963213293849e-22
2.237780926099404936e-12 2.283066583448026950e-22
2.316179763004326725e-12 2.570163434331541576e-22
2.397325239473630648e-12 2.925983558167502097e-22
2.481313581793247135e-12 3.600237152353531034e-22
2.568244387458866019e-12 4.002776848516533118e-22
2.658220743283530499e-12 4.915088889447805915e-22
2.751349347643038927e-12 5.730389963606652341e-22
2.847740637004107752e-12 6.005596147945451606e-22
2.947508916885355378e-12 6.007563640124828014e-22
3.050772497406388280e-12 6.009600061794433371e-22
3.157653833585745570e-12 6.011707827842965422e-22
3.268279670554065462e-12 6.013889437762783105e-22
3.382781193854679074e-12 6.015976608473102441e-22
3.501294185009858707e-12 6.017895033120931911e-22
3.623959182537210538e-12 6.019880668217883577e-22
3.750921648607154348e-12 6.021935868427445324e-22
3.882332141539038618e-12 6.024063070906824398e-22
4.018346494340673937e-12 6.026264798197055431e-22
4.159125999502691971e-12 6.028285907267791712e-22
4.304837600267112180e-12 6.030222022364723644e-22
4.455654088596821135e-12 6.032225967681291266e-22
4.611754310080759321e-12 6.034300119594138592e-22
4.773323376017792460e-12 6.036446937734333704e-22
4.940552882930769848e-12 6.038668967904122893e-22
5.113641139771074717e-12 6.040623237231880178e-22
5.292793403083110202e-12 6.042577205907589795e-22
5.478222120407571263e-12 6.044599630288562953e-22
5.670147182212186966e-12 6.046692908664825975e-22
5.868796182648527561e-12 6.048859523348546498e-22
6.074404689444447091e-12 6.051083449180906736e-22
6.287216523251761809e-12 6.052988687589404556e-22
6.507484046780759641e-12 6.054960674477841559e-22
6.735468464064277800e-12 6.057001748324988773e-22
6.971440130206257509e-12 6.059114329536324193e-22
7.215678871982085216e-12 6.061300923314261783e-22
7.468474319670909962e-12 6.063459540789224697e-22
7.730126250513430922e-12 6.065382348052006962e-22
8.000944944202455134e-12 6.067372519305266365e-22
8.281251550827773296e-12 6.069432414591686476e-22
8.571378471711688174e-12 6.071564476636129244e-22
8.871669753586844320e-12 6.073771233742338010e-22
9.182481496583568299e-12 6.075863770697272731e-22
9.504182276511093482e-12 6.077804308822746338e-22
9.837153581932677441e-12 6.079812832125068133e-22
1.018179026655349653e-11 6.081891722409680854e-22
1.053850101745753106e-11 6.084043444926648177e-22
1.090770883974875705e-11 6.086270551294064972e-22
1.128985155817134133e-11 6.088296228109469024e-22
1.168538233630370071e-11 6.090254660599978521e-22
1.209477021394209962e-11 6.092281705181879003e-22
1.251850066331104332e-11 6.094379765624054650e-22
1.295707616476005268e-11 6.096551329909481662e-22
1.341101680262951115e-11 6.098798973185597765e-22
1.388086088199223525e-11 6.100757002715668610e-22
1.436716556700181530e-11 6.102733494581266408e-22
1.487050754160551913e-11 6.104779231233791748e-22
1.539148369340419254e-11 6.106896638608101347e-22
1.593071182147089523e-11 6.109088227629714067e-22
1.648883136896735333e-11 6.111318984805180073e-22
1.706650418142701364e-11 6.113246184694939061e-22
1.766441529160394521e-11 6.115240902467292941e-22
1.828327373181827776e-11 6.117305503556410058e-22
1.892381337476149678e-11 6.119442436267524029e-22
1.958679380375868382e-11 6.121654234680254325e-22
2.027300121351966494e-11 6.123818893461056391e-22
2.098324934244728030e-11 6.125763864719422689e-22
2.171838043760835707e-11 6.127776976465846505e-22
2.247926625351125978e-11 6.129860615946973118e-22
2.326680908587565252e-11 6.132017254044696316e-22
2.408194284161867757e-11 5.604938174737583815e-23
2.492563414632767337e-11 5.613649788370715600e-23
2.579888349053219010e-11 5.622666606310682743e-23
2.670272641613475804e-11 5.631999321142447913e-23
2.763823474440723617e-11 5.641659000056997456e-23
2.860651784700906348e-11 5.651657097975365541e-23
2.960872396153457818e-11 5.662005471132439996e-23
3.064604155314948032e-11 5.672716391136667020e-23
3.171970072393109751e-11 5.683802559522322130e-23
3.283097467158393075e-11 5.695277122811622385e-23
3.398118119925936830e-11 5.707153688104505103e-23
3.517168427827211030e-11 5.719446339214604722e-23
3.640389566556372303e-11 5.732169653370522547e-23
3.767927657783338381e-11 5.745338718502225850e-23
3.899933942432033883e-11 5.758969151133046368e-23
4.036564960029292648e-11 5.774972301409184049e-23
4.177982734337106725e-11 5.792561642460017401e-23
4.324354965488354151e-11 5.810767211786026468e-23
4.475855228853834337e-11 5.829610598444243134e-23
4.632663180876464816e-11 5.849114147846776768e-23
4.794964772116695092e-11 5.869300988259097053e-23
4.962952467761805756e-11 5.890195058226667007e-23
5.136825475860588538e-11 5.911821134962445065e-23
5.316789983553935453e-11 5.934204863728912978e-23
5.503059401581788078e-11 5.957372788249494710e-23
5.695854617355980231e-11 5.981352382185403424e-23
5.895404256899382113e-11 6.006172081715251480e-23
6.101944955961853392e-11 6.031861319256070133e-23
6.315721640634521251e-11 6.058450558365713996e-23
6.536987817795150432e-11 6.085533106935008472e-23
6.766005875729038750e-11 6.110797379878474368e-23
7.003047395281904449e-11 6.136946766101311506e-23
7.248393471913783603e-11 6.164012274828248981e-23
7.502335049035808075e-11 6.192026001667016410e-23
7.765173263025173645e-11 6.221021166668883234e-23
8.037219800327458028e-11 6.251032153722636492e-23
8.318797267069566161e-11 6.282094551328660670e-23
8.610239571622091031e-11 6.314245194801557047e-23
8.911892320564109745e-11 6.347522209951243401e-23
9.224113228520447291e-11 6.381965058294418070e-23
9.547272542357221501e-11 6.417614583849962669e-23
9.881753480238738506e-11 6.454513061573777404e-23
1.022795268606638940e-10 6.492704247490503597e-23
1.058628069983843693e-10 6.532233430581559379e-23
1.095716244448848719e-10 6.570330646670960874e-23
1.134103772977994222e-10 6.608094516513218289e-23
1.173836177385398865e-10 6.647181412858264196e-23
1.214960574304959771e-10 6.687637686864873934e-23
1.257525731063573170e-10 6.729511313567024484e-23
1.301582123511801443e-10 6.772851948765019851e-23
1.347181995880644128e-10 6.817710987909806994e-23
1.394379422735287761e-10 6.864141627050198531e-23
1.443230373099383596e-10 6.912198925915368009e-23
1.493792776825860761e-10 6.961939873207368584e-23
1.546126593292986243e-10 7.013423454181137851e-23
1.600293882507138144e-10 7.066710720592104638e-23
1.656358878696603372e-10 7.121864863094354751e-23
1.714388066483676874e-10 7.178951286175205545e-23
1.774450259725387957e-10 7.234873212480440377e-23
1.836616683116346305e-10 7.272089612101368093e-23
1.900961056650478506e-10 7.310609858050610211e-23
1.967559683041820991e-10 7.350479629525117926e-23
2.036491538207987960e-10 7.391746206055384623e-23
2.107838364923736107e-10 7.434458523571860878e-23
2.181684769755525228e-10 7.478667232435565263e-23
2.258118323392141202e-10 7.524424757501766710e-23
2.337229664490314426e-10 7.571785360287952226e-23
2.419112607158483820e-10 7.620805203319798728e-23
2.503864252206169261e-10 7.671542416731442129e-23
2.591585102290873016e-10 7.724057167199048630e-23
2.682379181099059849e-10 7.778411729289408590e-23
2.776354156702547632e-10 7.834670559308169773e-23
2.873621469236587860e-10 7.892900371735288979e-23
2.974296463051041633e-10 7.941740680492839704e-23
3.078498523491382223e-10 7.985588220018533240e-23
3.186351218471642287e-10 8.030971922472353615e-23
3.297982445007380574e-10 8.077945606074608008e-23
3.413524580882187345e-10 8.126564974523220927e-23
3.533114641627765408e-10 8.176887683049930425e-23
3.656894443003666722e-10 8.228973406790678877e-23
3.785010769169378377e-10 8.282883911551320345e-23
3.917615546748173607e-10 8.338683127052543104e-23
4.054866024989157475e-10 8.396437222740866935e-23
4.196924962241137497e-10 8.456214686255617019e-23
4.343960818959455586e-10 8.518086404644926546e-23
4.496147957474659611e-10 8.582125748427079821e-23
4.653666848759925823e-10 8.648408658596869573e-23
4.816704286442314390e-10 8.714834716828182353e-23
4.985453608311927585e-10 8.769460918535086641e-23
5.160114925591266011e-10 8.826000904843695274e-23
5.340895360236954202e-10 8.884521723642881381e-23
5.528009290555113218e-10 8.945092771789843518e-23
5.721678605421670336e-10 9.007785877404294041e-23
5.922132967409072311e-10 9.072675385045774224e-23
6.129610085131425100e-10 9.139838243875071127e-23
6.344355995131032693e-10 9.209354098904315208e-23
6.566625353640590481e-10 9.281305385443937108e-23
6.796681738567040739e-10 9.355777426858502306e-23
7.034797962055177750e-10 9.432858535747341530e-23
7.281256394001704576e-10 9.512640118669973705e-23
7.536349296903183148e-10 9.595216784540447793e-23
7.800379172435417551e-10 9.680686456819290745e-23
8.073659120174656521e-10 9.754931873138807403e-23
8.356513208886462233e-10 9.823712954280473313e-23
8.649276860822339548e-10 9.894903724726250927e-23
8.952297249479903307e-10 9.968588605983421798e-23
9.265933711298228597e-10 1.004485497719819514e-22
9.590558171776634581e-10 1.012379327877418653e-22
9.926555586522173808e-10 1.020549711962108070e-22
1.027432439774888121e-09 1.029006338816067487e-22
1.063427700677008669e-09 1.037759236722191367e-22
1.100684026304412550e-09 1.046818785296119507e-22
1.139245597035339824e-09 1.056195727794894342e-22
1.179158141071679564e-09 1.065901183856838828e-22
1.220468988665740584e-09 1.075946662687774699e-22
1.263227128246768384e-09 1.086344076709198957e-22
1.307483264513831920e-09 1.096900375263156874e-22
1.353289878563942565e-09 1.106665568123488339e-22
1.400701290126712582e-09 1.116772876583015950e-22
1.449773721979355603e-09 1.127234286383843083e-22
1.500565366618412628e-09 1.138062203178811162e-22
1.553136455267268572e-09 1.149269467242731064e-22
1.607549329301291713e-09 1.160869368699011653e-22
1.663868514175293967e-09 1.172875663279738477e-22
1.722160795940979470e-09 1.185302588637896961e-22
1.782495300445128374e-09 1.198164881231080529e-22
1.844943575302387187e-09 1.211477793796698069e-22
1.909579674739982223e-09 1.225257113439428938e-22
1.976480247414826349e-09 1.239519180352337831e-22
2.045724627307262399e-09 1.254280907193880239e-22
2.117394927799187655e-09 1.269559799143761535e-22
2.191576139048131593e-09 1.282540580018360190e-22
2.268356228772749938e-09 1.294585092765297376e-22
2.347826246569263231e-09 1.307051575232073033e-22
2.430080431882531967e-09 1.319954810785038813e-22
2.515216325759811707e-09 1.333310100713776524e-22
2.603334886519713686e-09 1.347133282376119440e-22
2.694540609473538532e-09 1.361440747978868495e-22
2.788941650840900847e-09 1.376249464016468644e-22
2.886649956006741734e-09 1.391576991390720328e-22
2.987781392271615376e-09 1.407441506235351443e-22
3.092455886252826726e-09 1.423861821470170223e-22
3.200797566099297143e-09 1.440857409110346998e-22
3.312934908688811411e-09 1.458448423357286607e-22
3.429000891982199043e-09 1.476655724498467094e-22
3.549133152715125542e-09 1.491421243324753219e-22
3.673474149614481114e-09 1.506006689646967229e-22
3.802171332332928338e-09 1.521103125232725181e-22
3.935377316301931250e-09 1.536728452175778220e-22
4.073250063710619349e-09 1.552901199755189063e-22
4.215953070825116726e-09 1.569640546408262269e-22
4.363655561870363183e-09 1.586966342473267907e-22
4.516532689704606466e-09 1.604899133728958314e-22
4.674765743524177797e-09 1.623460185758751986e-22
4.838542363845137383e-09 1.642671509168507851e-22
5.008056765016593796e-09 1.662555885687780651e-22
5.183509965529611662e-09 1.683136895185513827e-22
5.365110026394792262e-09 1.704438943632204492e-22
5.553072297871227578e-09 1.723377737998806186e-22
5.747619674839399110e-09 1.741605848627716741e-22
5.948982861120858875e-09 1.760472566305071653e-22
6.157400643058137816e-09 1.780000264110046102e-22
6.373120172679301018e-09 1.800212098944470357e-22
6.596397260782971826e-09 1.821132038993420947e-22
6.827496680291217562e-09 1.842784892147861323e-22
7.066692480230423992e-09 1.865196335423068949e-22
7.314268310711968759e-09 1.888392945407691630e-22
7.570517759298461072e-09 1.912402229779570620e-22
7.835744699154275158e-09 1.937252659925694745e-22
8.110263649393244820e-09 1.962973704704967323e-22
8.394400148050867929e-09 1.988307279665088226e-22
8.688491138123259705e-09 2.009276622163125417e-22
8.992885367130699265e-09 2.030980608541326996e-22
9.307943800679532169e-09 2.053444976451253012e-22
9.634040050512897446e-09 2.076696365242178551e-22
9.971560817557853650e-09 2.100762347551339970e-22
1.032090635049434894e-08 2.125671462000924344e-22
1.068249092038956728e-08 2.151453247040554410e-22
1.105674331196112951e-08 2.178138275975449057e-22
1.144410733205087727e-08 2.205758193221737616e-22
1.184504233591283189e-08 2.234345751831961626e-22
1.226002377193918935e-08 2.263934852335251824e-22
1.268954374547033659e-08 2.292415672431000298e-22
1.313411160235750563e-08 2.318017726436812176e-22
1.359425453297006353e-08 2.344516727607122043e-22
1.407051819736371022e-08 2.371944099757211178e-22
1.456346737235093501e-08 2.400332367610202868e-22
1.507368662124106097e-08 2.429715195366472741e-22
1.560178098704408780e-08 2.460127426624311022e-22
1.614837670996043848e-08 2.491605125699171975e-22
1.671412197000703565e-08 2.524185620390494796e-22
1.729968765566135308e-08 2.557907546246859453e-22
1.790576815943361078e-08 2.592810892381902155e-22
1.853308220131155209e-08 2.628937048895370716e-22
1.918237368105382940e-08 2.666328855955534294e-22
1.985441256034285326e-08 2.695070214343008353e-22
2.054999577584310411e-08 2.723250893642773092e-22
2.126994818424770635e-08 2.752418860149486336e-22
2.201512354043397826e-08 2.782608702668430303e-22
2.278640550988781751e-08 2.813856221795581775e-22
2.358470871659758137e-08 2.846198472371714825e-22
2.441097982766007880e-08 2.879673807423849958e-22
2.526619867588493381e-08 2.914321923646156985e-22
2.615137942172799872e-08 2.950183908474226385e-22
2.706757175593314771e-08 2.987302288808590276e-22
2.801586214430667046e-08 3.025721081445190011e-22
2.899737511610179223e-08 3.065485845272656462e-22
3.001327459754062363e-08 3.104184266559768869e-22
3.106476529205497012e-08 3.139938258688431961e-22
3.215309410888272401e-08 3.176944862886892703e-22
3.327955164171403030e-08 3.215247963401468770e-22
3.444547369914056152e-08 3.254892981927397609e-22
3.565224288872284841e-08 3.295926931472111946e-22
3.690129025655419013e-08 3.338398472105570233e-22
3.819409698426538915e-08 3.382357968663757467e-22
3.953219614548201399e-08 3.427857550473758415e-22
4.091717452381919456e-08 3.474951173171301524e-22
4.235067449456682990e-08 3.523694682683977204e-22
4.383439597229895326e-08 3.574145881456083398e-22
4.537009842671577672e-08 3.623195969284370002e-22
4.695960296910918567e-08 3.671133797607436646e-22
4.860479451192580019e-08 3.720751088803943985e-22
5.030762400398860749e-08 3.772106681491365288e-22
5.207011074402780276e-08 3.825261475650342381e-22
5.389434477526419952e-08 3.880278504842865810e-22
5.578248936388505290e-08 3.937223010960566467e-22
5.773678356435116915e-08 3.996162521591749564e-22
5.975954487457774467e-08 4.057166930098928140e-22
6.185317198413612502e-08 4.120308578501772110e-22
6.402014761873895052e-08 4.185662343263866436e-22
6.626304148437714647e-08 4.252051496067383488e-22
6.858451331460355648e-08 4.318509816066699752e-22
7.098731602457543719e-08 4.387296449320380796e-22
7.347429897559626548e-08 4.458492966391908825e-22
7.604841135402812974e-08 4.532183795603194845e-22
7.871270566858160772e-08 4.608456323153823948e-22
8.147034137013021749e-08 4.687400996747896741e-22
8.432458859834231045e-08 4.769111432851349355e-22
8.727883205957305432e-08 4.853684527706957430e-22
9.033657504061523351e-08 4.942991492131064030e-22
9.350144356306891392e-08 5.044310168243971668e-22
9.677719068325423792e-08 5.149178461869179255e-22
1.001677009427718878e-07 5.257720730972742410e-22
1.036769949749815891e-07 5.370065690301023340e-22
1.073092342728666877e-07 5.486346564016965914e-22
1.110687261239366553e-07 5.606701243683837474e-22
1.149599287180198456e-07 5.731272451783807435e-22
1.189874564340037392e-07 5.859899138706019845e-22
1.231560853117916484e-07 5.978870528407199338e-22
1.274707587159650933e-07 6.102009984101233330e-22
1.319365931978681188e-07 6.229463530594292588e-22
1.365588845630645973e-07 6.361382308553007155e-22
1.413431141513644043e-07 6.497922753734486152e-22
1.462949553368655288e-07 6.639246782495527463e-22
1.514202802557169425e-07 6.690163119037798911e-22
1.567251667695892961e-07 6.692615243156031193e-22
1.622159056730988618e-07 6.705578884762287110e-22
1.678990081537411016e-07 6.723317819754148817e-22
1.737812135131760671e-07 6.741678223923387953e-22
1.798694971590228229e-07 6.760681869937789332e-22
1.861710788766400293e-07 6.780351293252866410e-22
1.926934313907013771e-07 6.800709818835509416e-22
1.994442892267191798e-07 6.812031941040731130e-22
2.064316578830239116e-07 6.822638047924447191e-22
2.136638233240769429e-07 6.833615731147059759e-22
2.211493618063743895e-07 6.844978008583756439e-22
2.288971500485891745e-07 6.856738354180405093e-22
2.369163757580246464e-07 6.868868389480595594e-22
2.452165485258451934e-07 6.881024465914035820e-22
2.538075111040164847e-07 6.893606420610444372e-22
2.626994510773237950e-07 6.906629173868805241e-22
2.719029129443093555e-07 6.920108168708656904e-22
2.814288106214562917e-07 6.934059389183184651e-22
2.912884403854457461e-07 6.947761550739890509e-22
3.014934942688360852e-07 6.960136285643002916e-22
3.120560739250483332e-07 6.972944559330942796e-22
3.229887049791005438e-07 6.986201560482855316e-22
3.343043518811081064e-07 6.999923009900921339e-22
3.460164332801661548e-07 7.014125179152855235e-22
3.581388379368359818e-07 7.031455553270496441e-22
3.706859411931272037e-07 7.052184749500353400e-22
3.836726220194773927e-07 7.073640176280949113e-22
3.971142806589668058e-07 7.095847276509683232e-22
4.110268568896816110e-07 7.118832384455194961e-22
4.254268489268848802e-07 7.142622756985833739e-22
4.403313329874090051e-07 7.162640007096088069e-22
4.557579835394716727e-07 7.181104250386772277e-22
4.717250942619266159e-07 7.200215373441884900e-22
4.882515997378057439e-07 7.219996039168485920e-22
5.053570979078758247e-07 7.240469704450175345e-22
5.230618733108386367e-07 7.261660647963413187e-22
5.413869211377332818e-07 7.282776660499367906e-22
5.603539721290551778e-07 7.304502002921954848e-22
5.799855183441466689e-07 7.326988475067933470e-22
6.003048398333759962e-07 7.350262742498864616e-22
6.213360322447646056e-07 7.374352404982600442e-22
6.431040353977884374e-07 7.400539893550614144e-22
6.656346628582391758e-07 7.451808628475328550e-22
6.889546325492166453e-07 7.504873521880439818e-22
7.130915984345523746e-07 7.559797500719216304e-22
7.380741833122361678e-07 7.616645696539614443e-22
7.639320127567341313e-07 7.675485522720466086e-22
7.906957502504477850e-07 7.737615126536618399e-22
8.183971335459749373e-07 7.806920028603853849e-22
8.470690123022978435e-07 7.878652971615817665e-22
8.767453870395052009e-07 7.952899020014592812e-22
9.074614494582976743e-07 8.029746218405918383e-22
9.392536241720187996e-07 8.109285695966761473e-22
9.721596119007512570e-07 8.187405715232606913e-22
1.006218434178680280e-06 8.259660950330352104e-22
1.041470479627742111e-06 8.334447588893864702e-22
1.077957551852433374e-06 8.411854316587204083e-22
1.115722919012575887e-06 8.491972926104630123e-22
1.154811365132821520e-06 8.574898426022874365e-22
1.195269243209746470e-06 8.678809063773722662e-22
1.237144530179507398e-06 8.813213420209095803e-22
1.280486883811245616e-06 8.952326524090024008e-22
1.325347701593710768e-06 9.096313342558175486e-22
1.371780181684901882e-06 9.245344622244959380e-22
1.419839385997085449e-06 9.399690834061688540e-22
1.469582305491888925e-06 9.560521792253220406e-22
1.521067927762984990e-06 9.726987332415426405e-22
1.574357306986471979e-06 9.899284857550449188e-22
1.629513636321911635e-06 1.007761868651425155e-21
1.686602322849876259e-06 1.026220029630793782e-21
1.745691065134873224e-06 1.046945492719203800e-21
1.806849933505622955e-06 1.068867279880423641e-21
1.870151453147891613e-06 1.091557079046872634e-21
1.935670690108414006e-06 1.115041796895266447e-21
2.003485340311892075e-06 1.140866385532496338e-21
2.073675821696643523e-06 1.169779670422392901e-21
2.146325369578102646e-06 1.199705908760959620e-21
2.221520135353389468e-06 1.230680588549410609e-21
2.299349288663830114e-06 1.262630388307538141e-21
2.379905123136697060e-06 1.295595718500167351e-21
2.463283165831522092e-06 1.329715962257009254e-21
2.549582290520766059e-06 1.365031581036602788e-21
2.638904834939189084e-06 1.407594060974726032e-21
2.731356722140955747e-06 1.453856607097041409e-21
2.827047586108386579e-06 1.501739923941793557e-21
2.926090901761314223e-06 1.548888926632286281e-21
3.028604119521205962e-06 1.590792064250497379e-21
3.134708804589648850e-06 1.634163244255535207e-21
3.244530781106276143e-06 1.679053898319860803e-21
3.358200281357280563e-06 1.729025177646495621e-21
3.475852100211194464e-06 1.788342789177528840e-21
3.597625754965271241e-06 1.849738545042430328e-21
3.723665650791936565e-06 1.915276839472045056e-21
3.854121251981526727e-06 1.987605561279134695e-21
3.989147259184373734e-06 2.062468261099156601e-21
4.128903792862424136e-06 2.142163024282536827e-21
4.273556583167937615e-06 2.230059443430565834e-21
4.423277166474425731e-06 2.321035242221589380e-21
4.578243088792904238e-06 2.419097986818510463e-21
4.738638116314652862e-06 2.521890764540928066e-21
4.904652453330205656e-06 2.634506243619988407e-21
5.076482967782842417e-06 2.761613519616910953e-21
5.254333424724372353e-06 2.895492841359055719e-21
5.438414727949649347e-06 3.036986580613350328e-21
5.628945170096651295e-06 3.192375644686033478e-21
5.826150691508603660e-06 3.368362574797625858e-21
6.030265148165112014e-06 3.533810138506469938e-21
6.241530589000060330e-06 3.686224820445303386e-21
6.460197542935103385e-06 3.846650626137698722e-21
6.686525315969149567e-06 4.078366513039787722e-21
6.920782298676137097e-06 4.322619905625887772e-21
7.163246284475736111e-06 4.590568418654069938e-21
7.414204799054411102e-06 4.859352983794297615e-21
7.673955441327516474e-06 5.125183884160530954e-21
7.942806236346557352e-06 5.400327954175749864e-21
8.221076000570594556e-06 5.706694680754918018e-21
8.509094719934309940e-06 6.030896170803412749e-21
8.807203941161547751e-06 6.405520359727150041e-21
9.115757176788167243e-06 6.835705162867178791e-21
9.435120324374553862e-06 7.500114500690663741e-21
9.765672100404882130e-06 8.106830628646037477e-21
1.010780448938770615e-05 8.675353377271872333e-21
1.046192320869041069e-05 9.263793858561530791e-21
1.082844818965876691e-05 9.731219736036014774e-21
1.120781407559211668e-05 1.021278444290347901e-20
1.160047073716471507e-05 1.089485702814775714e-20
1.200688380590449375e-05 1.167092675353586451e-20
1.242753522636156248e-05 1.282080993207678626e-20
1.286292382762199265e-05 1.367769748209833795e-20
1.331356591484361317e-05 1.443295184046468041e-20
1.377999588151604464e-05 1.541562715848400225e-20
1.426276684317070610e-05 1.665831880916509372e-20
1.476245129329233980e-05 1.814889158819320151e-20
1.527964178220987226e-05 1.959296875589415782e-20
1.581495161977163868e-05 2.103749974395335281e-20
1.636901560263831043e-05 2.248979282057315731e-20
1.694249076705588137e-05 2.399296580537527447e-20
1.753605716800148926e-05 2.554880123461103027e-20
1.815041868562603593e-05 2.715914409424150347e-20
1.878630385994949995e-05 3.118328572859767377e-20
1.944446675479984837e-05 3.550094719844344464e-20
2.012568785201864134e-05 3.996987443047226757e-20
2.083077497699473640e-05 4.486561526617510221e-20
2.156056425662325766e-05 4.935386914519038001e-20
2.231592111082588740e-05 5.166459555438291148e-20
2.309774127880818883e-05 1.000000000000000000e+00
