# Union of all tests 
#  m [eV] 	 g_s_baryon [dimensionless]
2.653561939985576600e-20 1.000000000000000000e+00
2.781749650279852664e-20 3.451564814768968819e-24
2.916129825435370711e-20 3.451450597628047937e-24
3.057001609738034831e-20 3.451330862909582591e-24
3.204678598472767872e-20 3.451205344071602592e-24
3.359489536019424672e-20 3.451073761696081932e-24
3.521779047671921268e-20 3.450935822866928155e-24
3.691908406810179536e-20 3.450791220517920948e-24
3.870256339132331897e-20 3.450639632749148948e-24
4.057219865737622632e-20 3.450480722110428389e-24
4.253215186936789041e-20 3.450314134850102700e-24
4.458678608757323071e-20 3.450166841312827978e-24
4.674067514206342770e-20 3.450055902351738581e-24
4.899861381452654875e-20 3.449939604174725798e-24
5.136562851195312574e-20 3.449817687889916838e-24
5.384698845594201321e-20 3.449689882098945293e-24
5.644821741253725111e-20 3.449555902292790387e-24
5.917510598870743166e-20 3.449415450218430171e-24
6.203372452284023477e-20 3.449268213214896600e-24
6.503043659795086553e-20 3.449113863517263860e-24
6.817191320767859635e-20 3.448952057527005797e-24
7.146514760661632265e-20 3.448782435047111297e-24
7.491747087802426246e-20 3.448659787403648635e-24
7.853656825358590869e-20 3.448546827134897974e-24
8.233049622153529101e-20 3.448428410005319343e-24
8.630770046123947604e-20 3.448304272406030913e-24
9.047703464416443273e-20 3.448174137993789862e-24
9.484778014306707696e-20 3.448037717075819447e-24
9.942966669330180363e-20 3.447894705964929130e-24
1.042328940522255153e-19 3.447744786303469408e-24
1.092681547049213653e-19 3.447587624354637291e-24
1.145466576667858024e-19 3.447422870259541833e-24
1.200801534359649456e-19 3.447262311121084641e-24
1.258809601511929067e-19 3.447152592958307565e-24
1.319619910132477601e-19 3.447037574553674529e-24
1.383367830310870087e-19 3.446916999864218807e-24
1.450195271566405545e-19 3.446790600478106205e-24
1.520250998753498854e-19 3.446658095017119517e-24
1.593690963227761831e-19 3.446519188510282411e-24
1.670678650009974526e-19 3.446373571737222399e-24
1.751385441720845495e-19 3.446220920539814575e-24
1.835991000096522705e-19 3.446060895100572077e-24
1.924683665934407799e-19 3.445893139186175804e-24
2.017660878359404603e-19 3.445756961050094876e-24
2.115129614344001890e-19 3.445645243822599416e-24
2.217306849460603979e-19 3.445528129782850306e-24
2.324420040891784358e-19 3.445405358222780147e-24
2.436707633773679632e-19 3.445276655840091227e-24
2.554419591999810082e-19 3.445141736129855648e-24
2.677817954666661698e-19 3.445000298746725883e-24
2.807177419400123878e-19 3.444852028836335632e-24
2.942785953861034859e-19 3.444696596334398825e-24
3.084945436791233335e-19 3.444533655231955123e-24
3.233972330027093618e-19 3.444362842805114756e-24
3.390198382976689531e-19 3.444251478304503401e-24
3.553971371128419199e-19 3.444137725589333345e-24
3.725655870235622092e-19 3.444018477732001149e-24
3.905634067900202769e-19 3.443893469274337272e-24
4.094306614362098498e-19 3.443762421934478017e-24
4.292093514388498260e-19 3.443625043987375600e-24
4.499435062248264430e-19 3.443481029615391888e-24
4.716792821852859069e-19 3.443330058227513050e-24
4.944650654245903522e-19 3.443171793745683427e-24
5.183515794728104997e-19 3.443005883856659947e-24
5.433919982016087853e-19 3.442856336748129274e-24
5.696420641948201926e-19 3.442745848883170390e-24
5.971602128372581427e-19 3.442630023593744925e-24
6.260077023979703059e-19 3.442508603040676421e-24
6.562487503975555700e-19 3.442381316929151096e-24
6.879506765630326122e-19 3.442247881907006532e-24
7.211840526885932806e-19 3.442108000933967282e-24
7.560228597357730440e-19 3.441961362620397706e-24
7.925446525227867129e-19 3.441807640534116628e-24
8.308307323696437754e-19 3.441646492473727297e-24
8.709663280833659423e-19 3.441477559706838274e-24
9.130407856861934379e-19 3.441352559488432503e-24
9.571477673091799039e-19 3.441240058534783633e-24
1.003385459693820290e-18 3.441122122908802978e-24
1.051856792766007510e-18 3.440998490073486905e-24
1.102669668768777048e-18 3.440868884809249111e-24
1.155937202463952582e-18 3.440733018601252968e-24
1.211777972937395688e-18 3.440590588997149325e-24
1.270316287568456617e-18 3.440441278933782731e-24
1.331682458751108723e-18 3.440284756031379813e-24
1.396013093982967841e-18 3.440120671853634356e-24
1.463451399967819937e-18 3.439916193969751186e-24
1.534147501408680730e-18 3.439486615212003761e-24
1.608258775201043171e-18 3.439036284454268366e-24
1.685950200770260977e-18 3.438564199213307809e-24
1.767394727332942578e-18 3.438069308578137527e-24
1.852773658900003798e-18 3.437550510870585384e-24
1.942277057878220523e-18 3.437006651192843110e-24
2.036104168169026370e-18 3.436436518856543341e-24
2.134463858706206077e-18 3.435838844687639805e-24
2.237575088419924665e-18 3.435212298201094160e-24
2.345667393662146478e-18 3.434555484639078386e-24
2.458981399178472937e-18 3.434176310302031477e-24
2.577769353764005018e-18 3.434065187569374467e-24
2.702295691795353355e-18 3.433948696743195513e-24
2.832837621889216368e-18 3.433826578502765486e-24
2.969685743997658775e-18 3.433698561000143549e-24
3.113144696313911373e-18 3.433564359255016508e-24
3.263533833428765782e-18 3.433423674520302139e-24
3.421187937247173122e-18 3.433276193617108115e-24
3.586457962247793959e-18 3.433121588237561007e-24
3.759711816744109249e-18 3.432959514213961031e-24
3.941335181886804410e-18 3.432789610752625690e-24
4.131732370230216790e-18 3.432675971783620621e-24
4.331327225774245308e-18 3.432562824394984566e-24
4.540564067485307268e-18 3.432444211106172491e-24
4.759908678396656752e-18 3.432319867871632128e-24
4.989849342490157505e-18 3.432189517890353769e-24
5.230897931667122578e-18 3.432052870989683469e-24
5.483591045228706376e-18 3.431909622979368332e-24
5.748491204401883618e-18 3.431759454974396089e-24
6.026188104570367788e-18 3.431602032685125819e-24
6.317299927998042338e-18 3.431437005673120677e-24
6.622474719967105076e-18 3.431237174399187670e-24
6.942391831394669661e-18 3.430966147495296033e-24
7.277763431138448795e-18 3.430682027880917181e-24
7.629336091359119335e-18 3.430384183076157438e-24
7.997892449467768499e-18 3.430071950047413884e-24
8.384252950358404542e-18 3.429744633731399402e-24
8.789277672803855597e-18 3.429401505487854892e-24
9.213868244080761050e-18 3.429041801477521354e-24
9.658969847086220674e-18 3.428664720961754245e-24
1.012557332441306491e-17 3.428269424519995767e-24
1.061471738406910861e-17 3.427855032181136309e-24
1.112749091174944035e-17 3.427651715616964106e-24
1.166503539480954862e-17 3.427539883870898811e-24
1.222854746333524272e-17 3.427422649780441168e-24
1.281928155396602057e-17 3.427299752370278077e-24
1.343855270240176910e-17 3.427170918057956258e-24
1.408773947080982089e-17 3.427035860044858630e-24
1.476828701664748308e-17 3.426894277677762472e-24
1.548171030973368772e-17 3.426745855779549672e-24
1.622959750472972261e-17 3.426590263947595296e-24
1.701361347653715246e-17 3.426427155818252686e-24
1.783550352648285040e-17 3.426276768902667548e-24
1.869709726754236897e-17 3.426327505917727930e-24
1.960031269724839204e-17 3.426380693925805660e-24
2.054716046735386617e-17 8.955865410146606951e-25
2.153974835975236520e-17 8.955865410146606951e-25
2.258028597862044335e-17 8.955865410146606951e-25
2.367108966922697609e-17 8.955865410146606951e-25
2.481458767435935246e-17 8.955865410146606951e-25
2.601332553984494752e-17 8.955865410146606951e-25
2.726997178120250259e-17 8.955865410146606951e-25
2.858732382403473846e-17 8.955865410146606951e-25
2.996831423139034813e-17 8.955865410146606951e-25
3.141601723195500815e-17 8.955865410146606951e-25
3.293365556360507674e-17 8.955865410146606951e-25
3.452460764755796749e-17 8.955865410146606951e-25
3.619241510909126538e-17 8.955865410146606951e-25
3.794079066156832455e-17 8.955865410146606951e-25
3.977362637132655209e-17 8.955865410146606951e-25
4.169500232182277757e-17 8.955865410146606951e-25
4.370919569632454064e-17 8.955865410146606951e-25
4.582069029936618406e-17 8.955865410146606951e-25
4.803418653816542743e-17 8.955865410146606951e-25
5.035461188621965696e-17 8.955865410146606951e-25
5.278713185237749275e-17 8.955865410146606951e-25
5.533716147979787121e-17 8.955865410146606951e-25
5.801037740040248820e-17 8.955865410146606951e-25
6.081273047165012143e-17 8.955865410146606951e-25
6.375045902376605856e-17 8.955865410146606951e-25
6.683010274691525017e-17 8.955865410146606951e-25
7.005851724923692669e-17 8.955865410146606951e-25
7.344288931814011503e-17 8.955865410146606951e-25
7.699075291884411479e-17 8.955865410146606951e-25
8.071000596577040374e-17 8.955865410146606951e-25
8.460892790412384386e-17 8.955865410146606951e-25
8.869619814080128904e-17 8.955865410146606951e-25
9.298091536565663240e-17 8.955865410146606951e-25
9.747261780613256742e-17 8.955865410146606951e-25
1.021813044603529530e-16 8.955865410146606951e-25
1.071174573559307815e-16 8.955865410146606951e-25
1.122920648840581243e-16 8.955865410146606951e-25
1.177166462608101359e-16 8.955865410146606951e-25
1.234032771701210936e-16 8.955865410146606951e-25
1.293646166455183686e-16 8.955865410146606951e-25
1.356139352504482802e-16 8.955865410146606951e-25
1.421651446199360477e-16 8.955865410146606951e-25
1.490328284293380126e-16 8.955865410146606951e-25
1.562322748591207685e-16 8.955865410146606951e-25
1.637795106279476135e-16 8.955865410146606951e-25
1.716913366698247147e-16 8.955865410146606951e-25
1.799853655347352942e-16 8.955865410146606951e-25
1.886800605960088245e-16 8.955865410146606951e-25
1.977947771517177211e-16 8.955865410146606951e-25
2.073498055115920175e-16 8.943029067215230901e-25
2.173664161653606476e-16 8.920817634717266806e-25
2.278669071330830019e-16 8.897533217024811772e-25
2.388746536028656325e-16 8.888949617577915123e-25
2.504141599664729194e-16 8.896518075647262422e-25
2.625111143686532653e-16 8.904452149192079042e-25
2.751924458916311839e-16 8.912769500287603432e-25
2.884863845020565901e-16 8.921488644224888607e-25
3.024225238938485205e-16 8.922064963554742583e-25
3.170318873668485639e-16 8.922064963554742583e-25
3.323469968879212606e-16 8.922064963554742583e-25
3.484019454882427244e-16 8.922064963554742583e-25
3.652324731579498513e-16 8.922064963554742583e-25
3.828760464070761033e-16 8.922064963554742583e-25
4.013719416699222932e-16 8.922064963554742583e-25
4.207613327384852876e-16 8.922064963554742583e-25
4.410873824196198193e-16 8.922064963554742583e-25
4.623953386199465481e-16 8.922064963554742583e-25
4.847326350724101427e-16 8.922064963554742583e-25
5.081489969287234657e-16 8.922064963554742583e-25
5.326965514527284647e-16 8.922064963554742583e-25
5.584299440611382727e-16 8.922064963554742583e-25
5.854064599699197744e-16 8.922064963554742583e-25
6.136861517171678867e-16 8.922064963554742583e-25
6.433319728463167247e-16 8.922064963554742583e-25
6.744099180472904585e-16 8.922064963554742583e-25
7.069891700675777970e-16 8.922064963554742583e-25
7.411422537202238906e-16 8.922064963554742583e-25
7.769451973316518665e-16 8.922064963554742583e-25
8.144777019886263348e-16 8.922064963554742583e-25
8.538233189611976202e-16 8.922064963554742583e-25
8.950696356965403501e-16 8.922064963554742583e-25
9.383084707977420350e-16 8.922064963554742583e-25
9.836360784216061402e-16 8.922064963554742583e-25
1.031153362550417864e-15 8.922064963554742583e-25
1.080966101614764158e-15 8.922064963554742583e-25
1.133185183967324335e-15 8.922064963554742583e-25
1.187926854731926459e-15 8.922064963554742583e-25
1.245312974577312325e-15 8.922064963554742583e-25
1.305471290991691298e-15 8.922064963554742583e-25
1.368535722661994489e-15 8.922064963554742583e-25
1.434646657590802388e-15 8.922064963554742583e-25
1.503951265614725464e-15 8.922064963554742583e-25
1.576603826019770473e-15 8.922064963554742583e-25
1.652766070983145268e-15 8.922064963554742583e-25
1.732607545605949121e-15 8.922064963554742583e-25
1.816305985338243103e-15 8.922064963554742583e-25
1.904047711636730839e-15 8.922064963554742583e-25
1.996028046735701236e-15 8.922064963554742583e-25
2.092451748454755979e-15 8.923568344998942892e-25
2.193533466011018470e-15 8.925288532536431062e-25
2.299498217850709334e-15 8.927091818530521216e-25
2.410581892563670019e-15 8.928982217283919104e-25
2.527031773995957996e-15 8.929669223993313014e-25
2.649107091729519060e-15 8.927993556244598589e-25
2.777079598154204941e-15 8.926236940691844629e-25
2.911234173417019853e-15 8.924395466925614436e-25
3.051869459594965805e-15 8.922465035633237926e-25
3.199298525503498766e-15 8.922064963554742583e-25
3.353849563620354001e-15 8.922064963554742583e-25
3.515866620676218167e-15 8.922064963554742583e-25
3.685710363538692389e-15 8.922064963554742583e-25
3.863758882094258957e-15 8.922064963554742583e-25
4.050408530915920116e-15 8.922064963554742583e-25
4.246074811589713985e-15 8.922064963554742583e-25
4.451193297664640255e-15 8.922064963554742583e-25
4.666220604284797612e-15 8.922064963554742583e-25
4.891635404662300463e-15 8.926535827060932865e-25
5.127939495653854018e-15 8.933350040497585879e-25
5.375658914812755647e-15 8.940493433519133533e-25
5.635345111403518097e-15 8.947981908063507809e-25
5.907576173985304330e-15 8.955944985110536955e-25
6.192958117297437382e-15 8.965109818773831315e-25
6.492126231311396781e-15 8.974717385287949174e-25
6.805746495452532859e-15 8.984789072098029780e-25
7.134517061139835725e-15 8.995347299829404558e-25
7.479169805943620073e-15 9.005219184660772374e-25
7.840471962821558067e-15 9.014623923063470899e-25
8.219227828059069709e-15 9.024482983584521854e-25
8.616280551716846461e-15 9.034818313520959986e-25
9.032514014570812125e-15 9.045664123193172186e-25
9.468854795722913662e-15 9.059068479448780837e-25
9.926274235262805360e-15 9.073120370518061439e-25
1.040579059657231625e-14 9.087851077376162486e-25
1.090847133308588196e-14 9.103293392112982270e-25
1.143543546455312482e-14 9.122216300467172568e-25
1.198785606809365987e-14 9.145532688879855305e-25
1.256696288958908045e-14 9.169975440464210781e-25
1.317404508122554872e-14 9.195598967334672924e-25
1.381045407128096996e-14 9.222460310134619781e-25
1.447760657254545418e-14 9.249835079997918829e-25
1.517698773607165979e-14 9.278427890688690580e-25
1.591015445727580374e-14 9.308401956845218522e-25
1.667873884174942955e-14 9.339824003865098046e-25
1.748445183849661888e-14 9.375269095242512757e-25
1.832908704868493529e-14 9.417791720337003487e-25
1.921452471838860686e-14 9.462368519432263939e-25
2.014273592421264616e-14 9.509098725132498436e-25
2.111578696111480607e-14 9.558086363749613183e-25
2.213584394219351104e-14 9.612097323016307832e-25
2.320517762068176846e-14 9.669575772457070243e-25
2.432616844488063283e-14 9.729830878705442529e-25
2.550131185728542144e-14 9.792996775912611048e-25
2.673322384970085631e-14 9.861452530236656266e-25
2.802464678671201010e-14 9.942661721958800434e-25
2.937845551047369416e-14 1.002779395017949805e-24
3.079766374040871802e-14 1.011703872811814843e-24
3.228543078206198731e-14 1.021059472395877828e-24
3.384506856004404389e-14 1.031336489916410501e-24
3.548004899072071252e-14 1.042395224269863300e-24
3.719401171106088773e-14 1.053988181629064511e-24
3.899077218084864031e-14 1.066141169126256868e-24
4.087433017629361599e-14 1.078926095412408976e-24
4.284887869395127811e-14 1.093086047668898716e-24
4.491881328476948311e-14 1.107930035911239895e-24
4.708874183904397366e-14 1.123491104405505004e-24
4.936349484406262665e-14 1.139803893713199910e-24
5.174813613727378969e-14 1.157608323422322432e-24
5.424797417891742198e-14 1.177041660419498859e-24
5.686857386920979600e-14 1.197413778959891707e-24
5.961576893639353994e-14 1.218770029504211039e-24
6.249567492322361502e-14 1.241157953293648529e-24
6.551470280080427414e-14 1.265601965018384088e-24
6.867957324007908654e-14 1.291329868075921411e-24
7.199733157274528179e-14 1.318300629245763081e-24
7.547536347489796870e-14 1.346574288255359173e-24
7.912141140831350818e-14 1.376736697347864579e-24
8.294359185597935083e-14 1.409466622750024201e-24
8.695041339022956577e-14 1.443777658482485092e-24
9.115079561371550526e-14 1.479746184489468439e-24
9.555408901537141185e-14 1.517452270461424932e-24
1.001700957855775708e-13 1.558398112049344117e-24
1.050090916368601363e-13 1.601400736063895732e-24
1.100818486786960930e-13 1.646480721765769002e-24
1.153996593973559124e-13 1.693738421905038609e-24
1.209743617941527151e-13 1.745168108909837142e-24
1.268183657380697428e-13 1.799110874286988753e-24
1.329446805914225033e-13 1.855659495392036552e-24
1.393669441700557786e-13 1.915230369575666422e-24
1.460994531025462578e-13 1.978062560357209651e-24
1.531571946559850113e-13 2.043930035353406217e-24
1.605558800992018302e-13 2.113307401808171213e-24
1.683119796776841960e-13 2.189228951976052376e-24
1.764427592780640459e-13 2.268818104369968707e-24
1.849663188637815245e-13 2.352252032744389265e-24
1.939016327674908483e-13 2.443284491600869378e-24
2.032685919299068457e-13 2.538866508827479701e-24
2.130880481791081062e-13 2.639197631341345759e-24
2.233818606488877958e-13 2.748456017701260380e-24
2.341729444394593660e-13 2.862992435135889898e-24
2.454853216288632025e-13 2.983566300326415638e-24
2.573441747486169935e-13 3.114503184593789596e-24
2.697759028426563527e-13 3.251765340238608923e-24
2.828081802343645246e-13 3.395274995881670701e-24
2.964700181324947373e-13 3.545077181789356423e-24
3.107918292131562237e-13 3.702115980085568841e-24
3.258054953215948739e-13 3.870755422521705691e-24
3.415444384445109254e-13 4.055806221809689809e-24
3.580436951108860042e-13 4.249796416063891094e-24
3.753399943869495599e-13 4.468349751961608687e-24
3.934718396389171950e-13 4.715919562650157382e-24
4.124795942454891569e-13 4.980526846076272313e-24
4.324055714509538569e-13 5.278068541467432131e-24
4.532941285588716704e-13 5.592339572974018397e-24
4.751917656760655055e-13 5.942684050578386955e-24
4.981472292267072047e-13 6.312767897373247171e-24
5.222116204669398606e-13 6.758800658377259275e-24
5.474385092416124669e-13 7.242269550455045937e-24
5.738840532363267686e-13 7.784472295640945864e-24
6.016071229903205303e-13 8.362438759789755011e-24
6.306694329484122808e-13 8.975396644145363987e-24
6.611356788438014511e-13 9.657821475939550243e-24
6.930736817175159783e-13 1.040304723938181434e-23
7.265545388951205422e-13 1.137813946759969990e-23
7.616527822567905647e-13 1.233449669198975644e-23
7.984465441530306467e-13 1.334894901919538023e-23
8.370177313354602223e-13 1.470131013898952974e-23
8.774522072897639333e-13 1.620491530843303586e-23
9.198399833767787300e-13 1.768976454738452541e-23
9.642754192071687373e-13 1.913346140769023409e-23
1.010857432695755734e-12 2.132300719670424096e-23
1.059689720263131586e-12 2.344791605528554840e-23
1.110880987674676849e-12 2.596032341856935261e-23
1.164545192030967400e-12 2.933457773733109947e-23
1.220801795448134785e-12 3.256803842593787165e-23
1.279776030993014569e-12 3.726673591838906364e-23
1.341599181465011010e-12 4.231884487728726449e-23
1.406408871645295536e-12 4.822265714041914893e-23
1.474349374663946280e-12 5.529164901298075997e-23
1.545571933166944572e-12 6.365410413440789096e-23
1.620235095998125813e-12 7.238073038678946229e-23
1.698505071145401135e-12 8.342489680342729168e-23
1.780556095737097257e-12 9.701484869749389925e-23
1.866570823911972610e-12 1.152516845361916719e-22
1.956740733426372593e-12 1.375266066171535971e-22
2.051266551903717840e-12 1.640540689355569187e-22
2.150358703675075608e-12 1.975372519668234195e-22
2.254237778205732227e-12 2.339688893695112797e-22
2.363135021150292868e-12 2.753922802037045688e-22
2.477292849129661268e-12 3.582412081577779209e-22
2.596965389375712973e-12 4.214118760341770822e-22
2.722419045445009477e-12 5.519821388802173344e-22
2.853933090260945417e-12 6.005718266953301269e-22
2.991800287804337437e-12 6.008437093350649077e-22
3.136327544836613434e-12 6.011287260239926118e-22
3.287836594106313003e-12 6.014275112389904563e-22
3.446664710559667807e-12 6.017010720529867811e-22
3.613165462149860109e-12 6.019705945269530118e-22
3.787709496916136519e-12 6.022531370357222489e-22
3.970685368085061766e-12 6.025493285483885086e-22
4.162500399030438414e-12 6.028330743957763440e-22
4.363581590017665538e-12 6.031002571921611237e-22
4.574376568750915211e-12 6.033803469986981528e-22
4.795354586838993411e-12 6.036739673245102101e-22
5.027007564398426570e-12 6.039678346615299318e-22
5.269851185118915457e-12 6.042326980906662776e-22
5.524426044229098383e-12 6.045103564864509763e-22
5.791298851917786255e-12 6.048014279454332883e-22
6.071063694890014115e-12 6.051053538291865445e-22
6.364343358866084743e-12 6.053679180250970506e-22
6.671790714967393127e-12 6.056431661167824641e-22
6.994090173075738625e-12 6.059317108352036945e-22
7.331959205401047269e-12 6.062341945109992459e-22
7.686149943649468160e-12 6.065059178404620707e-22
8.057450853346815823e-12 6.067787765514775040e-22
8.446688489045161029e-12 6.070648164635313859e-22
8.854729334319570310e-12 6.073646743313023222e-22
9.282481730650727270e-12 6.076466984238773020e-22
9.730897899487937705e-12 6.079171884960194691e-22
1.020097606199331650e-11 6.082007453454930665e-22
1.069376266118638164e-11 6.084980001994204621e-22
1.121035469143511231e-11 6.087902607042999129e-22
1.175190214047994043e-11 6.090584026993097916e-22
1.231961054942656407e-11 6.093394980412365269e-22
1.291474369640589587e-11 6.096341724776299279e-22
1.353862640987619359e-11 6.099366056522642128e-22
1.419264751782927376e-11 6.102024199533897944e-22
1.487826293946671292e-11 6.104810751556871468e-22
1.559699892622750863e-11 6.107731915747008866e-22
1.635045545938318788e-11 6.110794194920475731e-22
1.714030981176287301e-11 6.113492410931623335e-22
1.796832028153782965e-11 6.116254773382567485e-22
1.883633010637615780e-11 6.119150579455931923e-22
1.974627156668230164e-11 6.122186275518071537e-22
2.070017028705501601e-11 6.124988669961198358e-22
2.170014974553850851e-11 6.127727052825569643e-22
2.274843600070639050e-11 6.130597720911553656e-22
2.384736264710004189e-11 6.133607064625723375e-22
2.499937601005384333e-11 5.614411216895323811e-23
2.620704059146997470e-11 5.626881070706775304e-23
2.747304477866737044e-11 5.639953315585005835e-23
2.880020682901266517e-11 5.653657051710567223e-23
3.019148114365435337e-11 5.668022785029388815e-23
3.164996484432836438e-11 5.683082495162200498e-23
3.317890466787379761e-11 5.698869706594501841e-23
3.478170419380833654e-11 5.715419563305570437e-23
3.646193142105042778e-11 5.732768907002610330e-23
3.822332671065741054e-11 5.750956359134246431e-23
4.006981111225982593e-11 5.771292704493275342e-23
4.200549509272596059e-11 5.795368465737364333e-23
4.403468768649042518e-11 5.820607273775638673e-23
4.616190608791388688e-11 5.847065312827224950e-23
4.839188570702963938e-11 5.874801481246662516e-23
5.072959071105910927e-11 5.903877522637764032e-23
5.318022507516640452e-11 5.934358163301328731e-23
5.574924416705045387e-11 5.966311256322644939e-23
5.844236689116126510e-11 5.999807932619520171e-23
6.126558841957853625e-11 6.034922759287134811e-23
6.422519353788953959e-11 6.071733905592163146e-23
6.732777063577840567e-11 6.107131722299553705e-23
7.058022637346717856e-11 6.143011394948436808e-23
7.398980105666255959e-11 6.180624335253014320e-23
7.756408475423253046e-11 6.220054273541484588e-23
8.131103419448952706e-11 6.261388984969063160e-23
8.523899047769874859e-11 6.304720484914645280e-23
8.935669764423665843e-11 6.350145233816632760e-23
9.367332213973831214e-11 6.397764351903942998e-23
9.819847322055929457e-11 6.447683844300162023e-23
1.029422243449836230e-10 6.500014837002022971e-23
1.079151355977938290e-10 6.554034877807069174e-23
1.131282771981186701e-10 6.605319346593450424e-23
1.185932541428972139e-10 6.659081254676923051e-23
1.243222320408114494e-10 6.715440281672303717e-23
1.303279641942021990e-10 6.774521888652006790e-23
1.366238199892472697e-10 6.836457597435445258e-23
1.432238146576108767e-10 6.901385283370331454e-23
1.501426404758130648e-10 6.969449482257598687e-23
1.573956994717661766e-10 7.040801712103142276e-23
1.649991377112976865e-10 7.115600810412716841e-23
1.729698812409754716e-10 7.194013287780786315e-23
1.813256737672558609e-10 7.258105004055129703e-23
1.900851161558204689e-10 7.310544068522318839e-23
1.992677078390454602e-10 7.365516348251122398e-23
2.088938902237743004e-10 7.423144217269899230e-23
2.189850921960165715e-10 7.483555961225734136e-23
2.295637778238866075e-10 7.546886062961686193e-23
2.406534963649601958e-10 7.613275501889617628e-23
2.522789346893822991e-10 7.682872067825090892e-23
2.644659722354088235e-10 7.755830689982872640e-23
2.772417386197393527e-10 7.832313781865557442e-23
2.906346740308715234e-10 7.912491602812941947e-23
3.046745925399315540e-10 7.972226936239672129e-23
3.193927484698992611e-10 8.034159965313897771e-23
3.348219059709941771e-10 8.099084842088743588e-23
3.509964119570954337e-10 8.167146096111659878e-23
3.679522725655465121e-10 8.238495238832967482e-23
3.857272333105778543e-10 8.313291100886158959e-23
4.043608631087552519e-10 8.391700185661455420e-23
4.238946423635218914e-10 8.473897039959738262e-23
4.443720553048931805e-10 8.560064642551895331e-23
4.658386867898926496e-10 8.650394811508671284e-23
4.883423237792041569e-10 8.736432450399635822e-23
5.119330617159196885e-10 8.812798529662547554e-23
5.366634160432276759e-10 8.892853685369221252e-23
5.625884391092631689e-10 8.976776128646098532e-23
5.897658427193854206e-10 9.064752679605136505e-23
6.182561266086634238e-10 9.156979183224818829e-23
6.481227131206015269e-10 9.253660945321525440e-23
6.794320883919001992e-10 9.355013189581720869e-23
7.122539503575151267e-10 9.461261536672277452e-23
7.466613639055400281e-10 9.572642506495644029e-23
7.827309235272627497e-10 9.689404044707801071e-23
8.205429238245044297e-10 9.786974157640767836e-23
8.601815382537593326e-10 9.883362608937987768e-23
9.017350065050967012e-10 9.984407373202466845e-23
9.452958309329262109e-10 1.009033338661856100e-22
9.909609824758653940e-10 1.020137645154033179e-22
1.038832116524177091e-09 1.031778376141221634e-22
1.089015799215263197e-09 1.043981445104739551e-22
1.141623744661019180e-09 1.056774017348896064e-22
1.196773063635072889e-09 1.070184570473785956e-22
1.254586524273593598e-09 1.084242957769400006e-22
1.315192825369983366e-09 1.098543922820424987e-22
1.378726882871785811e-09 1.112088305822097594e-22
1.445330130217675651e-09 1.126286988019944918e-22
1.515150833183034900e-09 1.141171577161477481e-22
1.588344419935056768e-09 1.156775207894606497e-22
1.665073827032021597e-09 1.173132615528820002e-22
1.745509862137086357e-09 1.190280213359606325e-22
1.829831584253980701e-09 1.208256173728254422e-22
1.918226702330983474e-09 1.227100512997456997e-22
2.010891993120647474e-09 1.246855180631913397e-22
2.108033739225359751e-09 1.267564152582211377e-22
2.209868188303962461e-09 1.285410058567026526e-22
2.316622034461548307e-09 1.302156562321336676e-22
2.428532922894203911e-09 1.319712052645490334e-22
2.545849978912035568e-09 1.338115609892009586e-22
2.668834362518034730e-09 1.357408202298836537e-22
2.797759849777521935e-09 1.377632777188908187e-22
2.932913442272203082e-09 1.398834356575374808e-22
3.074596005995671927e-09 1.421060137385303888e-22
3.223122941112420403e-09 1.444359596524950730e-22
3.378824884071550837e-09 1.468784601020521429e-22
3.542048443637969559e-09 1.490590192854432422e-22
3.713156972479705882e-09 1.510661563721067993e-22
3.892531376028765792e-09 1.531702538136462052e-22
4.080570960416391800e-09 1.553759955504259936e-22
4.277694321370210780e-09 1.576882917936140213e-22
4.484340276051885394e-09 1.601122899558225880e-22
4.700968839909948521e-09 1.626533861097866485e-22
4.928062250722141427e-09 1.653172370005839379e-22
5.166126042107075897e-09 1.681097726381405620e-22
5.415690168894685358e-09 1.710372094980502372e-22
5.677310186861005841e-09 1.735018203267985864e-22
5.951568489453345335e-09 1.760714826673853305e-22
6.239075604258713504e-09 1.787652797141214481e-22
6.540471552101992428e-09 1.815892081401991241e-22
6.856427271798999244e-09 1.845495543048335365e-22
7.187646113736384681e-09 1.876529082473552656e-22
7.534865405602783221e-09 1.909061783573235101e-22
7.898858093757232733e-09 1.943166067533225825e-22
8.280434463888488926e-09 1.978917854046742440e-22
8.680443944795290953e-09 2.008702839358692756e-22
9.099776999303592153e-09 2.038602219950285417e-22
9.539367106529611366e-09 2.069945973510713675e-22
1.000019283990186806e-08 2.102803874504597957e-22
1.048328004556747434e-08 2.137249068046665713e-22
1.098970412603274976e-08 2.173358232730412156e-22
1.152059243412151973e-08 2.211211751322657159e-22
1.207712678257981314e-08 2.250893889703949572e-22
1.266054607491447828e-08 2.290745736298388326e-22
1.327214906332150556e-08 2.325967114760049303e-22
1.391329723984409799e-08 2.362889960140716051e-22
1.458541786719564193e-08 2.401596466545297737e-22
1.529000715599552227e-08 2.442172798694181453e-22
1.602863359549021110e-08 2.484709283734895772e-22
1.680294144517355698e-08 2.529300612319743011e-22
1.761465439508016290e-08 2.576046049397080157e-22
1.846557940289905263e-08 2.625049655185440917e-22
1.935761071645024044e-08 2.674942912351972375e-22
2.029273409047752465e-08 2.712828259959482563e-22
2.127303120714585581e-08 2.752543764945390601e-22
2.230068431008323498e-08 2.794177838166175426e-22
2.337798106228213064e-08 2.837823161411304805e-22
2.450731963867623738e-08 2.883576893722580753e-22
2.569121406472782951e-08 2.931540887680291371e-22
2.693229981291106729e-08 2.981821916137694382e-22
2.823333966954799047e-08 3.034531909908502651e-22
2.959722988505931729e-08 3.089788206936557612e-22
3.102700662132035128e-08 3.138654345075808278e-22
3.252585271047326519e-08 3.189619828225806848e-22
3.409710474024390131e-08 3.243047341182079370e-22
3.574426048153379267e-08 3.299055819161014188e-22
3.747098667482359262e-08 3.357769942876350249e-22
3.928112719271897791e-08 3.419320416091425407e-22
4.117871159681236527e-08 3.483844256579396369e-22
4.316796410790785654e-08 3.551485101139111652e-22
4.525331300957633495e-08 3.619673840766864583e-22
4.743940050597722938e-08 3.685603999697943312e-22
4.973109305588878594e-08 3.754719098835370512e-22
5.213349220595370435e-08 3.827172995598623709e-22
5.465194594725285089e-08 3.903126979918917093e-22
5.729206062049200726e-08 3.982750133287436387e-22
6.005971339630059131e-08 4.066219705148360561e-22
6.296106535842741924e-08 4.153721507474638451e-22
6.600257521895434319e-08 4.244594954837327434e-22
6.919101369606361294e-08 4.335872506367727078e-22
7.253347858636367160e-08 4.431559474597866957e-22
7.603741056532301019e-08 4.531868868699284310e-22
7.971060975099099419e-08 4.637023987845632922e-22
8.356125306787349869e-08 4.747258918299925381e-22
8.759791244962114203e-08 4.862819054515001497e-22
9.182957392104563594e-08 4.990787686168844779e-22
9.626565760194917494e-08 5.132802472086955156e-22
1.009160386772949105e-07 5.281677678318037422e-22
1.057910693803963255e-07 5.437744716599007237e-22
1.109016020380698908e-07 5.601351008435052697e-22
1.162590132290456001e-07 5.772860758496109209e-22
1.218752291094196976e-07 5.942315285215478524e-22
1.277627519615192975e-07 6.110343381778354729e-22
1.339346880252880836e-07 6.286488544175985480e-22
1.404047766741451851e-07 6.471142889912041372e-22
1.471874210002601697e-07 6.664717478819780058e-22
1.542977198773406690e-07 6.691493183135587313e-22
1.617515015722988377e-07 6.704129318406215169e-22
1.695653589806270085e-07 6.728519078941792882e-22
1.777566865639099023e-07 6.754087054883075092e-22
1.863437190717121426e-07 6.780890163211272817e-22
1.953455721340350133e-07 6.805810510097353579e-22
2.047822848146982965e-07 6.820134469264976021e-22
2.146748642203891762e-07 6.835150387229706945e-22
2.250453322646713538e-07 6.850891690991112754e-22
2.359167746910650731e-07 6.867393422333204694e-22
2.473133924643146410e-07 6.884095413459110331e-22
2.592605556442627442e-07 6.901592715363631300e-22
2.717848598622530303e-07 6.919935273236620678e-22
2.849141855257731652e-07 6.939163919525051152e-22
2.986777598831540804e-07 6.956721902242528608e-22
3.131062220864708235e-07 6.974217977899339314e-22
3.282316913974958478e-07 6.992559250287302482e-22
3.440878386885182470e-07 7.011786548991768294e-22
3.607099613972209407e-07 7.035703332351678146e-22
3.781350621024631445e-07 7.064491517518073319e-22
3.964019308958714797e-07 7.094670396259168912e-22
4.155512317326357519e-07 7.126307149906734700e-22
4.356255929537111237e-07 7.157007680846675268e-22
4.566697021809583751e-07 7.182195491466761695e-22
4.787304057964406613e-07 7.208600069527646485e-22
5.018568132273610620e-07 7.236280194374118689e-22
5.261004062687758590e-07 7.265267097725057908e-22
5.515151536874282741e-07 7.294377795561343549e-22
5.781576313618599589e-07 7.324894766846336870e-22
6.060871482262129338e-07 7.356885945541070211e-22
6.353658782981132266e-07 7.390422547346041478e-22
6.660589990845040221e-07 7.452774211060256615e-22
6.982348366735839915e-07 7.525990746695176928e-22
7.319650178358007467e-07 7.602744211284826755e-22
7.673246294725241336e-07 7.683205466046869803e-22
8.043923857673032061e-07 7.771882151147607553e-22
8.432508034118568384e-07 7.869100358650565416e-22
8.839863852968465930e-07 7.971014962808507943e-22
9.266898130763135972e-07 8.077852836160092001e-22
9.714561490345121439e-07 8.185913330253235972e-22
1.018385047704461773e-06 8.285472222178658364e-22
1.067580977709348673e-06 8.389840584048259685e-22
1.119153454320552150e-06 8.499250750721294188e-22
1.173217283250073306e-06 8.613946280640376022e-22
1.229892816220038892e-06 8.789938070514665986e-22
1.289306218878159067e-06 8.980633364224931799e-22
1.351589751655637903e-06 9.180540725946977488e-22
1.416882064192677008e-06 9.390129093329253215e-22
1.485328503987059295e-06 9.611433082092507097e-22
1.557081439952804489e-06 9.843427777249714631e-22
1.632300601609280310e-06 1.008662962318958818e-21
1.711153434655792902e-06 1.034565823104888687e-21
1.793815473723139762e-06 1.064195207608240518e-21
1.880470733132031329e-06 1.095255922166369391e-21
1.971312116528147900e-06 1.127817111169547101e-21
2.066541846305806423e-06 1.166841000408974216e-21
2.166371913776056450e-06 1.207963601713315702e-21
2.271024551081468643e-06 1.251039243691729830e-21
2.380732725908095072e-06 1.295934392896702251e-21
2.495740660095780995e-06 1.342998327496575593e-21
2.616304373301489019e-06 1.396284882432833001e-21
2.742692252925739534e-06 1.459528860326524067e-21
2.875185651570999898e-06 1.525828014959806141e-21
3.014079513361859868e-06 1.584855009653587417e-21
3.159683030521443714e-06 1.644371668583600157e-21
3.312320331665590218e-06 1.706763445715172272e-21
3.472331203346880732e-06 1.786567625865370607e-21
3.640071846454998395e-06 1.871138985686060810e-21
3.815915669157029902e-06 1.966423174732352622e-21
4.000254118143055665e-06 2.068626255883953841e-21
4.193497550027217250e-06 2.181412595217956667e-21
4.396076144844385972e-06 2.304506889098231386e-21
4.608440863675841976e-06 2.438450913210399374e-21
4.831064452535574286e-06 2.581124270601871118e-21
5.064442494752283358e-06 2.752706884299523178e-21
5.309094514189522694e-06 2.937584847327639624e-21
5.565565131760091321e-06 3.135815066172077936e-21
5.834425277808863624e-06 3.188740351823712217e-21
6.116273463063346395e-06 3.141819113608237169e-21
6.411737110981055686e-06 3.106820381844258304e-21
6.721473954459435863e-06 3.070130938730970299e-21
7.046173500017980379e-06 3.038202215643910927e-21
7.386558562711614363e-06 3.018764516387286753e-21
7.743386875192507913e-06 2.998387824856333847e-21
8.117452774501824454e-06 2.981431400986702939e-21
8.509588970346896656e-06 2.973174859268218211e-21
8.920668398800006438e-06 2.964519462274529599e-21
9.351606165544917244e-06 2.960207420014998412e-21
9.803361582997715661e-06 2.965842090314380165e-21
1.027694030583622037e-05 2.971748959077666034e-21
1.077339656969236452e-05 2.982634280982223076e-21
1.129383553799041766e-05 3.003687148585701642e-21
1.183941576215619869e-05 3.025757033675206545e-21
1.241135176067330205e-05 3.053471618832765149e-21
1.301091672272811260e-05 3.091359526960583115e-21
1.363944534246143958e-05 3.131077716159877374e-21
1.429833679013701416e-05 3.179037749688828070e-21
1.498905782684062291e-05 3.240496994752965967e-21
1.571314606964291293e-05 3.304925200059739000e-21
1.647221341449561357e-05 3.382608780234252572e-21
1.726794962447989742e-05 3.480005375711154461e-21
1.810212609139553788e-05 3.582106985371645267e-21
1.897659977906339943e-05 3.715048493847718328e-21
1.989331735712076397e-05 3.859629927128089269e-21
2.085431953451126431e-05 4.024685631741255468e-21
2.186174560231532779e-05 4.201044459907437866e-21
2.291783819603559767e-05 4.390016350352233203e-21
2.402494828793728227e-05 4.598831392393394666e-21
2.518554042055801533e-05 4.829896082973242600e-21
2.640219819303602424e-05 5.075153693396096663e-21
2.767763001247154658e-05 5.341490399730066925e-21
2.901467512312389283e-05 5.635708261477235236e-21
3.041630992686461678e-05 5.966886590856575364e-21
3.188565460895898869e-05 6.334681691378780200e-21
3.342598008392357728e-05 6.744017622287110738e-21
3.504071527692363832e-05 7.200196276115880071e-21
3.673345475691743462e-05 7.711730374390796984e-21
3.850796673854195017e-05 8.290357565073789132e-21
4.036820147055226766e-05 8.934998232700393933e-21
4.231830002948631909e-05 9.658295029563799494e-21
4.436260353813384409e-05 1.048505297954567342e-20
4.650566282932812941e-05 1.146589951451593936e-20
4.875224857657532230e-05 1.199974740367207493e-20
5.110736191407010739e-05 1.165623347769540569e-20
5.357624556974259044e-05 1.130063617986825600e-20
5.616439553611816065e-05 1.097110438327772507e-20
5.887757330496879810e-05 1.066607873851096967e-20
6.172181869299557251e-05 1.039088364242666774e-20
6.470346328709005411e-05 1.028234210680712038e-20
6.782914453910819815e-05 1.016245337183837528e-20
7.110582054152894682e-05 9.938300483041468143e-21
7.454078551689449219e-05 9.808346010219608360e-21
7.814168605551141482e-05 9.689408830853735675e-21
8.191653813755650883e-05 9.586433268296566657e-21
8.587374497748585128e-05 9.513837292821256068e-21
9.002211573046604940e-05 9.442791037347281743e-21
9.437088510247380912e-05 9.436714288963726773e-21
9.892973390771258452e-05 9.430662647169423479e-21
1.037088106191156320e-04 9.424628233004251241e-21
1.087187539599066043e-04 9.418592027025808780e-21
1.139707165865046337e-04 9.412554075475082739e-21
1.194763899155023033e-04 9.406514424233670703e-21
1.252480301499775709e-04 9.457858535324998712e-21
1.312984855630821895e-04 9.586400088036704649e-21
1.376412250996347114e-04 9.632218582676464577e-21
1.442903683593980675e-04 9.776126779903102263e-21
1.512607170287829858e-04 9.926986863956694232e-21
1.585677878309424123e-04 1.008513466511921585e-20
1.662278470676178911e-04 1.017019380376019198e-20
1.742579468296226897e-04 1.027369620272515309e-20
1.826759629565771162e-04 1.047439005278600906e-20
1.915006348303879575e-04 1.074619331825832354e-20
2.007516070910698145e-04 1.101182737465345056e-20
2.104494733677612797e-04 1.129286255450311888e-20
2.206158221222946809e-04 1.152463534794705011e-20
2.312732847073587286e-04 1.183146034132605293e-20
2.424455857462525139e-04 1.212924839022638882e-20
2.541575959463745777e-04 1.246611563278728866e-20
2.664353874640045449e-04 1.269842321424726091e-20
2.793062919436507308e-04 1.258931151926395860e-20
2.927989613611340757e-04 1.250913971040163180e-20
3.069434318058790359e-04 1.243684654616715302e-20
3.217711903443802243e-04 1.244439429640302707e-20
3.373152451136967873e-04 1.245932558075378452e-20
3.536101988010082321e-04 1.254258038567183470e-20
3.706923256728020884e-04 1.263382347581035518e-20
3.885996523251864865e-04 1.278746660462365035e-20
4.073720423350417515e-04 1.295140082799575698e-20
4.270512850005119205e-04 1.320597199968040017e-20
4.476811883683381381e-04 1.347310449795801391e-20
4.693076767551401253e-04 1.386275949065487447e-20
4.919788929797347648e-04 1.427123785452159009e-20
5.157453055340678431e-04 1.477268475433067993e-20
5.406598209313580230e-04 1.530069190708303737e-20
5.667779014814887124e-04 1.539108142267396038e-20
5.941576887559103749e-04 1.549912537335729111e-20
6.228601330168396588e-04 1.569694239657237490e-20
6.529491288988994741e-04 1.576874455703431231e-20
6.844916576452407444e-04 1.578462148755624730e-20
7.175579362147691898e-04 1.604596401347281295e-20
7.522215735924433653e-04 1.622821415811182424e-20
7.885597346505179199e-04 1.638574699552375520e-20
8.266533119256205342e-04 1.665185971980571700e-20
8.665871056939700038e-04 1.689608051507002921e-20
9.084500127456355927e-04 1.729934350191964675e-20
9.523352242780643365e-04 1.778857558579486333e-20
9.983404333493977201e-04 1.837815040993758940e-20
1.046568052353441134e-03 1.900967039230279225e-20
1.097125441000286429e-03 1.972225482203333909e-20
1.150125145310255904e-03 2.053507284574768181e-20
1.205685148153074404e-03 2.141098239344280442e-20
1.263929131890042514e-03 2.224435516358080658e-20
1.324986753703874054e-03 2.322671621385464859e-20
1.388993934229096252e-03 2.441594675169938461e-20
1.456093160125603416e-03 2.576538194996386811e-20
1.526433801268757941e-03 2.740692582527321575e-20
1.600172443262354522e-03 2.903220995740194411e-20
1.677473236014497080e-03 3.065534518428410694e-20
1.758508259152414578e-03 3.300139713408961685e-20
1.843457905089658771e-03 3.563747326210565823e-20
1.932511280598416935e-03 3.825941771711274238e-20
2.025866627780972904e-03 4.121575763744906803e-20
2.123731765377211058e-03 4.425667085449285061e-20
2.226324551390868305e-03 4.824896644496053695e-20
2.333873368064157908e-03 5.453174247093744799e-20
2.446617630280460524e-03 5.819954421982433642e-20
2.564808318526827328e-03 6.353843450287394994e-20
2.688708537602699060e-03 6.982624782529478228e-20
2.818594102318718389e-03 7.665404237268538225e-20
2.954754151489136747e-03 8.556817827189406033e-20
3.097491791585059179e-03 9.583772943314842910e-20
3.247124771481040614e-03 1.042530132714361520e-19
3.403986189797223415e-03 1.174593102065199063e-19
3.568425236411607374e-03 1.309748673888714988e-19
3.740807969793109172e-03 1.469573967919001876e-19
3.921518131886014835e-03 1.652270458352358589e-19
4.110958002359393557e-03 1.807463839806920213e-19
4.309549294123717761e-03 1.948762166550343625e-19
4.517734092107756998e-03 2.107351538645341101e-19
4.735975837385740517e-03 2.284075734973712994e-19
4.964760358845523962e-03 2.486408888152830905e-19
5.204596954694325900e-03 2.711904135386992687e-19
5.456019526209824298e-03 2.964368328772492040e-19
5.719587766259837634e-03 3.251050477490666691e-19
5.995888405237192326e-03 3.577644509906972729e-19
6.285536517182727621e-03 3.945922194473841424e-19
6.589176889004269046e-03 4.370605740489851495e-19
6.907485455839535923e-03 4.852819039728156333e-19
7.241170805758196174e-03 5.402595108160044240e-19
7.590975757153055337e-03 6.047186725863834934e-19
7.957679012330923229e-03 6.787327696433965067e-19
8.342096890985402011e-03 7.643190892278648938e-19
8.745085147409606754e-03 8.639778006149681902e-19
9.167540875494480795e-03 9.803360681050103367e-19
9.610404505753365745e-03 1.119007511386268251e-18
1.007466189881840724e-02 1.279718929492753197e-18
1.056134654006906856e-02 1.470143877844747920e-18
1.107154184027871191e-02 1.695510403613789139e-18
1.160638354739948822e-02 1.963218826371771044e-18
1.216706227485605737e-02 2.290656100424223824e-18
1.275482615197518106e-02 2.677950702037923421e-18
1.337098360245178065e-02 3.142895952563417246e-18
1.401690625703655435e-02 3.712540171734304746e-18
1.469403200692897052e-02 4.407531289603177479e-18
1.540386820467352751e-02 5.269165471350417293e-18
1.614799501968302783e-02 6.299686231427624155e-18
1.692806895586097815e-02 7.609919175295627324e-18
1.774582653915192029e-02 9.130721271852421885e-18
1.860308818322933475e-02 1.108781469367303158e-17
1.950176224192631466e-02 1.373135240299302882e-17
2.044384925743010506e-02 1.679324312397369126e-17
2.143144641369831155e-02 2.071714008121143159e-17
2.246675220500815931e-02 2.587829279645691129e-17
2.355207133003470177e-02 3.283730993166879893e-17
2.468981982235028683e-02 4.187604096982930715e-17
2.588253042876730373e-02 5.357431598990847369e-17
2.713285824749673766e-02 6.794836806837958020e-17
2.844358663867348896e-02 7.150287175028655510e-17
2.981763342040726766e-02 7.532112123786739763e-17
3.125805736414866143e-02 7.924346685683735160e-17
3.276806500383433463e-02 8.320550315810703404e-17
3.435101777396577100e-02 8.735893667302732387e-17
3.601043949251310494e-02 9.188430346352977491e-17
3.775002420530142178e-02 9.664659649286160171e-17
3.957364440934178773e-02 1.015994439678943431e-16
4.148535967341471231e-02 1.067433670946053497e-16
4.348942567509185564e-02 1.121370341562986189e-16
4.559030367431934905e-02 1.179674075061499304e-16
4.779267044464749481e-02 1.240794333015749176e-16
5.010142868421645079e-02 1.306090281315617881e-16
5.252171792967366692e-02 1.375531986389476649e-16
5.505892599731805614e-02 1.448318610559076411e-16
5.771870097694282303e-02 1.524540591373668453e-16
6.050696380506979943e-02 1.604444687554585812e-16
6.342992144557345335e-02 1.689459275613872650e-16
6.649408070702941820e-02 1.779240524239599224e-16
6.970626272754906760e-02 1.874093429220222850e-16
7.307361815934439175e-02 1.976343922348362808e-16
7.660364308682500456e-02 2.083533910723625798e-16
8.030419571366644027e-02 2.199246784229621838e-16
8.418351385598735193e-02 2.321620762586562009e-16
8.825023328058993755e-02 2.451101825373930125e-16
9.251340692907693286e-02 2.589529355939493611e-16
9.698252507064383798e-02 2.734644014443357920e-16
1.016675364284079647e-01 2.889242461901283108e-16
1.065788703263029769e-01 3.051709525637629495e-16
1.117274599058451084e-01 3.227657767280282003e-16
1.171247664644414765e-01 3.420255468520205028e-16
1.227828049694368318e-01 3.622157138873440161e-16
1.287141708046832811e-01 3.841531918431544816e-16
1.349320678091784631e-01 4.071788302100704104e-16
1.414503376701882198e-01 4.322413453033346227e-16
1.482834907362851062e-01 4.594017905223388285e-16
1.554467383189023777e-01 4.879404478272419022e-16
1.629560265542928377e-01 5.187995534034500030e-16
1.708280719012959803e-01 5.511493941405510348e-16
1.790803983539176747e-01 5.871805308462741144e-16
1.877313764515686767e-01 6.262930470038518601e-16
1.968002641738014480e-01 6.677478163600714901e-16
2.063072498105795183e-01 7.134868192138356818e-16
2.162734969035232380e-01 7.614353721665209331e-16
2.267211913581511085e-01 8.148959366775371014e-16
2.376735908320257440e-01 8.722128058645430518e-16
2.491550765087240105e-01 9.329968965969019197e-16
2.611912073728944739e-01 9.986439850625090076e-16
2.738087771072232890e-01 1.067462339226153058e-15
2.870358737379637981e-01 1.149335359374685642e-15
3.009019421618222556e-01 1.237326865935021354e-15
3.154378496933548659e-01 1.332267569932254101e-15
3.306759547788389320e-01 1.436449547795968960e-15
3.466501790295468122e-01 1.545664326663888658e-15
3.633960827347906264e-01 1.674537739592958031e-15
3.809509440228355248e-01 1.810858674015957006e-15
3.993538418458978390e-01 1.960537591188723595e-15
4.186457429739817160e-01 2.125133826929826703e-15
4.388695931911628101e-01 2.298293462448917989e-15
4.600704128973955864e-01 2.504094823141059088e-15
4.822953973286163154e-01 2.719837992541353274e-15
5.055940216182606139e-01 2.967489641339842079e-15
5.300181509340706754e-01 3.243294120479219135e-15
5.556221559353640149e-01 3.538293487406782196e-15
5.824630338078099490e-01 3.888883752370954101e-15
6.106005351450829455e-01 4.256410257880341818e-15
6.400972969599336704e-01 4.685156725085255736e-15
6.710189821207086514e-01 5.155763543644815198e-15
7.034344255237433563e-01 5.670003407208437811e-15
7.374157873270212882e-01 6.281230810527488767e-15
7.730387135862059056e-01 6.921985258276758160e-15
8.103825046506748508e-01 7.657920388558952611e-15
8.495302916943325844e-01 8.447991168490479973e-15
8.905692217742978700e-01 9.368567235537965672e-15
9.335906518293366485e-01 1.062510354120659350e-14
9.786903520499367071e-01 1.200236907874591192e-14
1.025968719072740232e+00 1.353375101035967806e-14
1.075530999473919502e+00 1.513911061720339804e-14
1.127487524059068491e+00 1.723875784352158916e-14
1.181953953471030827e+00 1.949932014250797013e-14
1.239051535662589743e+00 2.216957636489152047e-14
1.298907375807047515e+00 2.537911398571598515e-14
1.361654719247599399e+00 2.874369727271361618e-14
1.427433248115364872e+00 3.291427172155382521e-14
1.496389392276368469e+00 3.730015226914870121e-14
1.568676655299742206e+00 4.265386623565647950e-14
1.644455956172609756e+00 4.895168255648016164e-14
1.723895987522583439e+00 5.573680745668216604e-14
1.807173591145135871e+00 6.497016187292036058e-14
1.894474151671881490e+00 7.464955922605700323e-14
1.985992009256102531e+00 8.703946121609537191e-14
2.081930892194200577e+00 1.013643338057967320e-13
2.182504370446114894e+00 1.176965938727660641e-13
2.287936331064399198e+00 1.380467449919385752e-13
2.398461476590049379e+00 1.612608117270032022e-13
2.514325847524906177e+00 1.929723438696597228e-13
2.635787370043459088e+00 2.297772868472207621e-13
2.763116430163412129e+00 2.712970676907507357e-13
2.896596475653161473e+00 3.219128601714575204e-13
3.036524647016065614e+00 3.845446471447640772e-13
3.183212438956298573e+00 4.730951909500541361e-13
3.336986393798401895e+00 5.810831151859838511e-13
3.498188828404656281e+00 7.321282919397805153e-13
3.667178596208096497e+00 9.192240306968798134e-13
3.844331886057682279e+00 1.145270175521998552e-12
4.030043059653912074e+00 1.490731977492696032e-12
4.224725529439067984e+00 1.921754420698713417e-12
4.428812678896567157e+00 2.468633344038466178e-12
4.642758827307595482e+00 3.207943946982311859e-12
4.867040241113347321e+00 4.276348036580593724e-12
5.102156194133766753e+00 5.786270439089862535e-12
5.348630079003143578e+00 7.928408301987848265e-12
5.607010572296710293e+00 1.088535052625248813e-11
5.877872855941874697e+00 1.496450735696381235e-11
6.161819897633376009e+00 2.057342830982107153e-11
6.459483793101980176e+00 2.799675163643317568e-11
6.771527173225690532e+00 4.041511268972804589e-11
7.098644679115148293e+00 6.034185020795271830e-11
7.441564508457200411e+00 8.529002188913078213e-11
7.801050036558900835e+00 1.233315473500149332e-10
