# Union of inverse square law tests 
#  m [eV] 	 g_s_baryon [dimensionless]
8.615706952098159421e-09 2.738674030019057312e-19
8.795423321129527653e-09 2.676058342110375647e-19
8.978888421806216068e-09 2.612136543845570454e-19
9.166180449503587015e-09 2.546881390865955851e-19
9.357379230686591636e-09 2.475578142590756299e-19
9.552566256932765604e-09 2.401781909586883096e-19
9.751824719665159224e-09 2.322450213708836822e-19
9.955239545609507190e-09 2.240344742354469062e-19
1.016289743299142719e-08 2.164375351002412007e-19
1.037488688848826698e-08 2.101847726893787515e-19
1.059129826495183084e-08 2.039089753523017070e-19
1.081222379991817828e-08 1.983596532259870795e-19
1.103775765492036375e-08 1.926945769278248461e-19
1.126799595562157395e-08 1.869956892602602786e-19
1.150303683278503126e-08 1.812441089023660159e-19
1.174298046409888249e-08 1.753805602363485630e-19
1.198792911687312803e-08 1.706115182968666554e-19
1.223798719162756340e-08 1.657429981711034020e-19
1.249326126658856240e-08 1.608871007088614989e-19
1.275386014311427281e-08 1.566529410195604525e-19
1.301989489206733763e-08 1.523304603358831272e-19
1.329147890115466819e-08 1.479178163564955236e-19
1.356872792325506447e-08 1.447136559393653535e-19
1.385176012575448693e-08 1.415083817087796086e-19
1.414069614091086395e-08 1.382362481653509130e-19
1.443565911726900321e-08 1.348077716365714252e-19
1.473677477214844750e-08 1.312051591036575332e-19
1.504417144522570687e-08 1.275273991165604063e-19
1.535798015323465379e-08 1.241002732735023728e-19
1.567833464580742991e-08 1.214553977575853527e-19
1.600537146248064684e-08 1.187553523726250190e-19
1.633922999089018261e-08 1.161943205247079629e-19
1.668005252618038517e-08 1.138448693829397318e-19
1.702798433165197545e-08 1.114464106750181223e-19
1.738317370067555675e-08 1.089979221445110843e-19
1.774577201989603532e-08 1.066276528135288385e-19
1.811593383375599040e-08 1.042157442393281524e-19
1.849381691036441714e-08 1.017535252896932816e-19
1.887958230873979035e-08 9.933246252046005507e-20
1.927339444745576856e-08 9.745247922861193892e-20
1.967542117471842011e-08 9.553328107338376912e-20
2.008583383990575233e-08 9.357405006585124985e-20
2.050480736659890227e-08 9.158217486902185902e-20
2.093252032713730164e-08 8.990066606179767996e-20
2.136915501872837235e-08 8.818408240128435302e-20
2.181489754114546174e-08 8.643169225567087520e-20
2.226993787604580762e-08 8.464274873192540832e-20
2.273446996794371507e-08 8.319443906203796456e-20
2.320869180687203845e-08 8.175295263246639176e-20
2.369280551276865938e-08 8.028139801364788469e-20
2.418701742162243409e-08 7.877914800855468010e-20
2.469153817341683913e-08 7.728626922318742507e-20
2.520658280190733094e-08 7.580502098950578586e-20
2.573237082627184932e-08 7.429287516893195666e-20
2.626912634467310401e-08 7.274918726390334878e-20
2.681707812977197189e-08 7.120276366500027304e-20
2.737645972623399249e-08 7.009044352652698557e-20
2.794750955026893116e-08 6.895492132958103981e-20
2.853047099124751521e-08 6.779571309882203668e-20
2.912559251543690383e-08 6.661232476359332242e-20
2.973312777190095252e-08 6.541910329801535321e-20
3.035333570060847077e-08 6.420777582603588302e-20
3.098648064279753213e-08 6.297118108624152505e-20
3.163283245364089151e-08 6.170879202477005131e-20
3.229266661726249803e-08 6.049882288908407893e-20
3.296626436415215989e-08 5.955150880028785091e-20
3.365391279103039436e-08 5.858443453982864048e-20
3.435590498321260725e-08 5.759718792721772382e-20
3.507254013952628271e-08 5.658934818422964254e-20
3.580412369983383819e-08 5.564755515096835639e-20
3.655096747521523571e-08 5.470806902378447141e-20
3.731338978086600203e-08 5.374898600960435514e-20
3.809171557176773995e-08 5.276989733391955379e-20
3.888627658118870891e-08 5.179019445583536503e-20
3.969741146207261602e-08 5.108140786001187416e-20
4.052546593137780137e-08 5.035783657453629748e-20
4.137079291742599774e-08 4.961917220327178268e-20
4.223375271032593227e-08 4.886509991719827978e-20
4.311471311553331914e-08 4.809853531723123855e-20
4.401404961061531685e-08 4.734407540982506295e-20
4.493214550528359300e-08 4.657387810606918177e-20
4.586939210476699513e-08 4.578761513716950424e-20
4.682618887659049838e-08 4.498495138692252236e-20
4.780294362083459830e-08 4.416554474888348924e-20
4.880007264394458567e-08 4.350333792873503506e-20
4.981800093616694872e-08 4.291772721029779597e-20
5.085716235268539026e-08 4.231990114695984104e-20
5.191799979853626621e-08 4.170960493694532896e-20
5.300096541738114733e-08 4.108657846352843660e-20
5.410652078421604608e-08 4.047176276805007180e-20
5.523513710210189933e-08 3.989200024188599173e-20
5.638729540299699990e-08 3.930014435917190932e-20
5.756348675278042816e-08 3.869594286270573186e-20
5.876421246055019410e-08 3.807913823341349651e-20
5.998998429228910485e-08 3.744946758059063484e-20
6.124132468898556889e-08 3.692776209388097140e-20
6.251876698930620311e-08 3.646497067660675753e-20
6.382285565691113997e-08 3.599252582130436335e-20
6.515414651251307645e-08 3.551022616541103758e-20
6.651320697077472087e-08 3.501786614611123130e-20
6.790061628214989447e-08 3.451523591272252995e-20
6.931696577976711285e-08 3.405146951676224144e-20
7.076285913146445116e-08 3.359991619007832622e-20
7.223891259708145316e-08 3.313894384244268416e-20
7.374575529111732478e-08 3.266835600103480580e-20
7.528402945086798838e-08 3.218795209477718944e-20
7.685439071015683657e-08 3.169752736884908870e-20
7.845750837877546759e-08 3.127302080288951902e-20
8.009406572775167645e-08 3.087601475978744333e-20
8.176476028057039360e-08 3.047072750599112857e-20
8.347030411046653961e-08 3.005698630244099423e-20
8.521142414392189328e-08 2.963461480688645325e-20
8.698886247048987813e-08 2.924638335742429009e-20
8.880337665908584412e-08 2.886559996990079975e-20
9.065574008087206986e-08 2.847687376257466333e-20
9.254674223888067378e-08 2.808003905493431594e-20
9.447718910450960203e-08 2.767492671051276101e-20
9.644790346103928871e-08 2.726136406479919393e-20
9.845972525431473833e-08 2.687733910110625222e-20
1.005135119507417908e-07 2.655637748613975722e-20
1.026101389027507758e-07 2.622872088301257953e-20
1.047504997218842447e-07 2.589422963992720612e-20
1.069355066596670956e-07 2.556076938729644675e-20
1.091660909964204244e-07 2.535694511900252544e-20
1.114432034381857303e-07 2.514886924864948646e-20
1.137678145219294105e-07 2.493645309140988274e-20
1.161409150291998233e-07 2.471960611256560301e-20
1.185635164084105476e-07 2.449823588892089336e-20
1.210366512059356315e-07 2.427224806941011141e-20
1.235613735061932754e-07 2.404154633488418266e-20
1.261387593809131927e-07 2.380603235705785698e-20
1.287699073477713872e-07 2.356560575660100056e-20
1.314559388385956747e-07 2.332016406035536219e-20
1.341979986773334310e-07 2.306960265765925784e-20
1.369972555679935775e-07 2.281381475576087508e-20
1.398549025927625429e-07 2.255269133430189799e-20
1.427721577205133730e-07 2.228612109885141097e-20
1.457502643259215455e-07 2.200726769706564468e-20
1.487904917194078513e-07 2.171470959067668430e-20
1.518941356881357703e-07 2.141604896932252411e-20
1.550625190482942642e-07 2.111115853969603504e-20
1.582969922089016202e-07 2.079990835325912751e-20
1.615989337473661390e-07 2.048216575085711085e-20
1.649697509970577228e-07 2.017584239031118289e-20
1.684108806471301540e-07 1.986611382842641072e-20
1.719237893548607214e-07 1.954992459037925836e-20
1.755099743707571732e-07 1.922713991192259285e-20
1.791709641767095340e-07 1.889762221774081155e-20
1.829083191374473794e-07 1.856123106281356880e-20
1.867236321655919635e-07 1.821782307255589926e-20
1.906185294005751221e-07 1.786725188171021209e-20
1.945946709017235590e-07 1.780294243166001022e-20
1.986537513557999449e-07 1.745638007715435620e-20
2.027975007993013965e-07 1.710258872468703508e-20
2.070276853558239975e-07 1.674141758346719413e-20
2.113461079888102051e-07 1.639051405868116203e-20
2.157546092699976545e-07 1.609027861257951682e-20
2.202550681638957049e-07 1.578378050869155531e-20
2.248494028286252335e-07 1.548130557249856412e-20
2.295395714334651750e-07 1.518883819192653990e-20
2.343275729934528772e-07 1.489027018885319112e-20
2.392154482213888415e-07 1.458547430944660905e-20
2.442052803976206832e-07 1.430725855912147988e-20
2.492991962579621742e-07 1.404576253567477567e-20
2.544993669001418458e-07 1.377881192607378978e-20
2.598080087091505637e-07 1.350629295225908651e-20
2.652273843019001050e-07 1.326171681617415526e-20
2.707598034915774741e-07 1.304785553175580619e-20
2.764076242721238746e-07 1.282953328160058327e-20
2.821732538232404662e-07 1.260665701373157342e-20
2.880591495363635861e-07 1.238256156096706260e-20
2.940678200620401527e-07 1.220034734133849454e-20
3.002018263791485780e-07 1.201433228701118794e-20
3.064637828864218989e-07 1.182443711578404397e-20
3.128563585167423830e-07 1.163058089169622134e-20
3.193822778746794605e-07 1.146087063625519016e-20
3.260443223977498186e-07 1.130251260376390467e-20
3.328453315419097858e-07 1.114085135648540936e-20
3.397882039917656723e-07 1.097581799214961782e-20
3.468758988960387160e-07 1.080734217124322873e-20
3.541114371287900996e-07 1.066168267385445191e-20
3.614979025769648704e-07 1.052939205745675785e-20
3.690384434547817744e-07 1.039434197055153657e-20
3.767362736455517649e-07 1.025647485291499604e-20
3.845946740714744325e-07 1.011573194366574218e-20
3.926169940920150213e-07 9.972053256220025003e-21
4.008066529314494471e-07 9.862511857611012696e-21
4.091671411361836369e-07 9.752360046883564020e-21
4.177020220624713971e-07 9.639910562433433541e-21
4.264149333951678878e-07 9.525115476727701384e-21
4.353095886981630812e-07 9.407925862505576900e-21
4.443897789971527681e-07 9.288291771924939300e-21
4.536593743954246850e-07 9.195521583236626874e-21
4.631223257233517875e-07 9.101152305414889410e-21
4.727826662222939620e-07 9.004814564174814958e-21
4.826445132636152336e-07 8.906467299032345798e-21
4.927120701035718148e-07 8.806068593016374880e-21
5.029896276747910769e-07 8.703575654803223820e-21
5.134815664151342148e-07 8.594948363570376505e-21
5.241923581346918057e-07 8.477922605638691786e-21
5.351265679217394423e-07 8.358455789252298571e-21
5.462888560884340342e-07 8.236496995993898527e-21
5.576839801571111515e-07 8.111994245330980225e-21
5.693167968880005854e-07 7.984894472461067588e-21
5.811922643492474985e-07 7.860403243013336269e-21
5.933154440301126684e-07 7.823023215313921299e-21
6.056915029982475603e-07 7.784863471812909788e-21
6.183257161019673908e-07 7.745907748297340110e-21
6.312234682184671520e-07 7.706139441296502963e-21
6.443902565489342506e-07 7.665541601005310397e-21
6.578316929615289898e-07 7.624096924060057363e-21
6.715535063832384298e-07 7.581787746163495791e-21
6.855615452416269465e-07 7.537826011993962492e-21
6.998617799575219526e-07 7.492430758844672219e-21
7.144603054896799123e-07 7.446088599061650720e-21
7.293633439325544406e-07 7.398779780972398426e-21
7.445772471682273940e-07 7.350484140901223138e-21
7.601084995736810715e-07 7.301181094575176374e-21
7.759637207845197611e-07 7.250849628350778931e-21
7.921496685163543248e-07 7.216742778104186741e-21
8.086732414450379978e-07 7.188653223192407996e-21
8.255414821469749288e-07 7.159977743893398679e-21
8.427615801007607875e-07 7.130704118319392718e-21
8.603408747514409188e-07 7.100819869644373367e-21
8.782868586386884611e-07 7.070312260786264647e-21
8.966071805902247544e-07 7.039168288978217825e-21
9.153096489818525365e-07 7.019298191144631612e-21
9.344022350654977329e-07 7.001039438363508901e-21
9.538930763666716309e-07 6.982399823423178465e-21
9.737904801527938191e-07 6.963371401860728383e-21
9.941029269738606339e-07 6.943946063498458377e-21
1.014839074276977950e-06 6.924115528987216234e-21
1.036007760096290174e-06 6.903871346277615674e-21
1.057618006819863237e-06 6.892846436094603487e-21
1.079679025035155733e-06 6.881606933906028278e-21
1.102200217454704282e-06 6.870132985196201477e-21
1.125191182923687131e-06 6.858419699608732296e-21
1.148661720511079308e-06 6.846462084778531343e-21
1.172621833686156939e-06 6.834255044203990555e-21
1.197081734582119965e-06 6.824252509998805648e-21
1.222051848348640397e-06 6.828483157761709030e-21
1.247542817595201066e-06 6.832802053263168906e-21
1.273565506927127739e-06 6.837211037276467030e-21
1.300131007576241367e-06 6.841711988971858558e-21
1.327250642128089675e-06 6.846306826717506127e-21
1.354935969347784393e-06 6.850997508897106331e-21
1.383198789106513651e-06 6.848528320413354983e-21
1.412051147410816406e-06 6.829596796071940291e-21
1.441505341536755126e-06 6.810270376124881934e-21
1.471573925271165936e-06 6.790540823383435226e-21
1.502269714262290568e-06 6.770399728838046167e-21
1.533605791481965517e-06 6.749838508074325967e-21
1.565595512801760852e-06 6.728848397614257354e-21
1.598252512685446075e-06 6.657132623921430375e-21
1.631590710000193490e-06 6.521817652337214583e-21
1.665624313948987110e-06 6.383680124751034259e-21
1.700367830126775251e-06 6.269803905524130489e-21
1.735836066702964006e-06 6.185140753065408351e-21
1.772044140732870231e-06 6.098711598764327456e-21
1.809007484600815930e-06 6.010479605314250964e-21
1.846741852597615864e-06 5.920407167013460652e-21
1.885263327635283214e-06 5.843284399110304117e-21
1.924588328101797029e-06 5.766637571766331657e-21
1.964733614858841617e-06 5.688391956350215045e-21
2.005716298385508154e-06 5.608514203493330863e-21
2.047553846071028970e-06 5.526970268187394223e-21
2.090264089659632189e-06 5.448459226274913711e-21
2.133865232850655387e-06 5.385939698589873169e-21
2.178375859057226355e-06 5.322116066369762715e-21
2.223814939326781369e-06 5.256961127095598651e-21
2.270201840426781565e-06 5.190447110826828226e-21
2.317556333099087973e-06 5.122545668365409800e-21
2.365898600486535387e-06 5.053227859172979007e-21
2.415249246735278698e-06 4.982464139035976150e-21
2.465629305776556898e-06 4.910224347473499435e-21
2.517060250291636006e-06 4.836477694882512528e-21
2.569564000863774335e-06 4.761192749414864105e-21
2.623162935321090336e-06 4.684337423580591381e-21
2.677879898274294622e-06 4.634794509580924995e-21
2.733738210853367998e-06 4.587964786929533195e-21
2.790761680647362231e-06 4.540158235822345688e-21
2.848974611851537545e-06 4.491354480442929264e-21
2.908401815626141462e-06 4.441532719952530392e-21
2.969068620671231862e-06 4.390671719624497583e-21
3.031000884022188134e-06 4.340799070568221751e-21
3.094225002070299727e-06 4.294826314684356053e-21
3.158767921813268239e-06 4.247894605947549350e-21
3.224657152340404135e-06 4.199983941411355799e-21
3.291920776557395287e-06 4.151073900884753188e-21
3.360587463155620711e-06 4.101143638228785018e-21
3.430686478831130227e-06 4.050330749190377310e-21
3.502247700758530212e-06 4.009379095369134704e-21
3.575301629325065595e-06 3.967573224642476627e-21
3.649879401130294540e-06 3.924895318767340109e-21
3.726012802256924625e-06 3.881327187827170073e-21
3.803734281818498789e-06 3.836850262479117683e-21
3.883076965789671362e-06 3.791445586039522270e-21
3.964074671124946680e-06 3.750122913381427841e-21
4.046761920171917920e-06 3.714905270088483118e-21
4.131173955385185699e-06 3.678953016506027908e-21
4.217346754347208367e-06 3.642250829283967579e-21
4.305317045102397802e-06 3.604783065440077158e-21
4.395122321811146319e-06 3.566533755692738810e-21
4.486800860730377153e-06 3.527486597654603098e-21
4.580391736527399029e-06 3.494102229026478410e-21
4.675934838934057056e-06 3.466054166155670735e-21
4.773470889748303505e-06 3.437421044386561886e-21
4.873041460190417898e-06 3.408190659884749909e-21
4.974688988621215936e-06 3.378350554254157524e-21
5.078456798629854487e-06 3.347888009227092423e-21
5.184389117498959247e-06 3.316790041243544415e-21
5.292531095054933025e-06 3.292059350401406766e-21
5.402928822911421132e-06 3.271010623453613269e-21
5.515629354114167908e-06 3.249522837842285623e-21
5.630680723195706745e-06 3.227586835174593100e-21
5.748131966648366650e-06 3.205193266021361843e-21
5.868033143824293530e-06 3.182332585932221989e-21
5.990435358271363100e-06 3.158995051367644526e-21
6.115390779514361223e-06 3.141923670649284843e-21
6.242952665290280640e-06 3.126813506488507600e-21
6.373175384247493592e-06 3.111388157067421341e-21
6.506114439118449748e-06 3.095641047887745326e-21
6.641826490375737717e-06 3.079565467312716118e-21
6.780369380381544945e-06 3.063154563706495936e-21
6.921802158040842177e-06 3.046401342513915178e-21
7.066185103968877853e-06 3.037059452397598148e-21
7.213579756183641507e-06 3.028642476343733978e-21
7.364048936334194930e-06 3.020049929279500221e-21
7.517656776476103611e-06 3.011278148941931879e-21
7.674468746405434738e-06 3.002323396676352510e-21
7.834551681562928650e-06 2.993181855842906055e-21
7.997973811520162394e-06 2.983947065321675748e-21
8.164804789059909433e-06 2.980434390540343486e-21
8.335115719863147739e-06 2.976848444330352751e-21
8.508979192815351465e-06 2.973187698311595358e-21
8.686469310944774222e-06 2.969450592223246920e-21
8.867661723006240926e-06 2.965635533258760546e-21
9.052633655723731369e-06 2.961740895386988941e-21
9.241463946705460525e-06 2.958833634410606523e-21
9.434233078045507854e-06 2.961238011772861270e-21
9.631023210626452765e-06 2.963692542415830387e-21
9.831918219137519149e-06 2.966198272494583891e-21
1.003700372782309777e-05 2.968756269986102407e-21
1.024636714697694736e-05 2.971367625144463939e-21
1.046009771019771059e-05 2.974033450965525623e-21
1.067828651242156924e-05 2.978786876069348358e-21
1.090102654874811693e-05 2.987797186173743327e-21
1.112841275407612575e-05 2.996995443735591579e-21
1.136054204356616450e-05 3.006385569180088813e-21
1.159751335394722421e-05 3.015971564709190124e-21
1.183942768568491682e-05 3.025757516007404658e-21
1.208638814602910067e-05 3.035747593983162029e-21
1.233849999295991499e-05 3.048867945741838784e-21
1.259587068005002441e-05 3.065131799643248108e-21
1.285860990226280270e-05 3.081734903798394163e-21
1.312682964270588846e-05 3.098684334680990886e-21
1.340064422036001099e-05 3.115987316374020994e-21
1.368017033880326134e-05 3.133651223648734854e-21
1.396552713595173831e-05 3.151683585107878372e-21
1.425683623483782185e-05 3.175345097137512313e-21
1.455422179544767290e-05 3.201805985219454139e-21
1.485781056763987767e-05 3.228818825074348779e-21
1.516773194516794356e-05 3.256395129949925012e-21
1.548411802082977237e-05 3.284546653250532236e-21
1.580710364276750768e-05 3.313285393546612523e-21
1.613682647194163405e-05 3.342623599688652118e-21
1.647342704080390917e-05 3.382757325781289372e-21
1.681704881319432971e-05 3.424815975799524580e-21
1.716783824548750125e-05 3.467751933728729106e-21
1.752594484901419600e-05 3.511583499470831091e-21
1.789152125378522712e-05 3.556329354648248768e-21
1.826472327354459205e-05 3.602773865379657165e-21
1.864570997217935945e-05 3.662861731335168491e-21
1.903464373151484120e-05 3.724202979416185835e-21
1.943169032052405532e-05 3.786823754115067316e-21
1.983701896598084134e-05 3.850750745276206448e-21
2.025080242458659620e-05 3.919245966942839351e-21
2.067321705660148969e-05 3.993045460732097534e-21
2.110444290101173690e-05 4.068384349620774837e-21
2.154466375226480999e-05 4.145294744090272758e-21
2.199406723860509492e-05 4.224721427159278340e-21
2.245284490204357649e-05 4.306812791940479916e-21
2.292119227999577836e-05 4.390616513245558304e-21
2.339930898862263247e-05 4.476168309385122034e-21
2.388739880790956155e-05 4.571446381631469606e-21
2.438566976852025501e-05 4.670648178802412379e-21
2.489433424046230586e-05 4.771919241663097716e-21
2.541360902360242539e-05 4.875512455382304738e-21
2.594371544006925383e-05 4.982565116421598954e-21
2.648487942858407222e-05 5.091850805539029804e-21
2.703733164075913792e-05 5.203416101814002276e-21
2.760130753940449788e-05 5.324784966955576917e-21
2.817704749888540766e-05 5.450802701997348046e-21
2.876479690757332799e-05 5.579449060540485284e-21
2.936480627243396498e-05 5.718437263912614046e-21
2.997733132579673542e-05 5.863164708846407463e-21
3.060263313435129166e-05 6.010911046025178329e-21
3.124097821041789294e-05 6.170095055485002371e-21
3.189263862553880279e-05 6.336464718951216690e-21
3.255789212643882410e-05 6.506304713059071673e-21
3.323702225340469259e-05 6.690936990499830205e-21
3.393031846113399823e-05 6.885692617302600950e-21
3.463807624210502576e-05 7.084510681963600318e-21
3.536059725251931895e-05 7.296862384441855584e-21
3.609818944087198490e-05 7.519757613993059850e-21
3.685116717920373187e-05 7.747302249745294818e-21
3.761985139709049042e-05 7.997912012445830191e-21
3.840456971842789091e-05 8.256310187130827833e-21
3.920565660106925949e-05 8.527801201802050126e-21
4.002345347937638425e-05 8.814245595877509881e-21
4.085830890974341436e-05 9.107471331186020642e-21
4.171057871915628145e-05 9.429014662572302147e-21
4.258062615685126538e-05 9.757265116232356913e-21
4.346882204913701803e-05 1.011352092052248937e-20
4.437554495744576812e-05 1.049043254068319332e-20
4.530118133968124596e-05 1.088751852259270532e-20
4.624612571493259513e-05 1.134127216660294569e-20
4.721078083162408030e-05 1.180737323811442395e-20
4.819555783917188404e-05 1.207018150480766766e-20
4.920087646322150846e-05 1.194298572287301919e-20
5.022716518454086262e-05 1.179080224721331434e-20
5.127486142164501797e-05 1.163062533593229472e-20
5.234441171722946108e-05 1.147139039521384410e-20
5.343627192849309781e-05 1.132003903134198259e-20
5.455090742143113840e-05 1.116553060587155313e-20
5.568879326918033709e-05 1.102522915880340801e-20
5.685041445450156089e-05 1.089303364529966809e-20
5.803626607648637613e-05 1.075813578282571340e-20
5.924685356157539858e-05 1.062567156287274835e-20
6.048269287897785389e-05 1.049044425118871634e-20
6.174431076058458008e-05 1.039006629455248725e-20
6.303224492546867562e-05 1.034326356076262617e-20
6.434704430906916235e-05 1.029548456148181618e-20
6.568926929715460431e-05 1.024453049841137705e-20
6.705949196466706621e-05 1.019197419180541686e-20
6.845829631954862462e-05 1.012883314075454008e-20
6.988627855165411543e-05 1.002606647006980716e-20
7.134404728685472970e-05 9.921156173445196692e-21
7.283222384644319545e-05 9.854241183683026236e-21
7.435144251194980591e-05 9.813432118731994779e-21
7.590235079548182087e-05 9.771771811158928532e-21
7.748560971570179004e-05 9.713569833438871302e-21
7.910189407956311181e-05 9.654047719434730012e-21
8.075189276992259131e-05 9.606165141221297030e-21
8.243630903915145534e-05 9.577627108357013244e-21
8.415586080887101181e-05 9.548493796234258260e-21
8.591128097594116070e-05 9.513046755925063557e-21
8.770331772483167085e-05 9.475305088522247559e-21
8.953273484650765520e-05 9.443477018782141278e-21
9.140031206396926906e-05 9.440859173783820119e-21
9.330684536457906964e-05 9.438186722750219709e-21
9.525314733932433928e-05 9.435543130354578808e-21
9.724004752915316370e-05 9.432905620592013374e-21
9.926839277853782915e-05 9.430213094603798242e-21
1.013390475964101979e-04 9.427607268009659556e-21
1.034528945246289552e-04 9.424949945764817560e-21
1.056108345141296069e-04 9.422291953596219200e-21
1.078137873089239938e-04 9.419669374819315320e-21
1.100626918381061766e-04 9.416992091264511347e-21
1.123585066160389257e-04 9.414371672558965507e-21
1.147022101508839593e-04 9.411729393458563298e-21
1.170948013616576560e-04 9.409057125927419030e-21
1.195373000039825167e-04 9.406449393611611801e-21
1.220307471047218738e-04 9.403787266202538948e-21
1.245762054056808214e-04 9.440478201452135991e-21
1.271747598165597396e-04 9.507703684930200754e-21
1.298275178773599487e-04 9.576331435205904953e-21
1.325356102304305354e-04 9.593578278903665530e-21
1.353001911023660100e-04 9.609619256575249390e-21
1.381224387959514952e-04 9.642633547855026836e-21
1.410035561923739819e-04 9.704989913828741901e-21
1.439447712639048090e-04 9.768646980922057640e-21
1.469473375972806710e-04 9.833631880661591278e-21
1.500125349279975270e-04 9.899972310514664260e-21
1.531416696857539300e-04 9.967696545694395163e-21
1.563360755512670946e-04 1.003683345121093550e-20
1.595971140247086579e-04 1.010741249417419131e-20
1.629261750059925044e-04 1.015000131604067582e-20
1.663246773871718558e-04 1.017078600219842994e-20
1.697940696571886485e-04 1.019200423935188342e-20
1.733358305192404770e-04 1.025651049696378243e-20
1.769514695210256360e-04 1.032389603968155676e-20
1.806425276981307802e-04 1.041021189094542915e-20
1.844105782308446122e-04 1.052913702313614394e-20
1.882572271146662089e-04 1.065054283312412170e-20
1.921841138448057088e-04 1.076579321888604973e-20
1.961929121149567868e-04 1.088075219505665534e-20
2.002853305306512950e-04 1.099831511192697224e-20
2.044631133374876398e-04 1.111938338704992704e-20
2.087280411645555810e-04 1.124297704412134719e-20
2.130819317833618145e-04 1.135362792096462822e-20
2.175266408825929300e-04 1.145451580657891931e-20
2.220640628590320870e-04 1.155750812826358237e-20
2.266961316249810148e-04 1.169472332610675871e-20
2.314248214325164473e-04 1.183598732111485485e-20
2.362521477149476419e-04 1.197219229241142806e-20
2.411801679458188102e-04 1.209715933389981124e-20
2.462109825158341697e-04 1.222473308230959352e-20
2.513467356280753295e-04 1.237822994075836542e-20
2.565896162118867937e-04 1.254215633202496191e-20
2.619418588558322832e-04 1.272101303811423935e-20
2.674057447601031084e-04 1.268973295362040519e-20
2.729836027088017834e-04 1.263977914845125777e-20
2.786778100624978357e-04 1.259304588254598896e-20
2.844907937714962138e-04 1.255850583680576140e-20
2.904250314102327303e-04 1.252324531488858386e-20
2.964830522332555902e-04 1.248724928827000655e-20
3.026674382532237037e-04 1.245050241494327467e-20
3.089808253414015994e-04 1.243788363734302911e-20
3.154259043510989811e-04 1.244116436561287337e-20
3.220054222645553983e-04 1.244451352710307896e-20
3.287221833637366713e-04 1.244793254927281768e-20
3.355790504255641896e-04 1.245142288935684847e-20
3.425789459420657381e-04 1.248621908373772285e-20
3.497248533659838760e-04 1.252272922914574565e-20
3.570198183823674394e-04 1.256000094534558603e-20
3.644669502066795377e-04 1.259805011806062698e-20
3.720694229099945588e-04 1.264563883676900542e-20
3.798304767718249826e-04 1.271222792744499225e-20
3.877534196611800055e-04 1.278020601030234956e-20
3.958416284464188399e-04 1.284960205854463770e-20
4.040985504345253579e-04 1.292044564973199434e-20
4.125277048403917703e-04 1.301809460616133872e-20
4.211326842867634890e-04 1.312940883390999044e-20
4.299171563354581803e-04 1.324304498241844191e-20
4.388848650505383165e-04 1.335905148499235637e-20
4.480396325940765251e-04 1.347956276245589548e-20
4.573853608552211239e-04 1.364794930826078483e-20
4.669260331132282999e-04 1.381984825516913503e-20
4.766657157351985165e-04 1.399533286890095110e-20
4.866085599092120125e-04 1.417447794343721392e-20
4.967588034136256967e-04 1.437030851841032790e-20
5.071207724232763923e-04 1.458990716066563305e-20
5.176988833533492651e-04 1.481408644509570114e-20
5.284976447417237197e-04 1.504294192002690713e-20
5.395216591705666006e-04 1.527657112684291970e-20
5.507756252280252614e-04 1.543236844644965896e-20
5.622643395108221616e-04 1.538683979205731761e-20
5.739926986686400348e-04 1.539786154552167257e-20
5.859657014911331171e-04 1.542509734756418236e-20
5.981884510384898003e-04 1.553554991414041071e-20
6.106661568164185178e-04 1.563784612847211840e-20
6.234041369965210438e-04 1.569957882988194164e-20
6.364078206829612257e-04 1.575067560553154969e-20
6.496827502264348542e-04 1.576517651773222449e-20
6.632345835863862060e-04 1.577702321476171140e-20
6.770690967425192471e-04 1.578196831702032168e-20
6.911921861565914222e-04 1.582760176355267340e-20
7.056098712855715226e-04 1.595075093689947931e-20
7.203282971472200298e-04 1.606306567748178429e-20
7.353537369391713666e-04 1.615581894291339634e-20
7.506925947126690457e-04 1.622482189183574919e-20
7.663514081020500598e-04 1.625956329035132809e-20
7.823368511111869657e-04 1.633719849029246001e-20
7.986557369580294351e-04 1.646451205962040481e-20
8.153150209785042487e-04 1.658123184721180954e-20
8.323218035909639694e-04 1.668716958343567818e-20
8.496833333224962891e-04 1.679369434447691628e-20
8.674070098983345913e-04 1.690104667587090369e-20
8.855003873957362605e-04 1.705761802611652703e-20
9.039711774636224060e-04 1.725216850132238383e-20
9.228272526094032091e-04 1.745686621956115859e-20
9.420766495543360158e-04 1.766992245144264314e-20
9.617275726589023972e-04 1.790924385932635599e-20
9.817883974196071374e-04 1.816697547141505140e-20
1.002267674038736980e-03 1.842797181750093400e-20
1.023174131068581728e-03 1.869319343206022061e-20
1.044516679131650329e-03 1.898112043439523352e-20
1.066304414718519198e-03 1.928435093740585478e-20
1.088546624064864587e-03 1.959956858984376981e-20
1.111252787109403770e-03 1.992429093936894986e-20
1.134432581534358751e-03 2.028312134424020170e-20
1.158095886890236426e-03 2.066304685546868770e-20
1.182252788806612432e-03 2.104428040408397378e-20
1.206913583290785677e-03 2.143020664662775075e-20
1.232088781116059528e-03 2.179692367004747943e-20
1.257789112301599703e-03 2.215807350939043711e-20
1.284025530685697913e-03 2.256081887913790678e-20
1.310809218594469801e-03 2.298784415053515348e-20
1.338151591607896667e-03 2.346648432878131187e-20
1.366064303425326481e-03 2.397485202337414967e-20
1.394559250832422400e-03 2.452672508697441342e-20
1.423648578771747773e-03 2.510575186174260862e-20
1.453344685519116376e-03 2.570899762426572402e-20
1.483660227967890585e-03 2.633091401931380451e-20
1.514608127023548984e-03 2.709134322631268888e-20
1.546201573110731050e-03 2.793445302450043901e-20
1.578454031795204675e-03 2.863043486041900075e-20
1.611379249523051766e-03 2.923952786732694000e-20
1.644991259479620677e-03 2.993672136131424784e-20
1.679304387570638296e-03 3.069585716268229400e-20
1.714333258528137009e-03 3.164962806122940298e-20
1.750092802143691497e-03 3.274388147234394028e-20
1.786598259631731397e-03 3.387105762460954280e-20
1.823865190125529504e-03 3.502989314115509646e-20
1.861909477308750817e-03 3.618515642160344987e-20
1.900747336185268583e-03 3.733794931128529754e-20
1.940395319990254920e-03 3.845401564970424862e-20
1.980870327245373187e-03 3.945304068522428775e-20
2.022189608961172478e-03 4.104455392782084621e-20
2.064370775989723700e-03 4.272126628899646669e-20
2.107431806530577021e-03 4.383506347414483013e-20
2.151391053793356382e-03 4.542932457926560751e-20
2.196267253820117279e-03 4.730815172156285559e-20
2.242079533470942888e-03 4.874210855372498931e-20
2.288847418576043288e-03 5.090506086266415245e-20
2.336590842257970334e-03 5.475062544379419953e-20
2.385330153427356065e-03 5.536670176212679974e-20
2.435086125455936373e-03 5.713525212122045451e-20
2.485879965030416121e-03 5.995765172560693732e-20
2.537733321191089700e-03 6.133007176461987560e-20
2.590668294558923657e-03 6.610949792390251736e-20
2.644707446755190181e-03 6.851776079551300300e-20
2.699873810017500760e-03 7.015827627862062244e-20
2.756190897016510058e-03 7.412286490441724017e-20
2.813682710877302845e-03 7.650971874103248279e-20
2.872373755409877560e-03 7.842192097334430084e-20
2.932289045553026878e-03 8.475732876309458958e-20
2.993454118036012381e-03 8.696500448559336549e-20
3.055895042262720546e-03 9.128957910538115045e-20
3.119638431422755692e-03 9.683459659651576635e-20
3.184711453834403010e-03 9.976367115313640304e-20
3.251141844524089476e-03 1.045952031592836719e-19
3.318957917047491747e-03 1.103679053680091648e-19
3.388188575557114432e-03 1.161417804668653138e-19
3.458863327121692970e-03 1.220360937228896544e-19
3.531012294302463515e-03 1.279252603380701026e-19
3.604666227991873070e-03 1.339289463043653367e-19
3.679856520519979128e-03 1.410514190654354058e-19
3.756615219034355798e-03 1.484890627825993942e-19
3.834975039158973822e-03 1.560348729043606214e-19
3.914969378938115176e-03 1.644212381231175803e-19
3.996632333071029053e-03 1.729136883280829226e-19
4.079998707443590299e-03 1.786252965975671505e-19
4.165104033963074742e-03 1.844560441907578354e-19
4.251984585702297745e-03 1.905532549980783195e-19
4.340677392359765588e-03 1.972138568310822745e-19
4.431220256042178382e-03 2.040133931918783169e-19
4.523651767376288442e-03 2.112143455996585774e-19
4.618011321956684394e-03 2.188552377799713570e-19
4.714339137136815475e-03 2.266555125166369811e-19
4.812676269170115990e-03 2.351510679338067253e-19
4.913064630708821948e-03 2.440554906030835286e-19
5.015547008667650339e-03 2.531456520073629352e-19
5.120167082460256626e-03 2.631064832480491302e-19
5.226969442615926262e-03 2.733325183175058781e-19
5.335999609784759269e-03 2.839110777902812200e-19
5.447304054139123775e-03 2.955272516021025643e-19
5.560930215179967981e-03 3.073857289870506995e-19
5.676926521956128166e-03 3.201603783633519253e-19
5.795342413705484134e-03 3.338854218840407741e-19
5.916228360926692985e-03 3.478967582185476618e-19
6.039635886890330069e-03 3.631984532107961156e-19
6.165617589598923476e-03 3.788470077410481820e-19
6.294227164204847964e-03 3.957841416114193420e-19
6.425519425896053863e-03 4.137908741685856645e-19
6.559550333258954216e-03 4.326520723463975080e-19
6.696377012128855964e-03 4.530122064079738439e-19
6.836057779937683432e-03 4.738495581271355276e-19
6.978652170569780641e-03 4.966724817177077387e-19
7.124220959735972671e-03 5.199714722150541360e-19
7.272826190877133140e-03 5.459333755739596712e-19
7.424531201607839637e-03 5.731247589912238882e-19
7.579400650711868963e-03 6.024542920249371843e-19
7.737500545700545102e-03 6.333825889523185255e-19
7.898898270946183575e-03 6.663735220399326462e-19
8.063662616402133415e-03 7.010168983182965759e-19
8.231863806922068080e-03 7.386194330195175486e-19
8.403573532190827117e-03 7.786517059485910185e-19
8.578864977279457293e-03 8.216430391261602828e-19
8.757812853837832270e-03 8.672194313720332914e-19
8.940493431937658261e-03 9.168133298341868228e-19
9.126984572579982871e-03 9.689893320444252098e-19
9.317365760880489886e-03 1.026783458062422062e-18
9.511718139947307818e-03 1.087118502122393478e-18
9.710124545465178766e-03 1.152438986765661693e-18
9.912669541001332962e-03 1.220342870990490258e-18
1.011943945404750189e-02 1.296426811152499040e-18
1.033052241281404680e-02 1.375905432102120337e-18
1.054600838379127214e-02 1.463881776801124798e-18
1.076598921009455818e-02 1.556981846011408482e-18
1.099055865060900167e-02 1.658795012068235563e-18
1.121981241995092908e-02 1.768353967398016102e-18
1.145384822926263924e-02 1.884614697868441094e-18
1.169276582785832609e-02 2.007953199193058763e-18
1.193666704573867823e-02 2.142829314713879497e-18
1.218565583699209205e-02 2.302586150087167322e-18
1.243983832410152333e-02 2.465675378094162636e-18
1.269932284317518492e-02 2.638686865695488584e-18
1.296421999012108833e-02 2.826078905019504746e-18
1.323464266778435865e-02 3.035754633483283122e-18
1.351070613406820699e-02 3.260088917239954999e-18
1.379252805105822891e-02 3.502913531612847754e-18
1.408022853517184973e-02 3.772903011827049745e-18
1.437393020835337626e-02 4.064247197637713400e-18
1.467375825033741255e-02 4.385789274552867008e-18
1.497984045200195617e-02 4.743855954273120408e-18
1.529230726983489726e-02 5.125410408426371393e-18
1.561129188153614032e-02 5.536447237700377850e-18
1.593693024278003065e-02 5.987912620863203907e-18
1.626936114516134083e-02 6.491257772358292231e-18
1.660872627535026416e-02 7.050031701988359669e-18
1.695517027548135505e-02 7.656292494565734100e-18
1.730884080480176584e-02 8.261461416313439562e-18
1.766988860260595290e-02 8.975930499584291753e-18
1.803846755248257952e-02 9.761654869831462413e-18
1.841473474790212422e-02 1.062147914886352045e-17
1.879885055917200620e-02 1.160390185698505621e-17
1.919097870178893689e-02 1.274312576286569173e-17
1.959128630621644399e-02 1.400473220841848759e-17
1.999994398911849464e-02 1.525265095209084381e-17
2.041712592607838883e-02 1.669852120945494089e-17
2.084300992583511258e-02 1.826438910145669874e-17
2.127777750606759180e-02 2.005104124502381700e-17
2.172161397076036171e-02 2.211167546819477498e-17
2.217470848918237300e-02 2.437068812447907282e-17
2.263725417651390667e-02 2.689032234186424182e-17
2.310944817615463373e-02 2.986923253657741716e-17
2.359149174374901292e-02 3.312228597493634104e-17
2.408359033296437676e-02 3.677125393203618665e-17
2.458595368305780890e-02 4.093698513795391807e-17
2.509879590827032714e-02 4.563128488208576000e-17
2.562233558908494011e-02 5.075305049503276655e-17
2.615679586538909376e-02 5.657599649100842569e-17
2.670240453157958840e-02 6.317508890288334609e-17
2.725939413365211991e-02 6.825599729912181358e-17
2.782800206831520864e-02 6.979226371162330509e-17
2.840847068417239052e-02 7.140529030177826669e-17
2.900104738501412677e-02 7.305196326402365951e-17
2.960598473526518740e-02 7.473298443325932640e-17
3.022354056763066135e-02 7.644907028406763815e-17
3.085397809298830174e-02 7.818322272372740603e-17
3.149756601257218402e-02 7.987190206112518000e-17
3.215457863249739090e-02 8.159580582301463871e-17
3.282529598067267934e-02 8.335566876113526815e-17
3.351000392615239437e-02 8.515224095352704445e-17
3.420899430097811000e-02 8.698628812422485760e-17
3.492256502456096701e-02 8.890613461815491576e-17
3.565102023065965658e-02 9.090035606921821844e-17
3.639467039700586964e-02 9.293617529516182177e-17
3.715383247763479752e-02 9.501445999043099428e-17
3.792883003797477975e-02 9.713609594884343729e-17
3.871999339275594004e-02 9.930198744112835190e-17
3.952765974679436911e-02 1.014757113317654031e-16
4.035217333871406881e-02 1.036942606175661192e-16
4.119388558766562403e-02 1.059590869673821367e-16
4.205315524310657832e-02 1.082711556816773966e-16
4.293034853770476972e-02 1.106314521962672102e-16
4.382583934343248222e-02 1.130706520470757944e-16
4.474000933091513282e-02 1.156076638746129263e-16
4.567324813210536100e-02 1.181975956257700434e-16
4.662595350634891889e-02 1.208415511654502077e-16
4.759853150991551207e-02 1.235406573842460383e-16
4.859139666906589494e-02 1.262960646787366377e-16
4.960497215672809296e-02 1.291846203741606147e-16
5.063968997286030782e-02 1.321533799783023518e-16
5.169599112857456435e-02 1.351840653999709850e-16
5.277432583410254785e-02 1.382779683594098175e-16
5.387515369068064663e-02 1.414364075210540741e-16
5.499894388643923604e-02 1.446599684958359421e-16
5.614617539637629939e-02 1.479476247378182834e-16
5.731733718650413451e-02 1.513038587118103400e-16
5.851292842225253726e-02 1.547301008913711696e-16
5.973345868122098556e-02 1.582278115885312355e-16
6.097944817036673321e-02 1.617984815761949591e-16
6.225142794772523663e-02 1.654928884499724586e-16
6.354994014875345321e-02 1.692975877758377637e-16
6.487553821739650006e-02 1.731816499156781742e-16
6.622878714197220906e-02 1.771467303107519840e-16
6.761026369597794572e-02 1.811945189334251653e-16
6.902055668391861298e-02 1.853271813408559559e-16
7.046026719226369806e-02 1.896988941707535656e-16
7.193000884563913178e-02 1.941617972373443788e-16
7.343040806836158285e-02 1.987177926919333151e-16
7.496210435143040030e-02 2.033688223630964975e-16
7.652575052508639453e-02 2.081168685843120576e-16
7.812201303705831879e-02 2.130409332429814811e-16
7.975157223661097361e-02 2.181814150210009505e-16
8.141512266452073654e-02 2.234291229065654250e-16
8.311337334909722763e-02 2.287862935456996125e-16
8.484704810838232525e-02 2.342552102389770384e-16
8.661688585865015555e-02 2.398382039146902410e-16
8.842364092934482112e-02 2.456732464559091772e-16
9.026808338458471026e-02 2.516622498463705420e-16
9.215099935137596732e-02 2.577761787884367226e-16
9.407319135466922499e-02 2.640176391235837973e-16
9.603547865940847972e-02 2.703892910489425489e-16
9.803869761971178987e-02 2.769200371854411367e-16
1.000837020353376183e-01 2.836849175548452673e-16
1.021713635155867550e-01 2.905909076142244843e-16
1.043025718507929051e-01 2.976409507925099956e-16
1.064782353915653679e-01 3.048380519160769193e-16
1.086992814359389325e-01 3.121852784894372832e-16
1.109666566246029773e-01 3.200509232826620615e-16
1.132813273443711022e-01 3.283106034567419879e-16
1.156442801400704157e-01 3.367425735820129628e-16
1.180565221350187849e-01 3.453504274813157337e-16
1.205190814602767335e-01 3.541378339416032376e-16
1.230330076928492083e-01 3.631151451817214639e-16
1.255993723030318643e-01 3.726187093914529406e-16
1.282192691110846106e-01 3.823205099226049799e-16
1.308938147534350338e-01 3.922246818173872068e-16
1.336241491586022401e-01 4.023354463714926924e-16
1.364114360330524189e-01 4.126571129332809759e-16
1.392568633571847903e-01 4.235227144836605425e-16
1.421616438916661895e-01 4.350686482300381945e-16
1.451270156943272882e-01 4.468554204011116745e-16
1.481542426478381913e-01 4.588880546829734699e-16
1.512446149983950328e-01 4.711716795515684839e-16
1.543994499056384195e-01 4.837115304585131202e-16
1.576200920040476960e-01 4.968717537941986002e-16
1.609079139760402899e-01 5.103829205212033478e-16
1.642643171370306021e-01 5.241759187727790637e-16
1.676907320326875561e-01 5.382566273164525872e-16
1.711886190486555936e-01 5.526310475458810155e-16
1.747594690329887235e-01 5.676448880584979386e-16
1.784048039315733747e-01 5.841260556803867208e-16
1.821261774368000685e-01 6.009510065366468579e-16
1.859251756497716235e-01 6.181269116551449705e-16
1.898034177563185654e-01 6.356610916453247839e-16
1.937625567171215590e-01 6.535610198183656913e-16
1.978042799722235512e-01 6.725782308809054900e-16
2.019303101602414052e-01 6.924289505258784282e-16
2.061424058525795078e-01 7.126937394140492730e-16
2.104423623029546275e-01 7.333812346800485400e-16
2.148320122125612075e-01 7.545002536218468706e-16
2.193132265111907286e-01 7.761280527003326146e-16
2.238879151546514790e-01 8.000686358733603834e-16
2.285580279388146341e-01 8.245085993879259954e-16
2.333255553306480823e-01 8.494583598961148103e-16
2.381925293165773616e-01 8.749285513325655984e-16
2.431610242685502132e-01 9.009300294468203846e-16
2.482331578281590789e-01 9.279685965672550327e-16
2.534110918092130071e-01 9.562099221194052066e-16
2.586970331191290606e-01 9.850403378661338805e-16
2.640932346995507052e-01 1.014472131731280001e-15
2.696019964865790097e-01 1.044517847954383540e-15
2.752256663910412349e-01 1.075190292437235042e-15
2.809666412991996820e-01 1.110821132441200839e-15
2.868273680943391191e-01 1.148012221110251601e-15
2.928103446996646042e-01 1.185979084472327748e-15
2.989181211429467466e-01 1.224737904532194085e-15
3.051533006433836404e-01 1.264305200837580072e-15
3.115185407211246149e-01 1.305471497960357745e-15
3.180165543299466324e-01 1.349898013341020455e-15
3.246501110135484036e-01 1.395251228303886258e-15
3.314220380859730919e-01 1.441550473019432798e-15
3.383352218366439401e-01 1.488815480869147645e-15
3.453926087605461159e-01 1.537066396856205295e-15
3.525972068140582061e-01 1.590679893491103803e-15
3.599520866969910249e-01 1.647793651427380929e-15
3.674603831613564853e-01 1.706098754108211760e-15
3.751252963474484003e-01 1.765620051978608571e-15
3.829500931477808345e-01 1.826382913842850878e-15
3.909381085994890759e-01 1.888735543056533099e-15
3.990927473057635511e-01 1.958309963222286243e-15
4.074174848869412391e-01 2.029335647020741315e-15
4.159158694618657059e-01 2.101842866585356533e-15
4.245915231601392059e-01 2.175862525500694906e-15
4.334481436659310960e-01 2.251426171974016620e-15
4.424895057939753351e-01 2.333432808453848029e-15
4.517194630984562864e-01 2.423030182456991123e-15
4.611419495154396309e-01 2.514496481995791248e-15
4.707609810395779193e-01 2.607870691278193875e-15
4.805806574357759375e-01 2.703192607689752578e-15
4.906051639865751657e-01 2.800502858755905932e-15
5.008387732759712607e-01 2.913791973133731804e-15
5.112858470104569841e-01 3.031763414105646659e-15
5.219508378780340907e-01 3.152195639681617534e-15
5.328382914460185749e-01 3.275139979749795616e-15
5.439528480984168191e-01 3.400648834896394126e-15
5.552992450137299585e-01 3.534075688491504300e-15
5.668823181839977021e-01 3.685371510899473298e-15
5.787070044759685672e-01 3.839823236357977854e-15
5.907783437352644995e-01 3.997496694338781303e-15
6.031014809344250605e-01 4.158459087460755646e-15
6.156816683657758693e-01 4.322779020132701181e-15
6.285242678800183613e-01 4.509023168066020196e-15
6.416347531715358432e-01 4.708555753070138679e-15
6.550187121113468791e-01 4.912250419245259717e-15
6.686818491287449540e-01 5.120193984088797174e-15
6.826299876425941937e-01 5.332475076037737374e-15
6.968690725433627220e-01 5.551911505026814613e-15
7.114051727269060654e-01 5.813374327529581934e-15
7.262444836811268178e-01 6.080291043642983180e-15
7.413933301265653864e-01 6.352775416980583505e-15
7.568581687120963242e-01 6.630943584168942700e-15
7.726455907668290379e-01 6.914914104346428971e-15
7.887623251094367793e-01 7.221587369444583103e-15
8.052152409160614477e-01 7.553635973085733705e-15
8.220113506480564158e-01 7.892610830105721682e-15
8.391578130408005043e-01 8.238656416299248686e-15
8.566619361548380995e-01 8.591920221103909224e-15
8.745311804906887865e-01 8.952552810462488820e-15
8.927731621686124663e-01 9.432938204086501564e-15
9.113956561746932028e-01 9.976849454614451033e-15
9.304065996746678779e-01 1.053210623436752974e-14
9.498140953968422506e-01 1.109894520150141086e-14
9.696264150855938846e-01 1.170878133089104509e-14
9.898520030268884717e-01 1.236390336407431175e-14
1.010499479647376075e+00 1.303269068946526023e-14
1.031577645188520576e+00 1.371542835351579212e-14
1.053095483457392900e+00 1.441240734850613954e-14
1.075062165655678026e+00 1.512392473656927525e-14
1.097487054288593500e+00 1.599362516918987022e-14
1.120379707155307436e+00 1.694375662728229732e-14
1.143749881422591042e+00 1.791370702498103607e-14
1.167607537783485139e+00 1.890388976862467982e-14
1.191962844702669999e+00 1.991472688785870949e-14
1.216826182750412988e+00 2.097782788829217049e-14
1.242208149026894803e+00 2.233883753176652027e-14
1.268119561678868079e+00 2.372823668671123000e-14
1.294571464510483771e+00 2.514661753435395726e-14
1.321575131690323701e+00 2.659458460832283113e-14
1.349142072556586136e+00 2.807275505230589874e-14
1.377284036522558708e+00 2.972458566415831587e-14
1.406013018084358634e+00 3.155186128864671825e-14
1.435341261933166912e+00 3.341725233909861952e-14
1.465281268174060569e+00 3.532155387110141462e-14
1.495845797653767573e+00 3.726557752443159617e-14
1.527047877399492881e+00 3.925015186898538866e-14
1.558900806171230835e+00 4.184142139277336944e-14
1.591418160129856263e+00 4.454385226917058632e-14
1.624613798623510963e+00 4.730265357081144575e-14
1.658501870094631681e+00 5.011900113714901753e-14
1.693096818110192414e+00 5.299409533465240764e-14
1.728413387517793609e+00 5.623767147511308076e-14
1.764466630730094465e+00 6.023505321946309011e-14
1.801271914140373909e+00 6.431581697027269153e-14
1.838844924671872549e+00 6.848170200575931423e-14
1.877201676463820412e+00 7.273448388401719865e-14
1.916358517696856723e+00 7.707597519978174768e-14
1.956332137560867102e+00 8.261087220140696346e-14
1.997139573368116094e+00 8.870393166540376565e-14
2.038798217814834057e+00 9.492408720279881254e-14
2.081325826394194500e+00 1.012739899303206687e-13
2.124740524963969257e+00 1.077563462647547846e-13
2.169060817471983871e+00 1.151017608354420643e-13
2.214305593842812669e+00 1.238347677064141058e-13
2.260494138028898981e+00 1.327499377236396474e-13
2.307646136229617007e+00 1.418510706564664104e-13
2.355781685281857829e+00 1.511420455342262272e-13
2.404921301225544372e+00 1.630288352782603743e-13
2.455085928047871846e+00 1.767586571645330136e-13
2.506296946609885445e+00 1.907748715372890142e-13
2.558576183759361911e+00 2.050834523018735970e-13
2.611945921633674228e+00 2.220030072598740651e-13
2.666428907156768613e+00 2.397689564979271438e-13
2.722048361734178190e+00 2.579054884295630742e-13
2.778827991150370824e+00 2.764203330967290205e-13
2.836791995672444333e+00 2.953213817835145187e-13
2.895965080364635291e+00 3.216302479224604201e-13
2.956372465617916223e+00 3.486685665680005876e-13
3.018039897899347235e+00 3.762708817002722879e-13
3.080993660725528827e+00 4.044489578095607547e-13
3.145260585865029324e+00 4.469696410827221463e-13
3.210868064774404562e+00 4.921329551847974940e-13
3.277844060272893767e+00 5.382383378680087228e-13
3.346217118460526940e+00 5.897322180457629640e-13
3.416016380884823178e+00 6.551334755138274340e-13
3.487271596961408537e+00 7.218989479659427631e-13
3.560013136653575661e+00 7.900570917742771950e-13
3.634272003416409547e+00 8.772354881967290463e-13
3.710079847410836074e+00 9.739656753526871812e-13
3.787468978993445479e+00 1.072713572501341849e-12
3.866472382487558423e+00 1.180234859412453943e-12
3.947123730241633321e+00 1.333330826738306533e-12
4.029457396980824058e+00 1.489620246617020329e-12
4.113508474458061670e+00 1.649169731771256240e-12
4.199312786410586362e+00 1.857344759587903952e-12
4.286906903828550774e+00 2.079355717313652454e-12
4.376328160542017898e+00 2.305997636077085282e-12
4.467614669133260996e+00 2.602717191821502958e-12
4.560805337180824814e+00 2.924746120571466667e-12
4.655939883842420635e+00 3.253492300745973750e-12
4.753058856783894726e+00 3.701100997870483111e-12
4.852203649461130475e+00 4.201469972388811591e-12
4.953416518762554510e+00 4.712276221036495869e-12
5.056740603019530766e+00 5.452919146486846472e-12
5.162219940392635209e+00 6.227139465843477923e-12
5.269899487641251490e+00 7.131947733297472573e-12
5.379825139284812430e+00 8.243986211698488370e-12
5.492043747163587675e+00 9.379220873380870888e-12
5.606603140407726116e+00 1.087977856626393825e-11
5.723552145822605297e+00 1.247915062449230028e-11
5.842940608699542793e+00 1.429996808830209358e-11
5.964819414060452907e+00 1.661854930118648003e-11
6.089240508345896252e+00 1.898549415958487991e-11
6.216256921555278758e+00 2.193101193236498734e-11
6.345922789849022472e+00 2.516469824576568486e-11
6.478293378622047349e+00 2.846583652405518467e-11
6.613425106058804737e+00 3.387574814560156389e-11
6.751375567179418447e+00 3.944402934848563539e-11
6.892203558387394402e+00 4.758212370558342403e-11
7.035969102529633368e+00 5.612040762241765301e-11
7.182733474478888880e+00 6.635771861491000698e-11
7.332559227250031064e+00 7.707653089834967558e-11
7.485510218660888171e+00 8.994045069064089740e-11
7.641651638549516790e+00 1.064636688339633491e-10
7.801050036558900835e+00 1.233315473500149332e-10
