# Witte and Mummery 2024 Superradiance stellar mass
# Most sophisticated treatment to date
# Data direct from author
# https://arxiv.org/pdf/2406.10337
# mass [eV]     fa^-1 [GeV^-1]
9.999999999999999988e-15 9.999999999999999452e-21
1.006408685245838678e-14 9.999999999999999452e-21
1.012858441738261729e-14 9.999999999999999452e-21
1.019349532689952946e-14 9.999999999999999452e-21
1.025882223000459680e-14 9.999999999999999452e-21
1.032456779266971046e-14 9.999999999999999452e-21
1.039073469795229603e-14 9.999999999999999452e-21
1.045732564610448717e-14 9.999999999999999452e-21
1.052434335468364975e-14 9.999999999999999452e-21
1.059179055866295175e-14 9.999999999999999452e-21
1.065967001054331209e-14 9.999999999999999452e-21
1.072798448046539048e-14 9.999999999999999452e-21
1.079673675632297830e-14 9.999999999999999452e-21
1.086592964387643045e-14 9.999999999999999452e-21
1.093556596686750775e-14 9.999999999999999452e-21
1.100564856713426666e-14 9.999999999999999452e-21
1.107618030472739097e-14 9.999999999999999452e-21
1.114716405802654566e-14 9.999999999999999452e-21
1.121860272385821063e-14 9.999999999999999452e-21
1.129049921761352546e-14 9.999999999999999452e-21
1.136285647336759835e-14 9.999999999999999452e-21
1.143567744399909895e-14 9.999999999999999452e-21
1.150896510131062596e-14 9.999999999999999452e-21
1.158272243615031476e-14 9.999999999999999452e-21
1.165695245853351603e-14 9.999999999999999452e-21
1.173165819776601113e-14 9.999999999999999452e-21
1.180684270256725738e-14 9.999999999999999452e-21
1.188250904119518586e-14 9.999999999999999452e-21
1.195866030157103867e-14 9.999999999999999452e-21
1.203529959140576337e-14 9.999999999999999452e-21
1.211243003832645316e-14 9.999999999999999452e-21
1.219005479000437904e-14 9.999999999999999452e-21
1.226817701428304558e-14 9.999999999999999452e-21
1.234679989930786863e-14 9.999999999999999452e-21
1.242592665365588609e-14 9.999999999999999452e-21
1.250556050646709544e-14 9.999999999999999452e-21
1.258570470757583371e-14 9.999999999999999452e-21
1.266636252764380947e-14 9.999999999999999452e-21
1.274753725829316469e-14 9.999999999999999452e-21
1.282923221224116646e-14 9.999999999999999452e-21
1.291145072343524732e-14 9.999999999999999452e-21
1.299419614718890078e-14 9.999999999999999452e-21
1.307747186031897624e-14 9.999999999999999452e-21
1.316128126128307331e-14 9.999999999999999452e-21
1.324562777031864640e-14 9.999999999999999452e-21
1.333051482958215819e-14 9.999999999999999452e-21
1.341594590328998913e-14 9.999999999999999452e-21
1.350192447785937376e-14 9.999999999999999452e-21
1.358845406205111508e-14 9.999999999999999452e-21
1.367553818711233845e-14 9.999999999999999452e-21
1.376318040692104557e-14 9.999999999999999452e-21
1.385138429813069694e-14 9.999999999999999452e-21
1.394015346031662598e-14 9.999999999999999452e-21
1.402949151612248324e-14 9.999999999999999452e-21
1.411940211140853427e-14 9.999999999999999452e-21
1.420988891539998132e-14 9.999999999999999452e-21
1.430095562083717190e-14 9.999999999999999452e-21
1.439260594412582470e-14 9.999999999999999452e-21
1.448484362548917250e-14 9.999999999999999452e-21
1.457767242912012391e-14 9.999999999999999452e-21
1.467109614333529800e-14 9.999999999999999452e-21
1.476511858072942956e-14 9.999999999999999452e-21
1.485974357833080946e-14 9.999999999999999452e-21
1.495497499775826478e-14 9.999999999999999452e-21
1.505081672537828729e-14 9.999999999999999452e-21
1.514727267246410251e-14 9.999999999999999452e-21
1.524434677535481769e-14 9.999999999999999452e-21
1.534204299561654506e-14 9.999999999999999452e-21
1.544036532020357555e-14 9.999999999999999452e-21
1.553931776162158785e-14 9.999999999999999452e-21
1.563890435809089209e-14 9.999999999999999452e-21
1.573912917371173411e-14 9.999999999999999452e-21
1.583999629862965010e-14 9.999999999999999452e-21
1.594150984920288189e-14 9.999999999999999452e-21
1.604367396816986155e-14 9.999999999999999452e-21
1.614649282481878493e-14 9.999999999999999452e-21
1.624997061515723886e-14 9.999999999999999452e-21
1.635411156208397717e-14 9.999999999999999452e-21
1.645891991556070305e-14 9.999999999999999452e-21
1.656439995278600027e-14 9.999999999999999452e-21
1.667055597836965879e-14 9.999999999999999452e-21
1.677739232450816163e-14 9.999999999999999452e-21
1.688491335116195451e-14 9.999999999999999452e-21
1.699312344623281021e-14 9.999999999999999452e-21
1.710202702574346796e-14 9.999999999999999452e-21
1.721162853401728546e-14 9.999999999999999452e-21
1.732193244386016914e-14 9.999999999999999452e-21
1.743294325674254861e-14 9.999999999999999452e-21
1.754466550298365140e-14 9.999999999999999452e-21
1.765710374193579665e-14 9.999999999999999452e-21
1.777026256217105535e-14 9.999999999999999452e-21
1.788414658166792011e-14 9.999999999999999452e-21
1.799876044800034779e-14 9.999999999999999452e-21
1.811410883852683049e-14 9.999999999999999452e-21
1.823019646058188997e-14 9.999999999999999452e-21
1.834702805166755947e-14 9.999999999999999452e-21
1.846460837964734563e-14 9.999999999999999452e-21
1.858294224294018100e-14 9.999999999999999452e-21
1.870203447071678416e-14 9.999999999999999452e-21
1.882188992309651203e-14 9.999999999999999452e-21
1.894251349134545866e-14 9.999999999999999452e-21
1.906391009807662396e-14 9.999999999999999452e-21
1.918608469745016125e-14 9.999999999999999452e-21
1.930904227537619975e-14 9.999999999999999452e-21
1.943278784971767967e-14 9.999999999999999452e-21
1.955732647049575891e-14 9.999999999999999452e-21
1.968266322009527353e-14 9.999999999999999452e-21
1.980880321347279187e-14 9.999999999999999452e-21
1.993575159836469714e-14 9.999999999999999452e-21
2.006351355549792373e-14 9.999999999999999452e-21
2.019209429880072822e-14 9.999999999999999452e-21
2.032149907561611727e-14 9.999999999999999452e-21
2.045173316691534495e-14 9.999999999999999452e-21
2.058280188751406692e-14 9.999999999999999452e-21
2.071471058628859877e-14 9.999999999999999452e-21
2.084746464639485014e-14 9.999999999999999452e-21
2.098106948548734412e-14 9.999999999999999452e-21
2.111553055594099123e-14 9.999999999999999452e-21
2.125085334507290452e-14 9.999999999999999452e-21
2.138704337536695671e-14 9.999999999999999452e-21
2.152410620469887059e-14 9.999999999999999452e-21
2.166204742656278937e-14 9.999999999999999452e-21
2.180087267030014728e-14 9.999999999999999452e-21
2.194058760132871063e-14 9.999999999999999452e-21
2.208119792137446503e-14 9.999999999999999452e-21
2.222270936870362254e-14 9.999999999999999452e-21
2.236512771835748454e-14 9.999999999999999452e-21
2.250845878238742121e-14 9.999999999999999452e-21
2.265270841009276682e-14 9.999999999999999452e-21
2.279788248825881589e-14 9.999999999999999452e-21
2.294398694139777601e-14 9.999999999999999452e-21
2.309102773198982792e-14 9.999999999999999452e-21
2.323901086072718023e-14 9.999999999999999452e-21
2.338794236675820602e-14 9.999999999999999452e-21
2.353782832793467185e-14 9.999999999999999452e-21
2.368867486105898890e-14 9.999999999999999452e-21
2.384048812213452797e-14 9.999999999999999452e-21
2.399327430661654352e-14 9.999999999999999452e-21
2.414703964966471644e-14 9.999999999999999452e-21
2.430179042639830322e-14 9.999999999999999452e-21
2.445753295215142713e-14 9.999999999999999452e-21
2.461427358273159424e-14 9.999999999999999452e-21
2.477201871467828201e-14 9.999999999999999452e-21
2.493077478552478119e-14 9.999999999999999452e-21
2.509054827406010078e-14 9.999999999999999452e-21
2.525134570059417673e-14 9.999999999999999452e-21
2.541317362722314697e-14 9.999999999999999452e-21
2.557603865809797432e-14 9.999999999999999452e-21
2.573994743969312617e-14 9.999999999999999452e-21
2.590490666107865579e-14 9.999999999999999452e-21
2.607092305419234041e-14 9.999999999999999452e-21
2.623800339411524610e-14 9.999999999999999452e-21
2.640615449934737471e-14 9.999999999999999452e-21
2.657538323208678810e-14 9.999999999999999452e-21
2.674569649850877339e-14 9.999999999999999452e-21
2.691710124904855493e-14 9.999999999999999452e-21
2.708960447868407886e-14 9.999999999999999452e-21
2.726321322722222761e-14 9.999999999999999452e-21
2.743793457958579171e-14 9.999999999999999452e-21
2.761377566610227180e-14 9.999999999999999452e-21
2.779074366279563407e-14 9.999999999999999452e-21
2.796884579167827717e-14 9.999999999999999452e-21
2.814808932104665625e-14 9.999999999999999452e-21
2.832848156577699849e-14 9.999999999999999452e-21
2.851002988762472320e-14 9.999999999999999452e-21
2.869274169552396278e-14 9.999999999999999452e-21
2.887662444589084822e-14 9.999999999999999452e-21
2.906168564292685451e-14 9.999999999999999452e-21
2.924793283892599569e-14 9.999999999999999452e-21
2.943537363458210196e-14 9.999999999999999452e-21
2.962401567929992115e-14 9.999999999999999452e-21
2.981386667150634651e-14 9.999999999999999452e-21
3.000493435896555075e-14 9.999999999999999452e-21
3.019722653909420866e-14 9.999999999999999452e-21
3.039075105928067645e-14 9.999999999999999452e-21
3.058551581720424700e-14 9.999999999999999452e-21
3.078152876115845653e-14 9.999999999999999452e-21
3.097879789037444821e-14 9.999999999999999452e-21
3.117733125534831155e-14 9.999999999999999452e-21
3.137713695816921698e-14 9.999999999999999452e-21
3.157822315284969615e-14 9.999999999999999452e-21
3.178059804565929218e-14 9.999999999999999452e-21
3.198426989545843723e-14 9.999999999999999452e-21
3.218924701403652033e-14 9.999999999999999452e-21
3.239553776645003111e-14 9.999999999999999452e-21
3.260315057136502003e-14 9.999999999999999452e-21
3.281209390139958396e-14 9.999999999999999452e-21
3.302237628347069360e-14 9.999999999999999452e-21
3.323400629914110295e-14 9.999999999999999452e-21
3.344699258497065745e-14 9.999999999999999452e-21
3.366134383286763375e-14 9.999999999999999452e-21
3.387706879044457271e-14 9.999999999999999452e-21
3.409417626137415669e-14 9.999999999999999452e-21
3.431267510574959275e-14 9.999999999999999452e-21
3.453257424044506526e-14 9.999999999999999452e-21
3.475388263948063778e-14 9.999999999999999452e-21
3.497660933438802568e-14 9.999999999999999452e-21
3.520076341457877970e-14 9.999999999999999452e-21
3.542635402771619910e-14 9.999999999999999452e-21
3.565339038008747840e-14 9.999999999999999452e-21
3.588188173698061880e-14 9.999999999999999452e-21
3.611183742306133327e-14 9.999999999999999452e-21
3.634326682275477956e-14 9.999999999999999452e-21
3.657617938062734990e-14 9.999999999999999452e-21
3.681058460177327594e-14 9.999999999999999452e-21
3.704649205220135366e-14 9.999999999999999452e-21
3.728391135922653389e-14 9.999999999999999452e-21
3.752285221186156335e-14 9.999999999999999452e-21
3.776332436121366178e-14 9.999999999999999452e-21
3.800533762088119277e-14 9.999999999999999452e-21
3.824890186735540852e-14 9.999999999999999452e-21
3.849402704042225772e-14 9.999999999999999452e-21
3.874072314356928632e-14 9.999999999999999452e-21
3.898900024439260141e-14 9.999999999999999452e-21
3.923886847500900369e-14 9.999999999999999452e-21
3.949033803246819572e-14 9.999999999999999452e-21
3.974341917917005776e-14 9.999999999999999452e-21
3.999812224328295234e-14 9.999999999999999452e-21
4.025445761916472980e-14 9.999999999999999452e-21
4.051243576778807586e-14 9.999999999999999452e-21
4.077206721716608622e-14 9.999999999999999452e-21
4.103336256278324975e-14 9.999999999999999452e-21
4.129633246802650727e-14 9.999999999999999452e-21
4.156098766462176933e-14 9.999999999999999452e-21
4.182733895307050970e-14 9.999999999999999452e-21
4.209539720309191878e-14 9.999999999999999452e-21
4.236517335406509478e-14 9.999999999999999452e-21
4.263667841547686437e-14 9.999999999999999452e-21
4.290992346736969781e-14 9.999999999999999452e-21
4.318491966079527248e-14 9.999999999999999452e-21
4.346167821826814360e-14 9.999999999999999452e-21
4.374021043422512635e-14 9.999999999999999452e-21
4.402052767548482312e-14 9.999999999999999452e-21
4.430264138171273589e-14 9.999999999999999452e-21
4.458656306588758401e-14 9.999999999999999452e-21
4.487230431477077741e-14 9.999999999999999452e-21
4.515987678937963217e-14 9.999999999999999452e-21
4.544929222546362163e-14 9.999999999999999452e-21
4.574056243398294989e-14 9.999999999999999452e-21
4.603369930158997784e-14 9.999999999999999452e-21
4.632871479111564113e-14 9.999999999999999452e-21
4.662562094205613316e-14 9.999999999999999452e-21
4.692442987106574750e-14 9.999999999999999452e-21
4.722515377244984022e-14 9.999999999999999452e-21
4.752780491866399584e-14 9.999999999999999452e-21
4.783239566081333213e-14 9.999999999999999452e-21
4.813893842915810310e-14 9.999999999999999452e-21
4.844744573361938412e-14 9.999999999999999452e-21
4.875793016429120041e-14 9.999999999999999452e-21
4.907040439195273128e-14 9.999999999999999452e-21
4.938488116858697667e-14 9.999999999999999452e-21
4.970137332789959419e-14 9.999999999999999452e-21
5.001989378584422993e-14 9.999999999999999452e-21
5.034045554114798822e-14 9.999999999999999452e-21
5.066307167584334475e-14 9.999999999999999452e-21
5.098775535580139757e-14 9.999999999999999452e-21
5.131451983126855133e-14 9.999999999999999452e-21
5.164337843740871077e-14 9.999999999999999452e-21
5.197434459484579618e-14 9.999999999999999452e-21
5.230743181021313140e-14 9.999999999999999452e-21
5.264265367670295794e-14 9.999999999999999452e-21
5.298002387462285969e-14 9.999999999999999452e-21
5.331955617195233261e-14 9.999999999999999452e-21
5.366126442490641012e-14 9.999999999999999452e-21
5.400516257849935784e-14 9.999999999999999452e-21
5.435126466711552489e-14 9.999999999999999452e-21
5.469958481508034666e-14 9.999999999999999452e-21
5.505013723723847890e-14 9.999999999999999452e-21
5.540293623953215896e-14 9.999999999999999452e-21
5.575799621958681824e-14 9.999999999999999452e-21
5.611533166729681463e-14 9.999999999999999452e-21
5.647495716541859273e-14 9.999999999999999452e-21
5.683688739016398305e-14 9.999999999999999452e-21
5.720113711180095423e-14 9.999999999999999452e-21
5.756772119525454841e-14 9.999999999999999452e-21
5.793665460071513081e-14 9.999999999999999452e-21
5.830795238424822339e-14 9.999999999999999452e-21
5.868162969840821972e-14 9.999999999999999452e-21
5.905770179285842965e-14 9.999999999999999452e-21
5.943618401499145214e-14 9.999999999999999452e-21
5.981709181055752503e-14 9.999999999999999452e-21
6.020044072429282441e-14 9.999999999999999452e-21
6.058624640055584184e-14 9.999999999999999452e-21
6.097452458396382469e-14 9.999999999999999452e-21
6.136529112003735756e-14 9.999999999999999452e-21
6.175856195584493106e-14 9.999999999999999452e-21
6.215435314065582833e-14 9.999999999999999452e-21
6.255268082659298634e-14 9.999999999999999452e-21
6.295356126929428850e-14 9.999999999999999452e-21
6.335701082857381942e-14 9.999999999999999452e-21
6.376304596909160157e-14 9.999999999999999452e-21
6.417168326102345799e-14 9.999999999999999452e-21
6.458293938073900363e-14 9.999999999999999452e-21
6.499683111148151718e-14 9.999999999999999452e-21
6.541337534405192763e-14 9.999999999999999452e-21
6.583258907750013418e-14 9.999999999999999452e-21
6.625448941981646483e-14 9.999999999999999452e-21
6.667909358863209656e-14 9.999999999999999452e-21
6.710641891191946280e-14 9.999999999999999452e-21
6.753648282870162247e-14 9.999999999999999452e-21
6.796930288976175508e-14 9.999999999999999452e-21
6.840489675836159219e-14 9.999999999999999452e-21
6.884328221096002550e-14 9.999999999999999452e-21
6.928447713794080265e-14 9.999999999999999452e-21
6.972849954434036183e-14 9.999999999999999452e-21
7.017536755058494341e-14 9.999999999999999452e-21
7.062509939322767633e-14 9.999999999999999452e-21
7.107771342569523180e-14 9.999999999999999452e-21
7.153322811903443911e-14 9.999999999999999452e-21
7.199166206266840567e-14 9.999999999999999452e-21
7.245303396515282636e-14 9.999999999999999452e-21
7.291736265494184751e-14 9.999999999999999452e-21
7.338466708115404462e-14 9.999999999999999452e-21
7.385496631434782837e-14 9.999999999999999452e-21
7.432827954729880714e-14 9.999999999999999452e-21
7.480462609578214767e-14 9.999999999999999452e-21
7.528402539936297584e-14 9.999999999999999452e-21
7.576649702218721920e-14 9.999999999999999452e-21
7.625206065378249640e-14 9.999999999999999452e-21
7.674073610985919600e-14 9.999999999999999452e-21
7.723254333312156430e-14 9.999999999999999452e-21
7.772750239407913399e-14 9.999999999999999452e-21
7.822563349186827544e-14 9.999999999999999452e-21
7.872695695507400046e-14 9.999999999999999452e-21
7.923149324256209062e-14 9.999999999999999452e-21
7.973926294431146543e-14 9.999999999999999452e-21
8.025028678225705181e-14 9.999999999999999452e-21
8.076458561113281764e-14 9.999999999999999452e-21
8.128218041932549601e-14 9.999999999999999452e-21
8.180309232972842296e-14 9.999999999999999452e-21
8.232734260060626790e-14 9.999999999999999452e-21
8.285495262645989025e-14 9.999999999999999452e-21
8.338594393890208857e-14 9.999999999999999452e-21
8.392033820753365276e-14 9.999999999999999452e-21
8.445815724083006889e-14 9.999999999999999452e-21
8.499942298703044559e-14 9.999999999999999452e-21
8.554415753503223374e-14 9.999999999999999452e-21
8.609238311529504654e-14 9.999999999999999452e-21
8.664412210074512320e-14 9.999999999999999452e-21
8.719939700769117753e-14 9.999999999999999452e-21
8.775823049674039801e-14 9.999999999999999452e-21
8.832064537372612293e-14 9.999999999999999452e-21
8.888666459063567969e-14 9.999999999999999452e-21
8.945631124654986131e-14 9.999999999999999452e-21
9.002960858858278166e-14 9.999999999999999452e-21
9.060658001283343097e-14 9.999999999999999452e-21
9.118724906533757229e-14 9.999999999999999452e-21
9.177163944303160323e-14 9.999999999999999452e-21
9.235977499471658186e-14 9.999999999999999452e-21
9.295167972203458411e-14 9.999999999999999452e-21
9.354737778044511158e-14 9.999999999999999452e-21
9.414689348021354058e-14 9.999999999999999452e-21
9.475025128740212079e-14 9.999999999999999452e-21
9.535747582486720896e-14 9.999999999999999452e-21
9.596859187326684002e-14 9.999999999999999452e-21
9.658362437206896697e-14 9.999999999999999452e-21
9.720259842057225953e-14 9.999999999999999452e-21
9.782553927892736983e-14 9.999999999999999452e-21
9.845247236917084499e-14 9.999999999999999452e-21
9.908342327625949422e-14 9.999999999999999452e-21
9.971841774911765529e-14 9.999999999999999452e-21
1.003574817016848018e-13 9.999999999999999452e-21
1.010006412139763276e-13 9.999999999999999452e-21
1.016479225331445837e-13 9.999999999999999452e-21
1.022993520745533194e-13 9.999999999999999452e-21
1.029549564228523632e-13 9.999999999999999452e-21
1.036147623330658849e-13 9.999999999999999452e-21
1.042787967316808848e-13 9.999999999999999452e-21
1.049470867177494534e-13 9.999999999999999452e-21
1.056196595639912452e-13 9.999999999999999452e-21
1.062965427179099380e-13 9.999999999999999452e-21
1.069777638029098689e-13 9.999999999999999452e-21
1.076633506194263892e-13 9.999999999999999452e-21
1.083533311460591113e-13 9.999999999999999452e-21
1.090477335407123233e-13 9.999999999999999452e-21
1.097465861417472814e-13 9.999999999999999452e-21
1.104499174691350704e-13 9.999999999999999452e-21
1.111577562256240669e-13 9.999999999999999452e-21
1.118701312979077570e-13 9.999999999999999452e-21
1.125870717578071560e-13 9.999999999999999452e-21
1.133086068634535956e-13 9.999999999999999452e-21
1.140347660604864034e-13 9.999999999999999452e-21
1.147655789832509247e-13 9.999999999999999452e-21
1.155010754560114867e-13 9.999999999999999452e-21
1.162412854941649197e-13 9.999999999999999452e-21
1.169862393054691731e-13 9.999999999999999452e-21
1.177359672912722975e-13 9.999999999999999452e-21
1.184905000477569009e-13 9.999999999999999452e-21
1.192498683671850097e-13 9.999999999999999452e-21
1.200141032391579991e-13 9.999999999999999452e-21
1.207832358518798306e-13 9.999999999999999452e-21
1.215572975934289233e-13 9.999999999999999452e-21
1.223363200530399709e-13 9.999999999999999452e-21
1.231203350223940884e-13 9.999999999999999452e-21
1.239093744969153216e-13 9.999999999999999452e-21
1.247034706770748040e-13 9.999999999999999452e-21
1.255026559697083691e-13 9.999999999999999452e-21
1.263069629893349961e-13 9.999999999999999452e-21
1.271164245594919661e-13 9.999999999999999452e-21
1.279310737140701449e-13 9.999999999999999452e-21
1.287509436986663306e-13 9.999999999999999452e-21
1.295760679719357775e-13 9.999999999999999452e-21
1.304064802069618608e-13 9.999999999999999752e-20
1.312422142926259681e-13 9.999999999999999752e-20
1.320833043349948594e-13 9.999999999999999752e-20
1.329297846587081541e-13 9.999999999999999752e-20
1.337816898083834875e-13 9.999999999999999752e-20
1.346390545500218192e-13 9.999999999999999752e-20
1.355019138724307907e-13 9.999999999999999752e-20
1.363703029886479314e-13 9.999999999999999752e-20
1.372442573373818379e-13 9.999999999999999752e-20
1.381238125844565600e-13 9.999999999999999752e-20
1.390090046242661330e-13 9.999999999999999752e-20
1.398998695812403706e-13 9.999999999999999752e-20
1.407964438113204253e-13 9.999999999999999752e-20
1.416987639034411658e-13 9.999999999999999752e-20
1.426068666810227425e-13 9.999999999999999752e-20
1.435207892034772738e-13 9.999999999999999752e-20
1.444405687677167190e-13 9.999999999999999752e-20
1.453662429096795327e-13 9.999999999999999752e-20
1.462978494058577982e-13 9.999999999999999752e-20
1.472354262748436476e-13 9.999999999999999752e-20
1.481790117788760095e-13 9.999999999999999752e-20
1.491286444254068706e-13 9.999999999999999752e-20
1.500843629686678898e-13 9.999999999999999752e-20
1.510462064112569053e-13 9.999999999999999752e-20
1.520142140057246428e-13 9.999999999999999752e-20
1.529884252561808871e-13 9.999999999999999752e-20
1.539688799199048939e-13 9.999999999999999752e-20
1.549556180089665307e-13 9.999999999999999752e-20
1.559486797918604181e-13 9.999999999999999752e-20
1.569481057951505216e-13 9.999999999999999752e-20
1.579539368051228718e-13 9.999999999999999752e-20
1.589662138694480042e-13 9.999999999999999752e-20
1.599849782988606388e-13 9.999999999999999752e-20
1.610102716688403461e-13 9.999999999999999752e-20
1.620421358213135925e-13 9.999999999999999752e-20
1.630806128663558376e-13 9.999999999999999752e-20
1.641257451839154412e-13 9.999999999999999752e-20
1.651775754255378989e-13 9.999999999999999752e-20
1.662361465161116098e-13 9.999999999999999752e-20
1.673015016556145032e-13 9.999999999999999752e-20
1.683736843208821727e-13 9.999999999999999752e-20
1.694527382673769183e-13 9.999999999999999752e-20
1.705387075309787262e-13 9.999999999999999752e-20
1.716316364297769041e-13 9.999999999999999752e-20
1.727315695658842596e-13 9.999999999999999752e-20
1.738385518272517075e-13 9.999999999999999752e-20
1.749526283895049900e-13 9.999999999999999752e-20
1.760738447177862195e-13 9.999999999999999752e-20
1.772022465686079156e-13 9.999999999999999752e-20
1.783378799917216088e-13 9.999999999999999752e-20
1.794807913319987120e-13 9.999999999999999752e-20
1.806310272313202777e-13 9.999999999999999752e-20
1.817886346304783422e-13 9.999999999999999752e-20
1.829536607710965810e-13 1.004794388339398148e-16
1.841261531975524788e-13 1.438988344720816841e-15
1.853061597589234305e-13 1.570130801887187792e-15
1.864937286109334733e-13 1.941772261268370385e-15
1.876889082179245802e-13 2.359133593840027253e-15
1.888917473548283585e-13 2.700856975005462490e-15
1.901022951091627133e-13 3.008443160866943792e-15
1.913206008830288644e-13 3.480584676890400827e-15
1.925467143951337085e-13 3.878645697594920883e-15
1.937806856828125337e-13 4.261884907943036952e-15
1.950225651040772565e-13 4.687342308686192923e-15
1.962724033396653895e-13 5.242514275379843708e-15
1.975302513951144053e-13 5.393598073296589249e-15
1.987961606028370840e-13 5.993069758070683890e-15
2.000701826242218526e-13 6.644562474123558560e-15
2.013523694517387782e-13 6.910448878306017753e-15
2.026427734110587895e-13 7.162329348463328822e-15
2.039414471631949100e-13 7.523811628288939377e-15
2.052484437066446784e-13 7.936879773687698077e-15
2.065638163795596545e-13 8.345384242962115861e-15
2.078876188619154562e-13 8.592424320605152666e-15
2.092199051777092097e-13 9.043618409614583374e-15
2.105607296971573545e-13 9.358945644162799621e-15
2.119101471389214173e-13 9.423652423164347848e-15
2.132682125723341396e-13 9.383998809013574851e-15
2.146349814196537269e-13 9.529342533753308567e-15
2.160105094583187029e-13 9.785991845094361915e-15
2.173948528232312144e-13 1.008765811562911249e-14
2.187880680090407390e-13 1.028130587266645692e-14
2.201902118724567225e-13 1.066427043292841098e-14
2.216013416345618473e-13 1.102501503408224902e-14
2.230215148831533209e-13 1.135658661270753079e-14
2.244507895750904757e-13 1.170865635541613625e-14
2.258892240386581457e-13 1.216985639694019705e-14
2.273368769759486223e-13 1.250303068987503086e-14
2.287938074652594384e-13 1.276370379339653176e-14
2.302600749635022339e-13 1.305144992052649318e-14
2.317357393086265655e-13 1.377853523901422927e-14
2.332208607220682028e-13 1.427270206583120755e-14
2.347154998111995198e-13 1.456386692847055282e-14
2.362197175718101780e-13 1.872664527885968654e-14
2.377335753905888203e-13 2.222049218713459873e-14
2.392571350476359647e-13 2.444466769997669083e-14
2.407904587189773536e-13 2.596254591387009929e-14
2.423336089791094119e-13 2.725486493476351172e-14
2.438866488035446551e-13 2.833556124553740898e-14
2.454496415713899644e-13 2.908639865049528683e-14
2.470226510679249126e-13 2.975696032278565305e-14
2.486057414872129058e-13 3.044776440931101752e-14
2.501989774347128311e-13 3.115538574751096316e-14
2.518024239299236205e-13 3.214400018892339109e-14
2.534161464090297252e-13 3.320303222187609411e-14
2.550402107275785468e-13 3.426852079723588504e-14
2.566746831631650383e-13 3.530976309288584244e-14
2.583196304181341778e-13 3.619050006028078702e-14
2.599751196223054034e-13 3.719184223985217386e-14
2.616412183357140125e-13 3.835335911022330270e-14
2.633179945513664441e-13 3.966349397937360382e-14
2.650055166980116173e-13 4.110592935264715557e-14
2.667038536429410968e-13 4.265969538221492520e-14
2.684130746947909247e-13 4.435831352088157467e-14
2.701332496063787436e-13 4.624838171987869175e-14
2.718644485775415746e-13 4.836939149027943404e-14
2.736067422580096952e-13 5.063223830425458447e-14
2.753602017502805662e-13 5.282213571479148243e-14
2.771248986125298677e-13 5.471850251617173764e-14
2.789009048615225342e-13 5.627729489403231669e-14
2.806882929755607980e-13 5.769752625480919120e-14
2.824871358974329378e-13 5.908705270791834069e-14
2.842975070373991872e-13 6.044588170285822970e-14
2.861194802761785008e-13 6.117002370727792824e-14
2.879531299679726302e-13 6.183443733921140366e-14
2.897985309434914627e-13 6.244098407640345974e-14
2.916557585130147099e-13 6.302760275968515610e-14
2.935248884694621802e-13 6.377934056971102863e-14
2.954059970914828819e-13 6.466001994187762018e-14
2.972991611465765396e-13 6.572158883905131675e-14
2.992044578942168273e-13 6.693487664047600906e-14
3.011219650890138798e-13 6.815551835595666727e-14
3.030517609838778146e-13 6.935951000015119036e-14
3.049939243332218351e-13 7.028040929675215572e-14
3.069485343961665965e-13 7.105587972752605418e-14
3.089156709397844053e-13 7.205969874275404444e-14
3.108954142423445306e-13 7.324872250134106662e-14
3.128878450965996611e-13 7.430092616757284388e-14
3.148930448130724640e-13 7.501400038798846274e-14
3.169110952233845528e-13 7.515820190414547397e-14
3.189420786835852026e-13 7.535212139397434469e-14
3.209860780775231310e-13 7.568305035140091025e-14
3.230431768202181777e-13 7.621539753579084760e-14
3.251134588612747881e-13 7.698855993546240821e-14
3.271970086883039274e-13 7.759573715067606433e-14
3.292939113303685729e-13 7.806279533988166056e-14
3.314042523614560146e-13 7.848891553721547703e-14
3.335281179039730769e-13 7.896024603398703579e-14
3.356655946322580009e-13 7.968842733191945945e-14
3.378167697761134313e-13 8.040374162929585658e-14
3.399817311243758532e-13 8.114695448681826297e-14
3.421605670284873534e-13 8.192692743783290000e-14
3.443533664061120101e-13 8.269873759114061605e-14
3.465602187447537489e-13 8.377024987143866773e-14
3.487812141054192821e-13 8.493040621273930231e-14
3.510164431262824119e-13 8.623347729702111377e-14
3.532659970263940244e-13 8.804156443801513638e-14
3.555299676093935981e-13 8.981522036111004563e-14
3.578084472672668575e-13 9.157136373376020369e-14
3.601015289841050425e-13 9.339072034004185364e-14
3.624093063399109289e-13 9.544336560542388714e-14
3.647318735144061106e-13 9.829765761641634724e-14
3.670693252908864979e-13 1.012550134306177466e-13
3.694217570600781678e-13 1.044002869888088350e-13
3.717892648240408758e-13 1.079489499490044684e-13
3.741719452000814616e-13 1.111797144848979808e-13
3.765698954246935095e-13 1.146661924335966863e-13
3.789832133575287639e-13 1.185023598863993385e-13
3.814119974853936882e-13 1.227346719788121705e-13
3.838563469262657641e-13 1.262926101020540464e-13
3.863163614333336710e-13 1.280663165754659882e-13
3.887921413990791676e-13 1.291196852041523646e-13
3.912837878593614481e-13 1.301817179804265437e-13
3.937914024975532468e-13 1.312524861684718515e-13
3.963150876486774485e-13 1.323320616186287395e-13
3.988549463035964061e-13 1.334205167722234465e-13
4.014110821132020172e-13 1.345179246664225604e-13
4.039835993926587097e-13 1.356243589391386725e-13
4.065726031256472360e-13 1.367398938339674354e-13
4.091781989686624883e-13 1.378646042051736937e-13
4.118004932553117680e-13 1.393690306044065467e-13
4.144395930006662181e-13 1.425056835690260117e-13
4.170956059056226562e-13 1.461735213999914177e-13
4.197686403612959016e-13 1.502207411434463930e-13
4.224588054534450800e-13 1.544892623892094810e-13
4.251662109669292107e-13 1.586603040930264899e-13
4.278909673901838477e-13 1.630569955900512014e-13
4.306331859197249824e-13 1.675952679689282522e-13
4.333929784646989919e-13 1.720590351847433018e-13
4.361704576514358180e-13 1.761281918896904622e-13
4.389657368280590445e-13 1.799529254169050143e-13
4.417789300690977429e-13 1.838101783524666947e-13
4.446101521801557709e-13 1.876466184380621132e-13
4.474595187025828394e-13 1.914070772876447921e-13
4.503271459182039917e-13 1.952990752124252290e-13
4.532131508540506492e-13 1.992985799915661779e-13
4.561176512871509274e-13 2.034807370221719590e-13
4.590407657493215187e-13 2.079058101987794218e-13
4.619826135320195018e-13 2.126221619911858198e-13
4.649433146911962220e-13 2.174461334851104359e-13
4.679229900522108474e-13 2.223298380091612012e-13
4.709217612147472058e-13 2.272268966938141830e-13
4.739397505577885818e-13 2.320070264796970579e-13
4.769770812446066497e-13 2.365208849049848689e-13
4.800338772277841319e-13 2.408726024785741545e-13
4.831102632542765347e-13 2.451274133980748553e-13
4.862063648705075076e-13 2.494198812359519080e-13
4.893223084274879327e-13 2.539028835477780966e-13
4.924582210859669210e-13 2.583119979345897673e-13
4.956142308216346087e-13 2.626073083058040719e-13
4.987904664303288922e-13 2.668153697058508392e-13
5.019870575333079969e-13 2.711548733966272580e-13
5.052041345825236534e-13 2.755356359006031810e-13
5.084418288659614200e-13 2.799283969762334302e-13
5.117002725129819156e-13 2.843020699319164861e-13
5.149795984997296025e-13 2.885214289777981022e-13
5.182799406545427828e-13 2.926330491164258340e-13
5.216014336634318518e-13 2.968017279137598067e-13
5.249442130755589659e-13 3.011875626715032666e-13
5.283084153087868775e-13 3.051728649891398305e-13
5.316941776552286790e-13 3.094928939359005439e-13
5.351016382868683290e-13 3.138472557603686542e-13
5.385309362611814823e-13 3.180085508709597887e-13
5.419822115268261935e-13 3.219042341365609398e-13
5.454556049293474541e-13 3.266325382914230682e-13
5.489512582169180805e-13 3.314841029540804868e-13
5.524693140461397826e-13 3.360925741348464324e-13
5.560099159878458478e-13 3.403347249170252382e-13
5.595732085329794547e-13 3.451746921543890616e-13
5.631593370984713813e-13 3.502553284030271906e-13
5.667684480331929384e-13 3.552689796084732287e-13
5.704006886239101155e-13 3.594887548553171486e-13
5.740562071013127493e-13 3.641650001911912004e-13
5.777351526460451073e-13 3.684263481443490273e-13
5.814376753948125038e-13 3.721409370346449224e-13
5.851639264464900370e-13 3.754090743981568704e-13
5.889140578683070564e-13 3.786671588763323371e-13
5.926882227020346598e-13 3.817833145621426461e-13
5.964865749702500310e-13 3.850880215989925862e-13
6.003092696826026972e-13 3.891263826372312233e-13
6.041564628421577271e-13 3.931856465449659671e-13
6.080283114517548845e-13 3.969685109361518658e-13
6.119249735204104929e-13 4.005490836034219101e-13
6.158466080697708984e-13 4.040328825550964225e-13
6.197933751406074331e-13 4.077721028743580045e-13
6.237654357993421751e-13 4.108332008460246762e-13
6.277629521446135940e-13 4.136044518447061860e-13
6.317860873139094443e-13 4.163440804467867279e-13
6.358350054902043049e-13 4.186295702446931605e-13
6.399098719086797142e-13 4.210459572953995787e-13
6.440108528634474361e-13 4.234420060351285854e-13
6.481381157143560298e-13 4.257892410437635799e-13
6.522918288938003471e-13 4.283779443390637311e-13
6.564721619136158492e-13 4.308550972931148496e-13
6.606792853719754466e-13 4.335181761440981341e-13
6.649133709603727741e-13 4.364686383981682775e-13
6.691745914706073831e-13 4.397213133029783284e-13
6.734631208018579844e-13 4.421797313005571098e-13
6.777791339677573062e-13 4.445858253886638062e-13
6.821228071035565163e-13 4.469939334093454917e-13
6.864943174732911583e-13 4.491724781115000633e-13
6.908938434770343308e-13 4.509447864676785269e-13
6.953215646581692522e-13 4.526544249470275985e-13
6.997776617107103953e-13 4.544043387641538084e-13
7.042623164866832872e-13 4.562998471305690188e-13
7.087757120035516659e-13 4.579358965501529052e-13
7.133180324516805848e-13 4.600690065407110808e-13
7.178894632018443485e-13 4.625328968589191578e-13
7.224901908128119974e-13 4.651087281317821309e-13
7.271204030389372352e-13 4.683454702698798814e-13
7.317802888378441809e-13 4.722951985182799847e-13
7.364700383781148369e-13 4.764007472941897259e-13
7.411898430470738970e-13 4.802804170389795168e-13
7.459398954585751690e-13 4.846554820039596726e-13
7.507203894608860445e-13 4.889761863257038506e-13
7.555315201445742899e-13 4.934732082827991317e-13
7.603734838504940958e-13 4.982197229591683346e-13
7.652464781777736407e-13 5.028921049614545490e-13
7.701507019919047395e-13 5.065793432548359459e-13
7.750863554328325936e-13 5.099549674712394622e-13
7.800536399231490386e-13 5.134026427575293998e-13
7.850527581762873073e-13 5.175515565719970582e-13
7.900839142048165552e-13 5.219292838062656381e-13
7.951473133287587010e-13 5.263739773071024320e-13
8.002431621839569658e-13 5.310778659456374750e-13
8.053716687305319574e-13 5.366243508025174394e-13
8.105330422613417931e-13 5.422316035950779163e-13
8.157274934105500636e-13 5.479539985272480247e-13
8.209552341621953102e-13 5.538814587827430162e-13
8.262164778588679402e-13 5.601560327940459460e-13
8.315114392103908773e-13 5.674479761911011189e-13
8.368403343026080525e-13 5.738762891608350361e-13
8.422033806061758236e-13 5.802643311733826679e-13
8.476007969854655671e-13 5.876766590210666282e-13
8.530328037074674818e-13 5.947147469164715271e-13
8.584996224508073826e-13 6.021191273488482772e-13
8.640014763147660185e-13 6.099913844978296570e-13
8.695385898284107751e-13 6.184050961927220884e-13
8.751111889597315168e-13 6.272613058667780283e-13
8.807195011248860872e-13 6.361924842727569206e-13
8.863637551974711538e-13 6.451153519898656848e-13
8.920441815178550512e-13 6.540547037451092079e-13
8.977610119025847387e-13 6.635208558475172324e-13
9.035144796538540502e-13 6.714437722899309113e-13
9.093048195690170787e-13 6.792167100451621297e-13
9.151322679501590156e-13 6.871998781305573879e-13
9.209970626137659444e-13 6.948238691083899082e-13
9.268994429003993805e-13 7.029719239319648131e-13
9.328396496844951101e-13 7.110656625777531990e-13
9.388179253841614233e-13 7.189279413994886116e-13
9.448345139711036656e-13 7.264352787132709022e-13
9.508896609805495976e-13 7.339428751796722164e-13
9.569836135212999628e-13 7.424754710014575843e-13
9.631166202857832956e-13 7.519652977228925274e-13
9.692889315602349285e-13 7.620410229977221242e-13
9.755007992348796336e-13 7.721232302796095969e-13
9.817524768142441173e-13 7.826220836961164963e-13
9.880442194274691111e-13 7.936425897630387449e-13
9.943762838387541424e-13 8.052722687725729409e-13
1.000748928457803517e-12 8.169197559791662821e-13
1.007162413350399933e-12 8.290072370756449754e-13
1.013617000249005963e-12 8.411671006203401032e-13
1.020112952563437231e-12 8.531141895157173586e-13
1.026650535391619592e-12 8.653466880454926454e-13
1.033230015530416198e-12 8.777545839864503773e-13
1.039851661486507867e-12 8.902870399329452214e-13
1.046515743487337273e-12 9.029283109986200393e-13
1.053222533492166832e-12 9.157795696212816126e-13
1.059972305203142850e-12 9.284949118304902139e-13
1.066765334076500224e-12 9.407627751243072207e-13
1.073601897333768559e-12 9.527726078828788421e-13
1.080482273973120254e-12 9.659140426157974320e-13
1.087406744780722020e-12 9.779086561434062388e-13
1.094375592342228170e-12 9.897418794285980279e-13
1.101389101054277739e-12 1.001553389856444750e-12
1.108447557136136407e-12 1.013088319253048513e-12
1.115551248641340639e-12 1.024585419762049987e-12
1.122700465469485419e-12 1.035530108427545482e-12
1.129895499378040443e-12 1.046026634924614981e-12
1.137136643994248725e-12 1.056408615551514058e-12
1.144424194827117276e-12 1.067864692575737491e-12
1.151758449279486554e-12 1.078506538825872816e-12
1.159139706660158677e-12 1.088919877159486960e-12
1.166568268196102369e-12 1.099990507325760433e-12
1.174044437044754254e-12 1.111196565614633068e-12
1.181568518306401916e-12 1.122501024150924647e-12
1.189140819036624532e-12 1.133590363007294185e-12
1.196761648258809029e-12 1.144164794339977468e-12
1.204431316976795683e-12 1.153674727695853885e-12
1.212150138187530996e-12 1.163255318252443144e-12
1.219918426893879708e-12 1.172820904533543242e-12
1.227736500117441246e-12 1.182093908392105464e-12
1.235604676911526728e-12 1.189290878901762456e-12
1.243523278374138794e-12 1.197476084654319187e-12
1.251492627661112179e-12 1.205304079134056299e-12
1.259513049999284997e-12 1.212379941313246173e-12
1.267584872699761697e-12 1.219272165882122360e-12
1.275708425171281037e-12 1.221874084378130763e-12
1.283884038933668273e-12 1.223923829878664891e-12
1.292112047631355600e-12 1.226039317472456404e-12
1.300392787046986408e-12 1.227407975506082629e-12
1.308726595115129396e-12 1.229652120039503012e-12
1.317113811936080531e-12 1.233346533448320535e-12
1.325554779789731046e-12 1.238414180110114987e-12
1.334049843149520458e-12 1.244557204193679790e-12
1.342599348696531560e-12 1.247163319554121950e-12
1.351203645333595703e-12 1.251927022620510558e-12
1.359863084199574184e-12 1.257705730428291845e-12
1.368578018683644684e-12 1.262544950196130279e-12
1.377348804439767231e-12 1.266895840905835397e-12
1.386175799401154008e-12 1.271605218912780640e-12
1.395059363794920503e-12 1.276499251057665357e-12
1.403999860156742118e-12 1.281410807819438443e-12
1.412997653345693944e-12 1.286263537061908140e-12
1.422053110559095175e-12 1.290812392370350180e-12
1.431166601347534274e-12 1.295257287186344790e-12
1.440338497629933111e-12 1.299717487936836387e-12
1.449569173708713489e-12 1.304193047327600638e-12
1.458859006285083219e-12 1.308482200576205161e-12
1.468208374474421164e-12 1.311535963885327168e-12
1.477617659821738197e-12 1.313452851901599423e-12
1.487087246317234702e-12 1.316689131584886999e-12
1.496617520411982676e-12 1.320146055783116856e-12
1.506208871033710622e-12 1.323725711792089708e-12
1.515861689602661946e-12 1.327842417714909992e-12
1.525576370047550701e-12 1.333813537991006991e-12
1.535353308821680903e-12 1.339977824883662245e-12
1.545192904919075951e-12 1.345908240624066960e-12
1.555095559890811805e-12 1.351957761436364829e-12
1.565061677861353201e-12 1.358953780576151473e-12
1.575091665545097259e-12 1.365996062678040514e-12
1.585185932262919725e-12 1.372956834887590990e-12
1.595344889958930625e-12 1.379499607453774482e-12
1.605568953217234571e-12 1.385200600289230020e-12
1.615858539278901089e-12 1.398747051037411903e-12
1.626214068058940197e-12 1.414251111124220314e-12
1.636635962163484785e-12 1.432511288841286548e-12
1.647124646907017615e-12 1.454215859349462384e-12
1.657680550329714652e-12 1.477163311605516887e-12
1.668304103214926524e-12 1.501892981473886126e-12
1.678995739106772064e-12 1.527242389386792139e-12
1.689755894327818690e-12 1.552221189784562490e-12
1.700585007996873250e-12 1.574699333796359560e-12
1.711483522046917259e-12 1.596772442695215742e-12
1.722451881243155436e-12 1.621307385398226144e-12
1.733490533201152479e-12 1.648590068619686121e-12
1.744599928405079717e-12 1.673588385501894156e-12
1.755780520226147740e-12 1.698954148637132011e-12
1.767032764941052168e-12 1.725221507241727814e-12
1.778357121750650643e-12 1.752358306898389894e-12
1.789754052798646087e-12 1.779754846749746191e-12
1.801224023190504216e-12 1.807579706764236023e-12
1.812767501012375497e-12 1.835977253129914160e-12
1.824384957350249352e-12 1.866534679156834203e-12
1.836076866309157223e-12 1.902568862661510842e-12
1.847843705032506308e-12 1.937979119994229370e-12
1.859685953721563740e-12 1.972994228384923710e-12
1.871604095655072845e-12 2.008034568453903964e-12
1.883598617208956442e-12 2.043697224297820877e-12
1.895670007876153016e-12 2.083546171850429600e-12
1.907818760286607999e-12 2.123799700419402912e-12
1.920045370227391057e-12 2.164766063286173803e-12
1.932350336662915973e-12 2.206821348623113495e-12
1.944734161755279272e-12 2.249864006962034848e-12
1.957197350884806855e-12 2.290896042978079940e-12
1.969740412670616787e-12 2.331241196182088870e-12
1.982363858991438968e-12 2.371954695891913402e-12
1.995068205006441259e-12 2.414598473794075033e-12
2.007853969176316126e-12 2.456293483579370511e-12
2.020721673284375362e-12 2.498181513282118887e-12
2.033671842457907342e-12 2.540798166479063467e-12
2.046705005189545180e-12 2.584300591851243198e-12
2.059821693358895809e-12 2.628398713350577598e-12
2.073022442254183593e-12 2.666802094210074891e-12
2.086307790594150424e-12 2.698393519172856494e-12
2.099678280550018009e-12 2.725837453837944132e-12
2.113134457767595566e-12 2.757240442670540333e-12
2.126676871389564022e-12 2.787155903607157812e-12
2.140306074077904806e-12 2.814560273790450133e-12
2.154022622036435669e-12 2.839291302494426200e-12
2.167827075033491920e-12 2.869867436268165200e-12
2.181719996424788590e-12 2.903271992410977702e-12
2.195701953176427613e-12 2.937936801015010460e-12
2.209773515888017680e-12 2.971921921249974697e-12
2.223935258815934254e-12 3.007115977768224456e-12
2.238187759896817476e-12 3.040155320908601486e-12
2.252531600771085014e-12 3.072777344537672278e-12
2.266967366806740976e-12 3.106771532747904510e-12
2.281495647123193295e-12 3.140009291306175925e-12
2.296117034615366366e-12 3.173867247314400332e-12
2.310832125977824595e-12 3.208197347511312912e-12
2.325641521729198455e-12 3.243007353081888783e-12
2.340545826236614186e-12 3.279423387769473988e-12
2.355545647740435703e-12 3.310209010833707385e-12
2.370641598379009332e-12 3.341164718163915849e-12
2.385834294213712279e-12 3.374721945613497863e-12
2.401124355254065315e-12 3.409675287862383235e-12
2.416512405483015907e-12 3.444990655828945702e-12
2.431999072882420871e-12 3.478157750349762607e-12
2.447584989458695845e-12 3.508133814110519135e-12
2.463270791268586317e-12 3.533985440388200226e-12
2.479057118445104673e-12 3.560881274232008440e-12
2.494944615223675240e-12 3.587120318358255005e-12
2.510933929968443718e-12 3.610871433371477710e-12
2.527025715198718689e-12 3.628722115892824988e-12
2.543220627615567815e-12 3.650945316829451238e-12
2.559519328128690707e-12 3.670839142698518790e-12
2.575922481883307948e-12 3.684259646038409595e-12
2.592430758287388181e-12 3.686105797262301906e-12
2.609044831038882869e-12 3.687332850166246168e-12
2.625765378153304366e-12 3.684798461242935210e-12
2.642593081991309241e-12 3.675665136884786286e-12
2.659528629286622491e-12 3.657426500962911839e-12
2.676572711174027989e-12 3.632053269168343896e-12
2.693726023217554422e-12 3.606499685056066458e-12
2.710989265438880548e-12 3.574291674659896964e-12
2.728363142345925832e-12 3.529938505756815318e-12
2.745848362961579627e-12 3.459958130778456627e-12
2.763445640852612913e-12 3.386275242581680356e-12
2.781155694158822278e-12 3.300978808636917559e-12
2.798979245622358074e-12 3.203277111548878416e-12
2.816917022617198381e-12 3.105339171259961125e-12
2.834969757178797051e-12 2.997235888756204127e-12
2.853138186034039521e-12 2.889580059987804343e-12
2.871423050631214781e-12 2.785414346889162770e-12
2.889825097170367812e-12 2.685056491033901231e-12
2.908345076633658088e-12 2.580494184482286432e-12
2.926983744816099752e-12 2.466150157552157815e-12
2.945741862356312298e-12 2.343037926798073854e-12
2.964620194767656573e-12 2.213853773912419519e-12
2.983619512469379661e-12 2.083788155755709799e-12
3.002740590818150737e-12 1.960041753689879034e-12
3.021984210139607832e-12 1.841795493196970904e-12
3.041351155760287087e-12 1.727258522965844340e-12
3.060842218039634799e-12 1.614071424552364449e-12
3.080458192402238388e-12 1.506432645372068653e-12
3.100199879370309394e-12 1.403832819328156938e-12
3.120068084596380934e-12 1.305828466710906111e-12
3.140063618896158654e-12 1.214314354237206626e-12
3.160187298281586141e-12 1.130320159420653226e-12
3.180439943994170040e-12 1.050637849799553726e-12
3.200822382538521665e-12 9.737705890308000464e-13
3.221335445716059762e-12 9.027923334124896987e-13
3.241979970658917241e-12 8.335734167541460699e-13
3.262756799864196870e-12 7.680107851174754038e-13
3.283666781228246364e-12 7.069552637427177420e-13
3.304710768081368061e-12 6.513765502189889231e-13
3.325889619222535467e-12 6.023189407437667545e-13
3.347204198954548432e-12 5.574779762943788321e-13
3.368655377119198018e-12 5.161538547606822910e-13
3.390244029132856674e-12 4.784724203933532835e-13
3.411971036022167361e-12 4.449459938355789601e-13
3.433837284459965328e-12 4.157519747438037261e-13
3.455843666801494724e-12 3.893715029331428636e-13
3.477991081120850595e-12 3.630919037525488807e-13
3.500280431247602622e-12 3.410646177931074844e-13
3.522712626803651515e-12 3.224017101156621822e-13
3.545288583240377420e-12 3.056707698441705113e-13
3.568009221876030659e-12 2.891933275674192841e-13
3.590875469933298580e-12 2.752780217882176602e-13
3.613888260577103828e-12 2.620932474006009850e-13
3.637048532952789154e-12 2.499832139499170013e-13
3.660357232224322819e-12 2.392888809006940003e-13
3.683815309612993117e-12 2.290520536077971540e-13
3.707423722436104515e-12 2.200180322930378514e-13
3.731183434146167758e-12 2.120716723508986602e-13
3.755095414370098452e-12 2.051826017267204462e-13
3.779160638948903969e-12 2.002159270061882405e-13
3.803380089977389724e-12 1.964242913872694397e-13
3.827754755844360646e-12 1.934456210519572804e-13
3.852285631272829093e-12 1.910090309058262799e-13
3.876973717360723620e-12 1.885155346115345888e-13
3.901820021621693851e-12 1.863833171389034227e-13
3.926825558026194872e-12 1.846476444898956689e-13
3.951991347042899566e-12 1.833015251589357404e-13
3.977318415680375112e-12 1.822902191267359100e-13
4.002807797528964656e-12 1.817923814276514882e-13
4.028460532802933136e-12 1.813621346535173182e-13
4.054277668382950755e-12 1.809157098061725872e-13
4.080260257858849500e-12 1.804703838383966499e-13
4.106409361572588870e-12 1.805688063537769867e-13
4.132726046661472838e-12 1.808655515011438352e-13
4.159211387101822394e-12 1.816923371570046594e-13
4.185866463752665874e-12 1.836726801782384753e-13
4.212692364399985850e-12 1.874494101742200361e-13
4.239690183800973296e-12 1.913100569490300215e-13
4.266861023728843161e-12 1.952465344591654453e-13
4.294205993017658033e-12 1.993484897619449125e-13
4.321726207607720479e-12 2.039981490510239151e-13
4.349422790590970237e-12 2.094992398936578406e-13
4.377296872256963017e-12 2.153843557988941980e-13
4.405349590138851727e-12 2.211942743663463632e-13
4.433582089059936387e-12 2.260939957060601641e-13
4.461995521180327936e-12 2.321067059950948072e-13
4.490591046043932741e-12 2.383172300600447041e-13
4.519369830625809491e-12 2.442678329754090304e-13
4.548333049379829829e-12 2.503800546444886485e-13
4.577481884286570007e-12 2.574770887742968907e-13
4.606817524901509505e-12 2.650366546796632281e-13
4.636341168403617393e-12 2.730959328869828001e-13
4.666054019644239991e-12 2.825926870576212406e-13
4.695957291196238962e-12 2.931967979588933404e-13
4.726052203403416959e-12 3.043418607436790794e-13
4.756339984430451391e-12 3.155685944096903552e-13
4.786821870312863722e-12 3.259362782158193672e-13
4.817499105007615624e-12 3.360025717904740992e-13
4.848372940443718856e-12 3.464086398697380646e-13
4.879444636573484112e-12 3.572958035906343787e-13
4.910715461423778758e-12 3.687627646980617458e-13
4.942186691147917063e-12 3.804656844901281288e-13
4.973859610077678065e-12 3.930380015465494263e-13
5.005735510775675641e-12 4.064031745390685278e-13
5.037815694088155083e-12 4.203982053171049887e-13
5.070101469198111985e-12 4.348764022151709020e-13
5.102594153678688211e-12 4.489841896574833468e-13
5.135295073546892589e-12 4.630544497495540807e-13
5.168205563317760236e-12 4.774900681776678144e-13
5.201326966058856006e-12 4.937757091806886798e-13
5.234660633445042090e-12 5.106168006957872029e-13
5.268207925813573572e-12 5.279160572189980443e-13
5.301970212219767522e-12 5.455227091044199834e-13
5.335948870492696330e-12 5.627347866796345432e-13
5.370145287291594308e-12 5.800033804471256793e-13
5.404560858162269955e-12 5.950731768581513084e-13
5.439196987594233931e-12 6.076790729396542114e-13
5.474055089077839136e-12 6.208619414284282015e-13
5.509136585162142968e-12 6.346242963831496760e-13
5.544442907512781690e-12 6.479630766928351762e-13
5.579975496970576665e-12 6.602568888035893656e-13
5.615735803610153506e-12 6.704766644304199092e-13
5.651725286799277751e-12 6.816164711115564815e-13
5.687945415258345622e-12 6.925294336208764953e-13
5.724397667120270613e-12 7.032080786506705437e-13
5.761083529990857981e-12 7.139364223596709295e-13
5.798004501009554051e-12 7.236579241745680403e-13
5.835162086910504104e-12 7.331381876603929744e-13
5.872557804083989111e-12 7.431462827486437609e-13
5.910193178638356850e-12 7.545772689739040596e-13
5.930193178638356850e-12 7.545772689739040596e-20
5.930193178638356850e-12 1e-30

