# Heavy quasar spins https://arxiv.org/pdf/2012.12790.pdf
# Mass [eV]  1/f [GeV]
2.930452884148914962e-21 1e-30
2.930452884148914962e-21 4.445864326547326414e-18
2.987804057270947841e-21 1.582585158555222370e-17
3.076681099809090817e-21 2.315687220523431655e-17
3.106790952462862451e-21 2.635033815189643749e-17
3.152509136314834792e-21 2.990164604823845331e-17
3.205582863402010750e-21 3.448009180699304428e-17
3.269769656295963655e-21 3.970591913164739038e-17
3.342209293054013939e-21 4.532418398761851343e-17
3.426964639356382243e-21 5.227290313287998511e-17
3.506543834817845591e-21 5.983073177280866009e-17
3.608621511374860636e-21 6.818572296767844153e-17
3.726177989556711639e-21 7.851502960191226434e-17
3.843272893859397764e-21 8.941311067810189023e-17
4.011785175167683056e-21 1.014635627124263263e-16
4.176231406374044718e-21 1.166443887882566051e-16
4.363324588982377904e-21 1.333591488458044374e-16
4.575479021248958791e-21 1.521691095701715620e-16
4.833122205975007820e-21 1.739316242712118156e-16
5.180400142126262320e-21 1.979807009280037777e-16
5.613801838118174625e-21 2.111610448854114187e-16
5.995239374076015043e-21 1.930196051844314897e-16
6.153690855371155022e-21 1.683884385581543733e-16
6.218237898748738264e-21 1.442892479412918089e-16
6.263823249309247889e-21 1.228934515442024264e-16
6.327049262590361411e-21 1.016735881689426371e-16
6.355998946776489265e-21 7.271046512409508508e-17
6.372267905840187164e-21 2.650647824331464738e-17
6.500964840833230801e-21 2.096933087828870945e-17
6.837627336888493513e-21 2.270529297965156175e-17
6.921374720087702576e-21 2.729579102947703165e-17
7.091959268150707735e-21 3.087099405073326712e-17
7.280290230732447550e-21 3.594666792780479056e-17
7.565933440584760441e-21 4.192029167611231018e-17
7.860330994597396691e-21 4.860628105231969115e-17
8.275696781391725230e-21 5.558234746770726816e-17
8.867097666028252960e-21 5.977184687189882333e-17
9.437429269544693848e-21 5.661430701326559639e-17
9.812598687198636330e-21 5.152586798317673812e-17
1.009947569546890654e-20 5.979539387458409669e-17
1.036099328256438950e-20 6.870128991659690580e-17
1.061118252448085131e-20 7.855369505943449614e-17
1.103270427500035560e-20 8.954527269827455196e-17
1.140136113752474696e-20 1.024877667938406812e-16
1.182544540744112314e-20 1.171277868788368678e-16
1.231017972014244745e-20 1.340173456854241235e-16
1.286166992224340199e-20 1.532215937418630594e-16
1.348703258429327773e-20 1.757207095380742327e-16
1.419454690462437546e-20 1.991844080104108877e-16
1.504869439673820660e-20 2.187806065392666328e-16
1.639036805734927961e-20 2.269937506094514349e-16
1.746820291526676299e-20 2.022737152392050132e-16
1.788451533321168731e-20 1.660023648051621083e-16
1.806353935162959703e-20 1.433182792286545618e-16
1.832935453705107278e-20 1.250126949364133658e-16
1.851849266245840479e-20 1.037105135545131006e-16
1.975791881549106247e-20 1.320524370592495588e-16
2.040694681640448261e-20 1.524690794442055678e-16
2.115441155544215768e-20 1.749364235176025553e-16
2.196531987250585087e-20 2.044646954246708349e-16
2.257115390928027439e-20 2.448366037679506983e-16
2.419297587282918550e-20 2.946006387355879333e-16
2.532300839762254989e-20 3.381754537207702727e-16
2.628891271686414574e-20 3.948102166916006473e-16
2.779459515426963986e-20 4.543314707040388932e-16
2.935969642136354513e-20 5.169573066621769779e-16
3.119227897323663960e-20 5.983087760397600657e-16
3.347278529877689456e-20 6.736032257327393202e-16
3.687216043681274408e-20 7.817416315293996037e-16
3.981768383727789598e-20 7.559887879581427101e-16
4.265092082278386204e-20 5.670356450181134645e-16
4.440499515139154925e-20 5.902047871516862885e-16
4.567381677942957275e-20 6.568824966000552328e-16
5.056511245467213367e-20 8.247817532122250832e-16
5.255549301749645991e-20 9.372837328940325075e-16
5.621803166687857082e-20 1.090314819606579961e-15
5.909338287786572972e-20 1.209464257873790259e-15
6.431402791333839959e-20 1.357643329199109262e-15
6.857651496190144934e-20 1.397167018105247738e-15
7.135648971916209347e-20 1.586850433655583270e-15
7.478046779553689421e-20 1.819608162665696224e-15
7.841645851001378963e-20 2.077427738239476959e-15
8.253009633202845791e-20 2.369776714404387754e-15
8.685953089432173710e-20 2.713553545636110848e-15
9.141608264734059689e-20 3.077188217159208283e-15
9.630541106604716838e-20 3.492007618897707847e-15
1.020011393988091431e-19 3.948418718643853250e-15
1.080337264904043051e-19 4.407264802594612105e-15
1.171860952437929520e-19 4.779423707879511900e-15
1.277876402195654063e-19 4.868250827431902787e-15
1.359285252624168083e-19 4.249480052960037814e-15
1.394937608078464921e-19 3.410930947884013364e-15
1.410059689172391715e-19 3.048322702389764683e-15
1.414185439993744731e-19 2.585589806452194624e-15
1.422126901315513583e-19 2.198288297546263519e-15
1.422126901315513583e-19 1.405841451176016402e-15
1.422126901315513583e-19 1.600975735565436774e-15
1.424552708034849392e-19 1.973401099585782824e-15
1.427330125729499106e-19 1.231022843216312045e-15
1.432552387505265816e-19 3.853046999409803470e-16
1.432552387505265816e-19 4.387859490761290181e-16
1.432552387505265816e-19 4.996905283951398396e-16
1.432552387505265816e-19 5.690488145610444271e-16
1.432552387505265816e-19 6.480342030763232721e-16
1.432552387505265816e-19 7.379829596529522534e-16
1.432552387505265816e-19 8.404168270019382080e-16
1.432552387505265816e-19 9.570687695013330310e-16
1.432552387505265816e-19 1.089912291288145740e-15
1.434995977598523991e-19 3.206003735086758675e-16
1.463837800660294335e-19 2.228954821151466717e-16
1.558082196449071623e-19 2.971660096914840765e-16
1.627883538504524419e-19 3.406486037561062059e-16
1.694611765730389275e-19 3.893090688723684777e-16
1.770529567615616070e-19 4.477332220354069684e-16
1.849848450951865085e-19 5.113881311433511868e-16
1.932720782572038667e-19 5.812243103048352981e-16
2.026693915213087832e-19 6.619928025355140477e-16
2.133011962491426712e-19 7.519726217481512560e-16
2.253120915569988330e-19 8.548137899126035678e-16
2.406212334724566063e-19 9.710228382043220654e-16
2.598014914885282517e-19 1.078991355179790235e-15
2.815369566926005692e-19 1.069184320646755070e-15
2.984782572576790411e-19 9.155864782862314316e-16
3.035032557214931823e-19 7.667126607737997784e-16
3.073274444067374993e-19 6.190314224825455287e-16
3.100833378718322722e-19 4.765441596458890065e-16
3.107131158953967287e-19 3.479714597260795341e-16
3.107131158953967287e-19 3.962707624140104032e-16
3.164389894036315105e-19 2.655561792132444833e-16
3.318856358688888917e-19 3.150921400909003608e-16
3.368836554594672914e-19 3.497380735731723326e-16
3.457873390158697620e-19 3.916159369380951988e-16
3.622221204835316067e-19 4.573130222208266400e-16
3.798341561591774553e-19 5.381487885770512191e-16
3.954038571118748220e-19 6.172054842413251031e-16
4.116117723584305418e-19 7.095508430956387042e-16
4.284840628049611382e-19 8.083565871641233475e-16
4.476799452181755238e-19 9.260132987069585965e-16
4.677357940422948126e-19 1.058707980883937744e-15
4.904781364493593331e-19 1.218617848828129043e-15
5.143262615327725365e-19 1.396184679965534948e-15
5.393339348768100251e-19 1.588413737040603723e-15
5.676267769071799702e-19 1.818073046441202944e-15
5.995895877645774857e-19 2.082914239098871353e-15
6.379952591412998537e-19 2.392553398488177633e-15
6.838376085432952250e-19 2.743490880532187433e-15
7.383472691566701021e-19 3.066934703479674390e-15
8.001187443138296176e-19 3.153798477495389472e-15
8.513689631027159304e-19 2.846688846384645665e-15
8.743263022499814738e-19 2.428495607507014473e-15
8.946294541718865356e-19 2.032336775367843469e-15
9.037539474511084319e-19 1.689570967765641005e-15
9.745470104999401661e-19 2.049562454444203780e-15
1.025670633243133613e-18 2.337990048874317521e-15
1.083425689533753543e-18 2.665600538360036342e-15
1.148620115380861035e-18 3.026638516958263265e-15
1.231152773586388708e-18 3.447900673338298576e-15
1.334153253367566793e-18 3.816282223663657945e-15
1.445770940584543665e-18 3.793801883204560363e-15
1.532769252779267740e-18 3.302224875726291766e-15
1.589782035873715764e-18 2.661843861114880132e-15
1.691612767554726694e-18 3.155210370832990751e-15
1.773862698541220275e-18 3.583570811756566658e-15
1.866917509054591681e-18 4.087873916286832494e-15
1.964853868611656692e-18 4.639591085967458938e-15
2.075493914359762231e-18 5.266325967993640816e-15
2.208436078209637560e-18 5.993861260052505503e-15
2.375781214972590954e-18 6.816461531392531242e-15
2.574543391566197516e-18 7.468146463999956614e-15
2.789934373285147021e-18 7.270259841707924051e-15
2.944344857270995237e-18 6.163439492197327792e-15
2.990401609547867765e-18 5.244333109177162061e-15
3.053305242938648636e-18 4.334959345064517639e-15
3.153603286295760910e-18 4.705557180282551439e-15
3.288271070785879512e-18 5.471151805357738400e-15
3.435584052287131139e-18 6.242843522547840516e-15
3.589496585361756690e-18 7.116369576456529292e-15
3.750304326784342274e-18 8.096163319440274387e-15
3.932652366461411760e-18 9.277173636103071472e-15
4.138954816519714600e-18 1.073565395349099359e-14
4.356079657405869425e-18 1.236067065182797652e-14
4.584594619378108780e-18 1.421965361826217174e-14
4.825097215175230780e-18 1.627558889112756787e-14
5.078216302371760428e-18 1.856599430991457601e-14
5.344613727692113576e-18 2.105396409891790244e-14
5.645566544990243898e-18 2.400414752137610141e-14
6.007183520813123795e-18 2.770406270964929796e-14
6.415349919681523266e-18 3.140481333395053988e-14
6.901475653762775700e-18 3.545362614216819692e-14
7.478865656682511664e-18 3.853147472570621635e-14
8.104561157179404240e-18 3.736972762120106710e-14
8.494189934656696884e-18 3.227061263711520619e-14
8.664272828586035269e-18 2.739661339908608517e-14
8.739941012756995581e-18 2.472990112946186076e-14
8.806692570171238367e-18 2.117201822305810051e-14
8.806938561596580797e-18 1.605415138689861910e-14
8.897211845838553418e-18 1.910648721225224826e-14
8.929764629876285698e-18 1.420874507929788430e-14
9.277147969264428554e-18 1.553733632075368326e-14
9.799540037259094488e-18 1.782887355130017598e-14
1.035134776981013462e-17 2.038942839260513028e-14
1.097423329035462726e-17 2.344352647484949400e-14
1.163460053601665126e-17 2.665814261414935319e-14
1.237983469935762490e-17 3.021173953857330779e-14
1.331792167923798927e-17 3.412709738152732700e-14
1.443212322439124257e-17 3.699031526584053562e-14
1.563954089688944003e-17 3.574040988585363478e-14
1.639996975159066051e-17 3.085562467291113754e-14
1.672932330958591576e-17 2.555506723372327856e-14
1.684307522497119636e-17 2.198463597860107800e-14
1.684307522497119636e-17 1e-30
