# White dwarfs https://arxiv.org/pdf/2211.02661.pdf
# Mass [eV] 1/f_a [GeV^-1]
1.0000000000000082e-30	6.9049547863107e-17
4.934317508910228e-19	6.526574723819906e-17
5.3100621183977163e-17	6.713099386829858e-17
1.5965673770059827e-16	6.713099386829969e-17
7.594131054736262e-16	6.713099386829913e-17
4.75653653213021e-15	6.713099386829913e-17
1.4972654555113022e-14	6.904954786310812e-17
3.662224974064999e-14	7.102293270755742e-17
6.350221069844961e-14	7.305271542664508e-17
1.2635534721593528e-13	8.410565063277103e-17
2.1412988849013946e-13	9.683090391711471e-17
3.2356397295532353e-13	1.1148149836382492e-16
5.740690634944508e-13	1.4366224781255386e-16
1.1163715620658945e-12	2.255001593697135e-16
1.807058081109753e-12	3.4412267225112234e-16
2.8587442152255638e-12	5.401538582119913e-16
5.559297561989382e-12	1.0327281472617167e-15
9.207536015736748e-12	1.71500635734819e-15
1.5603682026604887e-11	3.0131515739132216e-15
5.5085317451511825e-11	1.0410761982739638e-14
1.2013824264608021e-10	2.1660293429393705e-14
4.5018026676279355e-9	8.444490016213415e-13
1.9536045288595787e-8	3.655418142067636e-12
0.00031190612583483455	5.9255309755456866e-8
0.007387983152615837	0.0000013910945314454126
0.48003720718975673	0.00009006280202112794
