# 21 cm power spectrum energy injection projected
# https://arxiv.org/pdf/2312.11608.pdf
# mass [eV]  photon coupling [GeV^-1]
3.176204062881037160e+01 1.0
3.176204062881037160e+01 2.500061485671280449e-14
1.000000000000000000e+02 2.082731829990316623e-15
3.148412319241638215e+02 3.728172080076898964e-16
2.999847908357855886e+03 1.771386045419709437e-17
3.093556236334256027e+04 3.797398056668677206e-18
9.739790564741569688e+04 8.428966441351904666e-19
3.066487660086582764e+05 1.188038984285992249e-19
1.044922232102380134e+06 1.934404048764981930e-20
3.039655933523899876e+06 5.319668900428263581e-21
1.035779176359497570e+07 1.500912685906551952e-21
3.134607772368947417e+07 3.620658889741742437e-22
9.869037726516982913e+07 4.316975839587317620e-23
3.232525687604628801e+08 7.110468747085496454e-24
1.017732369711946130e+09 1.504614307253575841e-24
3.333502332614605427e+09 3.632735403016593640e-25
1.384271807603450012e+10 7.438873536393590858e-26
4.534073433200119781e+10 1.883983090380564877e-26
1.040340660037250519e+11 6.884187564972244690e-27
3.148412319241638184e+11 1.404819468496130489e-27
9.912500131952510986e+11 2.077007811697432748e-28
9.912500131952510986e+11 1.0
