# ALPHA phase 1 +2
# Projection sent by collaboration
# mass [eV]	photon coupling [GeV^-1]
4.135649296939619517e-05 1.0
4.135649296939619517e-05 1.617430413246634068e-14
4.216805044891661688e-05 1.649043085457602815e-14
4.258209966014085072e-05 1.665644437946837217e-14
4.299614887136508456e-05 1.681238160415813333e-14
4.341019808258931163e-05 1.697413579678738222e-14
4.382424729381355225e-05 1.713810838766217109e-14
4.423829650503778609e-05 1.729774092108887650e-14
4.465234571626201993e-05 1.745722037390413497e-14
4.506639492748624700e-05 1.762196313255167465e-14
4.548044413871048084e-05 1.778576093481925574e-14
4.589449334993471469e-05 1.794144977392987441e-14
4.630854256115894175e-05 1.811107373601170266e-14
4.672259177238317560e-05 1.827298113279507496e-14
4.713664098360740944e-05 1.842460992872393253e-14
4.755069019483164328e-05 1.858600243183178692e-14
4.796473940605587035e-05 1.875112526974722996e-14
4.837878861728010419e-05 1.891025244936550529e-14
4.879283782850433803e-05 1.907456107722584468e-14
4.920688703972855155e-05 1.923568363993141283e-14
4.962093625095279894e-05 1.939545969523891034e-14
5.003498546217701246e-05 1.956339393974589710e-14
5.044903467340125985e-05 1.971860384798954447e-14
5.086308388462548692e-05 1.987844473011289582e-14
5.127713309584972754e-05 2.003786487794441315e-14
5.169118230707394783e-05 2.020116843653763854e-14
5.210523151829818845e-05 2.036535472842096653e-14
5.251928072952241551e-05 2.052748735987409768e-14
5.293332994074664258e-05 2.068688325066766901e-14
5.334737915197087642e-05 2.085463440364148234e-14
5.376142836319511027e-05 2.100667906388792480e-14
5.417547757441933733e-05 2.117381165484319862e-14
5.458952678564357117e-05 2.132836960584056756e-14
5.500357599686780502e-05 2.148906913881501623e-14
5.541762520809203886e-05 2.165055781851806653e-14
5.583167441931626593e-05 2.181206825489128370e-14
5.624572363054049977e-05 2.197870213397712742e-14
5.665977284176473361e-05 2.214081594598631739e-14
5.707382205298896068e-05 2.229574345730728311e-14
5.748787126421319452e-05 2.246747944132498704e-14
5.790192047543742836e-05 2.261874826624926823e-14
5.831596968666165543e-05 2.278763242279180106e-14
5.873001889788588927e-05 2.294123379644855447e-14
5.914406810911012312e-05 2.311002097879629745e-14
5.955811732033435018e-05 2.326457098998002832e-14
5.997216653155858403e-05 2.342919610398564762e-14
6.038621574278281787e-05 2.359145508307559853e-14
6.080026495400705171e-05 2.374730111094160148e-14
6.121431416523127878e-05 2.391255464004737896e-14
6.162836337645551262e-05 2.408113146346739218e-14
6.204241258767974646e-05 2.424444863073962494e-14
6.245646179890398031e-05 2.440635464253583463e-14
6.287051101012821415e-05 2.455989969906864304e-14
6.328456022135243444e-05 2.471533174238123551e-14
6.369860943257666828e-05 2.488485619130731462e-14
6.411265864380090212e-05 2.503783417614444713e-14
6.452670785502512241e-05 2.520345334876389040e-14
6.494075706624936981e-05 2.536740243555202745e-14
6.535480627747359010e-05 2.552467766886749874e-14
6.576885548869782394e-05 2.568311518226160899e-14
6.618290469992204423e-05 2.585411801709281573e-14
6.659695391114629163e-05 2.601180556100332788e-14
6.701100312237051192e-05 2.617172589511541324e-14
6.742505233359475931e-05 2.634233805293187251e-14
6.783910154481897960e-05 2.648968971742760187e-14
6.825315075604322700e-05 2.665848597041153903e-14
6.866719996726743374e-05 2.682167723068066600e-14
6.908124917849168113e-05 2.697498701578860836e-14
6.949529838971590142e-05 2.714207846491613673e-14
6.990934760094014882e-05 2.729737563124139751e-14
7.032339681216436911e-05 2.746163272128327159e-14
7.073744602338861650e-05 2.762485186734520426e-14
7.115149523461282324e-05 2.779032839872690312e-14
7.156554444583707064e-05 2.795526734525449683e-14
7.197959365706129093e-05 2.810392335864501338e-14
7.239364286828551122e-05 2.827646271973497101e-14
7.280769207950975861e-05 2.843390811880394343e-14
7.322174129073399246e-05 2.858632675421552260e-14
7.363579050195821275e-05 2.874957349620718363e-14
7.404983971318244659e-05 2.890879140419597943e-14
7.446388892440668043e-05 2.908563292071832049e-14
7.487793813563091427e-05 2.924205322925106310e-14
7.529198734685514812e-05 2.939882425856438670e-14
7.570603655807936841e-05 2.956342854672189040e-14
7.612008576930360225e-05 2.973049900749083541e-14
7.653413498052784964e-05 2.987683343840544404e-14
7.694818419175206993e-05 3.003893567125973016e-14
7.736223340297629023e-05 3.020180007145460843e-14
7.777628261420053762e-05 3.036048690589334020e-14
7.819033182542477146e-05 3.052346808188982607e-14
7.860438103664900531e-05 3.068606536707131261e-14
7.901843024787322560e-05 3.084553760954084778e-14
7.943247945909745944e-05 3.101631736623838497e-14
7.984652867032170683e-05 3.117674782016882373e-14
8.026057788154592712e-05 3.133061099671407989e-14
8.067462709277014741e-05 3.149489802683139524e-14
8.108867630399439481e-05 3.165188127420773365e-14
8.150272551521862865e-05 3.181248423779183930e-14
8.191677472644284894e-05 3.198146180033613846e-14
8.271298593879239033e-05 3.228946438575894246e-14
8.271298593879239033e-05 5.390037268089947672e-15
8.311148722832437487e-05 5.416096730697699733e-15
8.436986944424179971e-05 5.497075730400020081e-15
8.562825166015923810e-05 5.579907857567789554e-15
8.688663387607667649e-05 5.661015886829688506e-15
8.814501609199407422e-05 5.744317196048067917e-15
8.940339830791151261e-05 5.825546141196839327e-15
9.066178052382893745e-05 5.908024738984519117e-15
9.192016273974637584e-05 5.992104316566182052e-15
9.317854495566380067e-05 6.073598019579193477e-15
9.443692717158122551e-05 6.154966848857073550e-15
9.569530938749865035e-05 6.238572524047513823e-15
9.695369160341608874e-05 6.318914949703261153e-15
9.821207381933351357e-05 6.401852942639082831e-15
9.947045603525092486e-05 6.483363550602522349e-15
1.007288382511683497e-04 6.565426836392432238e-15
1.019872204670857610e-04 6.646474061199706136e-15
1.032456026830032129e-04 6.729994390940438484e-15
1.045039848989206242e-04 6.813144390510512229e-15
1.057623671148380490e-04 6.892845371943799834e-15
1.070207493307554739e-04 6.978049442078591650e-15
1.082791315466728987e-04 7.059232965752510578e-15
1.095375137625903371e-04 7.142815415302116776e-15
1.107958959785077619e-04 7.221486341345093431e-15
1.120542781944251868e-04 7.304107922089897501e-15
1.133126604103426116e-04 7.386011293580334410e-15
1.145710426262600365e-04 7.467781324597220037e-15
1.158294248421774613e-04 7.553942117498243058e-15
1.170878070580949132e-04 7.634267883745192571e-15
1.183461892740123245e-04 7.717710331977972156e-15
1.196045714899297494e-04 7.796306334476715959e-15
1.208629537058471877e-04 7.880143525265075061e-15
1.221213359217645990e-04 7.964854015437559951e-15
1.233797181376820374e-04 8.047199315145785847e-15
1.246381003535994758e-04 8.129084022633750987e-15
1.258964825695168871e-04 8.209847072610031121e-15
1.271548647854342984e-04 8.290777009451707691e-15
1.284132470013517368e-04 8.372557805756114613e-15
1.296716292172691751e-04 8.455136500391509503e-15
1.309300114331866135e-04 8.539902896938354364e-15
1.321883936491040248e-04 8.618451139528269110e-15
1.334467758650214361e-04 8.701194629377146634e-15
1.347051580809388474e-04 8.781874167716858348e-15
1.359635402968562858e-04 8.863988176208606128e-15
1.372219225127737242e-04 8.947069527466632901e-15
1.384803047286911355e-04 9.028981023800795791e-15
1.397386869446085738e-04 9.111870324001040420e-15
1.409970691605259851e-04 9.192488860070781152e-15
1.422554513764434235e-04 9.276017326647516372e-15
1.435138335923608619e-04 9.357030156245735700e-15
1.447722158082782732e-04 9.444067836769297510e-15
1.460305980241957387e-04 9.524729146246532576e-15
1.472889802401131500e-04 9.603997024185785505e-15
1.485473624560305884e-04 9.687847282254615280e-15
1.498057446719479725e-04 9.767497021903906329e-15
1.510641268878654109e-04 9.852554769478160087e-15
1.523225091037828493e-04 9.933471401895640461e-15
1.535808913197002606e-04 1.001441068437999323e-14
1.548392735356176719e-04 1.009599460929531938e-14
1.560976557515351103e-04 1.017807888063965193e-14
1.573560379674525216e-04 1.026577979480969221e-14
1.586144201833699328e-04 1.034298036912706370e-14
1.598728023992873983e-04 1.042474944613956533e-14
1.611311846152048367e-04 1.050882772866292063e-14
1.623895668311222751e-04 1.059058223572683021e-14
1.636479490470396593e-04 1.067337131973802628e-14
1.649063312629571248e-04 1.075330029904360137e-14
1.661647134788745361e-04 1.083524492958062303e-14
1.674230956947919745e-04 1.091807329890421435e-14
1.686814779107093586e-04 1.100389151602293757e-14
1.699398601266268512e-04 1.108283566381312410e-14
1.711982423425442083e-04 1.116467414455628633e-14
1.724566245584616738e-04 1.124739081490031459e-14
1.737150067743790851e-04 1.133062985891727510e-14
1.749733889902965506e-04 1.141003496943728702e-14
1.762317712062139348e-04 1.149553381053697068e-14
1.774901534221313732e-04 1.157714753998034991e-14
1.787485356380487844e-04 1.165647661502800166e-14
1.800069178539662228e-04 1.174052575037135220e-14
1.812653000698836341e-04 1.182490746018137841e-14
1.825236822858010996e-04 1.190281539965341362e-14
1.837820645017185109e-04 1.198919538021211453e-14
1.850404467176359222e-04 1.206747235177778641e-14
1.862988289335533335e-04 1.215434645014426592e-14
1.875572111494707719e-04 1.223149537056546428e-14
1.888155933653882102e-04 1.231438798997305298e-14
1.900739755813056215e-04 1.239876399357220792e-14
1.913323577972230328e-04 1.248143125870071013e-14
1.925907400131404712e-04 1.256151875577156520e-14
1.938491222290579638e-04 1.264199166442357209e-14
1.951075044449753480e-04 1.272944495185187811e-14
1.963658866608927864e-04 1.280624723945182202e-14
1.976242688768101977e-04 1.288989842757378902e-14
1.988826510927276360e-04 1.297281907494366134e-14
2.001410333086450202e-04 1.305316438583929523e-14
2.013994155245624857e-04 1.313621705025918107e-14
2.026577977404798970e-04 1.321801803937935868e-14
2.039161799563973354e-04 1.330365005714524011e-14
2.051745621723147196e-04 1.338474680343914581e-14
2.064329443882322122e-04 1.346335435036888611e-14
2.067824648469809758e-04 1.348746521378523537e-14
2.067824648469809758e-04 1.0

