# babyIAXO
# m_a [eV]  g_ap [GeV^-1]
1.917252533850619e-20	1.517101045780712e-11
1.917252533850619e-8	1.517101045780712e-11
2.3119032006132823e-8	1.5092929826517272e-11
2.8289305183859047e-8	1.516392734933363e-11
3.3628542201062126e-8	1.5160780362718954e-11
4.114414999650455e-8	1.5157109703768452e-11
5.033331879005808e-8	1.507883980880441e-11
5.984032014687815e-8	1.515029512339146e-11
7.320510718310715e-8	1.5072060418282265e-11
8.829515408358642e-8	1.5143221686585005e-11
1.0648287677387852e-7	1.513981713568566e-11
1.302648513287416e-7	1.5061636537923596e-11
1.548881421303007e-7	1.5207878454625003e-11
1.8950393134459843e-7	1.5204196392499432e-11
2.2855326060726546e-7	1.5238333438116927e-11
2.756324391537101e-7	1.5234907503868256e-11
3.323489902246726e-7	1.5119144394352514e-11
4.007845578859638e-7	1.507849207358462e-11
4.904445412348239e-7	1.5186850103767616e-11
5.913985166715894e-7	1.5108687950580497e-11
7.132625605418315e-7	1.5142610556976508e-11
8.602119678477737e-7	1.5157896198720254e-11
0.0000010374365213651765	1.5173197270488013e-11
0.000001251097897381766	1.5151081264738048e-11
0.0000015307044605864908	1.5147412954088885e-11
0.0000018460667488760528	1.5162703443591312e-11
0.0000022262665525847987	1.514060273333463e-11
0.0000026846064704883544	1.5081274179895068e-11
0.0000032376025949595016	1.507788355624608e-11
0.000003961890467440083	1.518623721346261e-11
0.000004777702253020745	1.514540449367659e-11
0.000005761152970366375	1.5067455648588496e-11
0.00000694830068638573	1.5101285678636594e-11
0.000008380580308269638	1.517258493116548e-11
0.000010105042104267496	1.50572953824381e-11
0.000012185450743163183	1.4998293269412212e-11
0.000014911472215879782	1.510607496978711e-11
0.00001798250895544383	1.5084056799527044e-11
0.000021687342461451552	1.5099283334437475e-11
0.000026534223991170928	1.5095627564866797e-11
0.00003154221234704082	1.509249475258193e-11
0.00003859154846109443	1.5088840626631712e-11
0.00004653389282447104	1.4992673744593194e-11
0.000056117607459079516	1.497082086462124e-11
0.0000686655078142438	1.5022697763574785e-11
0.00008280976326603547	1.5019320309276083e-11
0.00009986756248461556	1.501594361430821e-11
0.00011871626106417381	1.5012827338921677e-11
0.00014524803433478298	1.5009192501682128e-11
0.00017516735433835014	1.500581808368254e-11
0.0004598779243859036	1.493306388349079e-11
0.000546673878592538	1.492996480822652e-11
0.0006688494531074839	1.4926350033284672e-11
0.0009727790076454716	1.491963920160074e-11
0.00141481613436206	1.4912931387081874e-11
0.0017061993234563414	1.4891194737223177e-11
0.0020579046730315113	1.4961502065792434e-11
0.0025182809402479896	1.5069019374852018e-11
0.0030366483616583125	1.4991463661013527e-11
0.0036626042267739935	1.50622443995606e-11
0.004481969712605557	1.517048566966283e-11
0.005326915479359384	1.5055472470272975e-11
0.006516830476692936	1.4996218122704597e-11
0.00785993159605141	1.5048443304686268e-11
0.009480703069510366	1.5156847547853224e-11
0.011436380962968305	1.530374922514699e-11
0.01399482715690254	1.5413726012769976e-11
0.01714248133957296	1.615964355897446e-11
0.020774174649029573	1.7507127816595326e-11
0.0252006422330592	1.976246148346945e-11
0.027362859130758328	2.1121929092159035e-11
0.029902217420857014	2.319590350526483e-11
0.031743305609270765	2.5286520494146067e-11
0.03468288365338526	2.7564608572547072e-11
0.03735488395672163	3.01226898372839e-11
0.040232737547586675	3.291816898633212e-11
0.0439611377146653	3.5972455093592625e-11
0.04803214395487812	3.92132497738453e-11
0.052489676055605596	4.306362141039588e-11
0.05764955768756335	4.625306223804051e-11
0.06265379891295099	5.092051150461375e-11
0.06845997688080269	5.564513063296552e-11
0.07980233036729856	6.459279921223122e-11
0.08930555532727522	7.243671391485866e-11
0.09976019429011045	8.06839564078943e-11
0.10662130864096697	8.639562122412175e-11
0.11482508231171397	9.406459150485826e-11
0.12727135570887374	1.0228448589342499e-10
0.1390572764157968	1.1149939816152966e-10
0.15193462831032897	1.2154449114929298e-10
0.1660044830072286	1.3249455667320013e-10
0.18137727182384475	1.4443112461975172e-10
0.1981856495727472	1.5783205155360643e-10
0.21345404885198674	1.7247935601256947e-10
