# IAXO+
# m_a [eV]  g_ap [GeV^-1]
1.0721714975077727e-20	2.6605192376375798e-12
1.0721714975077727e-10	2.6605192376375798e-12
1.3113929926258674e-10	2.6272595573156673e-12
1.604377717880912e-10	2.620150069196222e-12
3.3937375149563477e-10	2.6177945792942444e-12
4.1524517358203417e-10	2.6236267734313476e-12
4.936172787855623e-10	2.623082289265228e-12
6.038987303560379e-10	2.6159841050298873e-12
7.283606238518404e-10	2.625094418365454e-12
8.783142527885151e-10	2.614807968266542e-12
1.0746728429980959e-9	2.6206335085219914e-12
1.277503311524132e-9	2.6200896455514596e-12
1.5629165772987632e-9	2.612999559550977e-12
1.8580091497040482e-9	2.6189116629522937e-12
2.2732536752035275e-9	2.6182775840126742e-12
2.7811324020304135e-9	2.6111924015360838e-12
3.3060348333257477e-9	2.6106504978889162e-12
4.0451419774881e-9	2.6164667757008746e-12
4.878317960109126e-9	2.6142653142768123e-12
5.882924738756475e-9	2.6088449644918284e-12
7.095057463478903e-9	2.6130899502754234e-12
8.556682088840298e-9	2.6141145970445906e-12
1.046837230297953e-8	2.607040679806823e-12
1.2625302266646161e-8	2.6112827297460446e-12
1.5226190672490388e-8	2.612306667866558e-12
1.862907613296828e-8	2.611674188098205e-12
2.2145071037720842e-8	2.6111321844653397e-12
2.7092609716228267e-8	2.604066337776498e-12
3.2207935774226854e-8	2.609958229107497e-12
3.940366830208559e-8	2.602895559197164e-12
4.8212871536939974e-8	2.60869455975279e-12
5.7308952216986315e-8	2.601725306995542e-12
7.012111486604784e-8	2.607521700341999e-12
8.456392777747026e-8	2.60532776518906e-12
1.0197843330354921e-7	2.5999259462861605e-12
1.2299591233883734e-7	2.6089803361711734e-12
1.483270775075261e-7	2.6051775632230793e-12
1.8147654123764124e-7	2.6045468095210068e-12
2.1572786909573385e-7	2.6040062850409005e-12
2.6392468790769904e-7	2.5969597213715683e-12
3.183043995785823e-7	2.601185368064976e-12
3.838770254776257e-7	2.6022053468005387e-12
4.6964087008692363e-7	2.595163656554918e-12
5.582794528326831e-7	2.594625079370925e-12
6.830900954394299e-7	2.6004056540942356e-12
8.237858397801164e-7	2.5982177062908977e-12
9.934305504291702e-7	2.592830629199401e-12
0.0000012155248882292045	2.598607206060598e-12
0.0000014449393413727157	2.5980679142329677e-12
0.0000017677603098564727	2.5910374200747796e-12
0.0000021320909241661684	2.6000608551620467e-12
0.000002571042126128327	2.5898724992485815e-12
0.0000031458320781906774	2.59564248568122e-12
0.0000037395668119572664	2.5951038091252888e-12
0.000004575041731478033	2.588081335975136e-12
0.0000054388503652931115	2.593937060065626e-12
0.000006653970538223099	2.5869177441933993e-12
0.000008141552312096629	2.5926811477164214e-12
0.000009677578156043883	2.585754675558217e-12
0.000011841126791774978	2.5915154878763644e-12
0.000014280038084624969	2.589335020144306e-12
0.000017220769536831428	2.5839663601834967e-12
0.000020768980541976633	2.5881708647108106e-12
0.000025047515784300055	2.5891857401896668e-12
0.00003064535894263378	2.588558858354803e-12
0.00003695736905053571	2.586380878292719e-12
0.00004456811188704999	2.5810183433728774e-12
0.00005375103862780645	2.5852180510304573e-12
0.00006482407673941471	2.586231768649823e-12
0.00007930674091423219	2.5792333036591154e-12
0.00009428056007091961	2.5850690084267044e-12
0.00011535122403224058	2.5844431233161475e-12
0.00014113094868896866	2.583817389742037e-12
0.00016775741699096057	2.576914597538791e-12
0.000205261772400159	2.5826557150147213e-12
0.00024400225210769705	2.5821197336176704e-12
0.00029851598917765034	2.575132395987468e-12
0.0003600393264264591	2.5841004409243263e-12
0.0004341636019426862	2.5739746260011834e-12
0.0005312265296216097	2.5797091935037505e-12
0.0006314886015615862	2.5791738236015676e-12
0.000772572559971141	2.5721944577426362e-12
0.0009184411414444092	2.578014236604398e-12
0.0011236345708756654	2.5710380086425038e-12
0.001374754488284245	2.570415520653569e-12
0.0016342214495866866	2.569882079477603e-12
0.0019994518955738796	2.5692598713569623e-12
0.002411533518481383	2.5782074648930064e-12
0.0029080158797687625	2.5681047416359982e-12
0.00350735008022071	2.577048312367133e-12
0.00422969330689421	2.5732920825970935e-12
0.0051756096345692455	2.5853969134978744e-12
0.006243139066948511	2.6088449644918284e-12
0.007317616541878865	2.642358973175152e-12
0.008958444484413604	2.7077164114456642e-12
0.011036459678613606	2.8355810890803812e-12
0.013218778988679455	3.048284526824602e-12
0.01579366337709763	3.33322656350519e-12
0.01828850748521926	3.703418986696113e-12
0.020561916425932192	4.002209325576346e-12
0.02412700743311469	4.237728071098496e-12
0.02909951835020563	4.252486199974128e-12
0.03510534985318261	4.309623684747609e-12
0.04176640862623942	4.460179536280732e-12
0.044343346933240144	4.886224588790208e-12
0.04915507723977961	5.336203814805525e-12
0.05370787929860985	5.8205373255601966e-12
0.05867437495971618	6.313679481136063e-12
0.06468719116716802	6.981622507396672e-12
0.06629133385618251	8.327514442913019e-12
0.07106966970777316	7.53952241529197e-12
0.07883993715410383	8.486537995434024e-12
0.09021952638711536	1.0470507226493045e-11
0.09709082443931497	1.0177014638722489e-11
0.10936246387536679	1.1137647106751272e-11
0.11743651974101361	1.2480152129559502e-11
0.13154763585257448	1.3719873864019376e-11
0.14437911162543	1.519711531336138e-11
0.15776934557373604	1.665230608291167e-11
0.17241604934924795	1.8309982286208058e-11
0.18306499860429365	2.010854560378897e-11
0.19233648604263673	2.2337544033707954e-11
0.2034153423601881	2.4208612861426655e-11
0.23308821431128934	2.4941345036014786e-11
0.2570492441278655	2.7908573128961836e-11
0.27683578816366283	3.0423410768329265e-11
0.28019091475681274	4.9712623581532105e-11
0.28152131552229803	3.351681462624937e-11
0.28219955976044603	3.697097562357826e-11
0.2828922816556787	4.0856656591804356e-11
0.2857537243543545	4.590866180487576e-11
0.29076615589225663	5.497586412988683e-11
0.3111015082907165	6.309989425557195e-11
0.34750752578607735	6.842970038498805e-11
0.3639835275208008	7.634898109116783e-11
0.3879711768734877	8.308323788185199e-11
0.43119024738886186	8.529835851255894e-11
0.4577041199354051	9.269981942722837e-11
0.50011992908141	1.0130089838577211e-10
0.5464416352131464	1.1049534100088637e-10
0.588468734745529	1.2015520327493145e-10
0.6430026059828688	1.3130370816990486e-10
0.702547644112219	1.4313299137638447e-10
0.7676532996891117	1.564134720505388e-10
0.85084892263544	1.6997687335371074e-10
0.9528374449547521	1.9012483003043533e-10
1.0963756799289408	1.9838361939571428e-10
1.1792103583555498	2.4922900371524607e-10
