# IAXO initial projection
# m_a [eV]  g_ap [GeV^-1]
1e-9	4.315190768277633e-12
0.006671790862882171	4.315190768277633e-12
0.01057407592010615	4.591980128368676e-12
0.01198913578187816	4.6881338214526456e-12
0.013219411484660232	4.886523593428336e-12
0.014988479413576979	5.308844442309858e-12
0.01629750834620647	5.7676646339224975e-12
0.01772086220127665	6.397348354826495e-12
0.019813887689743463	7.095777679633873e-12
0.021544346900318867	7.870457896951001e-12
0.024088967285183085	8.203515443298176e-12
0.027696458648046453	8.203515443298176e-12
0.03096770996935361	8.203515443298176e-12
0.03712760796764024	9.289663867799362e-12
0.04451279331803766	9.289663867799362e-12
0.06398241170997687	8.729713683881095e-12
0.07998900656338873	1.0303861204416117e-11
0.10140528875638932	1.2676518658578396e-11
0.16526535398566913	2.0417379446695233e-11
0.16526535398566913	4.87528490103385e-11
0.17720862201276577	5.874893525297768e-11
0.1953930404689611	6.792036326171857e-11
0.21544346900318956	7.85235634610071e-11
0.2310129700083158	8.709635899560797e-11
0.25118864315095824	9.46237161365791e-11
0.2808567386734478	1.0715193052376048e-10
0.3140289571566342	1.1641260294104885e-10
0.36105699024829746	1.2912192736135361e-10
0.41512780027523033	1.555965631605075e-10
0.4908051271653861	1.9142559250210858e-10
8.94365733709581	3.2062693245054673e-9
9.45709116858659	0.0000012022644346174132
