6.980172750582384900e-02 1.000000000000000082e-05
6.980172750582384900e-02 9.529513267303372909e-13
8.426564659861486561e-02 1.123252840195952573e-12
9.914767348618389042e-02 1.201083101059736242e-12
1.196924934897142523e-01 1.284769731255025116e-12
1.420418620411817712e-01 1.246862308510514492e-12
1.685643767949401572e-01 1.063177087140879471e-12
1.983342734136394614e-01 7.964057645639277235e-13
2.255069085453150213e-01 5.411275807186294079e-13
2.294007299777081899e-01 5.412577680386667616e-13
2.353678888365637878e-01 4.757236712526234463e-13
1.238616334264831975e+00 5.881062386801551541e-12
1.238616334264831975e+00 7.375924152997961752e-12
4.999018665795833094e+00 6.161406742693235120e-11
4.999018665795833094e+00 1.000000000000000082e-05
