# THESEUS X-ray ALP projection https://arxiv.org/pdf/2008.08306.pdf
# m_a [eV]  g_agamma [GeV^-1]
626.8536751392338	 1e0
626.8536751392338	 5.237966393674862e-17
635.1494933844032	 4.99577210390486e-17
640.6571323302918	 5.276972260450568e-17
648.3334386089388	 4.663189731113933e-17
647.6212235144754	 5.022316999402714e-17
659.4770019211672	 4.3097118713284245e-17
658.209556998844	 4.663189731113933e-17
670.2676452317645	 4.0357029709948796e-17
668.971005263744	 4.329742322309183e-17
686.0943995265974	 3.983028245653683e-17
706.2891779864516	 3.9365132929389816e-17
725.7585155010153	 3.88333209845621e-17
745.7845930840762	 3.900777869879241e-17
763.1831990661672	 4.1207983281136473e-17
784.3064189741948	 4.37458837524398e-17
774.8088336213377	 4.1207983281136473e-17
805.9895828323862	 4.5492807667141686e-17
796.2489451007567	 4.356594481744134e-17
825.3140398592092	 4.6181035283252487e-17
850.0742931650567	 4.663189731113933e-17
874.2653143341624	 4.4795049953270567e-17
893.7228574809031	 4.300100656113444e-17
917.2531955979867	 4.2554335107044343e-17
915.0219493584761	 3.970734443392873e-17
929.3033207779316	 3.805912706776131e-17
943.7642077435811	 3.5368885214552706e-17
944.9672905100235	 3.802552678464698e-17
959.6790142183162	 3.3266740372299765e-17
957.8335121036179	 3.5967434622714917e-17
976.9649354615896	 3.1882346742749444e-17
985.9110451607745	 3.2849457195171425e-17
1002.3085976495602	 3.1563635215448126e-17
1026.6133644057538	 3.1501358243312276e-17
1051.7060883446309	 3.064753593449582e-17
1077.4418505375982	 3.037505723891961e-17
1087.1880840548736	 2.905855316075867e-17
1115.1640435324211	 2.922069656124477e-17
1115.0779277171152	 2.77418768682662e-17
1145.860046779973	 2.8087042558598825e-17
1154.1383067147883	 2.7008500062433986e-17
1172.617422717108	 3.01050010754422e-17
1180.7277043292133	 2.8879448838404956e-17
1193.022187830728	 3.203052782831824e-17
1223.4985896737096	 3.318970111422949e-17
1257.3280266831762	 3.4593413606303846e-17
1289.452194413629	 3.5939648650293645e-17
1316.2061760549952	 3.912855079392819e-17
1349.7874979836192	 3.970734443392873e-17
1349.663410756212	 3.732673301949008e-17
1367.5385854318374	 3.584058814737209e-17
1377.9973770121069	 3.226477652286272e-17
1387.4879551023819	 2.948513487156804e-17
1395.0630844528675	 2.7064218731500624e-17
1394.4048623212477	 3.62651583299886e-17
1398.0589213989704	 3.381104550549792e-17
1402.206967033569	 2.5167827644820324e-17
1408.7400281697528	 2.331147966497218e-17
1409.329125919763	 3.0880003083550766e-17
1416.259042086198	 2.1513529539947203e-17
1416.8467095432088	 2.843650281610663e-17
1423.8097731056719	 1.9775495169935355e-17
1431.395825715598	 1.8135776672394102e-17
1428.2508608553578	 2.5758158106967793e-17
1433.8027568145435	 1.6572142198906984e-17
1435.8605755625324	 2.3622377033086073e-17
1438.825849523295	 1.5172998694421986e-17
1443.510834798341	 2.1663687845068386e-17
1441.247703598997	 1.3880534128181566e-17
1447.2847063705522	 2.011459784581412e-17
1446.300424209283	 1.272960625658348e-17
1465.9723411034145	 1.192948141156707e-17
1469.844122647252	 1.1276836397207119e-17
1481.1479729207201	 1.0444609566841887e-17
1488.2975412016376	 9.707752363909599e-18
1498.119773797366	 1.1318746452769603e-17
1505.7556302936557	 5.5445397494575616e-17
1507.4824038438578	 1.0444609566841887e-17
1528.3915819552853	 9.545733112621757e-18
1526.0117425811068	 4.7066371166339834e-17
1564.9971132923642	 9.527950669026175e-18
1589.4439652194503	 9.213471936310006e-18
1629.514088888173	 9.321517577833977e-18
1629.3672820537072	 8.77349792060227e-18
1666.2015135628012	 8.225849382311533e-18
1665.2616211309469	 8.893648628133885e-18
1685.382296969351	 7.59057423120107e-18
1702.887857638675	 7.104308841593233e-18
1697.1311575877721	 8.360439426109074e-18
1713.564336301447	 6.644057747271008e-18
1715.5162780760209	 7.762615399240773e-18
1729.0155517030782	 6.235615084577488e-18
1734.0686809733477	 7.118965065832894e-18
1759.4249944378919	 5.821064168324669e-18
1752.8378329827108	 6.569173622085812e-18
1767.092571597524	 6.290934110067987e-18
1799.8317604670722	 5.698410824127985e-18
1841.423809204306	 5.6492999664414315e-18
1886.1675701927957	 5.8845899381481525e-18
1899.7906848169528	 5.6516289520983526e-18
1931.0414085481148	 6.333863961705985e-18
1927.6943101989527	 5.913767876379728e-18
1965.266678191172	 7.017002972328832e-18
1965.0378338443045	 6.4884441062085185e-18
1996.761471963614	 7.582365960169544e-18
2025.418921816714	 8.105945385356852e-18
2058.9847648859204	 8.72121903675125e-18
2074.1681472013906	 9.2678829966967e-18
2083.408481276518	 1.015802604313272e-17
2096.885573471342	 1.1091132797348843e-17
2105.3064349734136	 1.2025750159554858e-17
2119.6321881038266	 1.3120248446417611e-17
2112.1214284497205	 9.210759784312591e-18
2104.3234219704204	 8.784353305854972e-18
2121.9632328322314	 9.94057531301014e-18
2139.731240345055	 1.1179648755854051e-17
2127.9411783037626	 1.0574561872827181e-17
2163.3833878205073	 1.2022033190141188e-17
2175.558822392339	 1.347465840365056e-17
2175.3588212345735	 1.2666799654628341e-17
2216.9320968008424	 1.1698193254005351e-17
2217.2718128436127	 1.2967917214050722e-17
2234.8514429599486	 1.0839337219455302e-17
2271.4286042781064	 1.0178982101046311e-17
2308.56903993817	 9.460864661454752e-18
2333.627961921385	 8.911996269193567e-18
2352.4905546532887	 8.25769678811234e-18
2393.1335841943614	 7.690958006597788e-18
2414.721991972052	 7.237308606712243e-18
2427.6731748987227	 6.79639661318465e-18
2453.983579871473	 6.3299491721995484e-18
2467.1755819289547	 5.9935200260327396e-18
2456.7751777211483	 7.388008379658116e-18
2490.0651983810635	 6.692155120813542e-18
2530.7162199139966	 6.114539285938057e-18
2562.0213486226608	 6.992942317483586e-18
2563.2778691596714	 6.475085971857852e-18
2615.343313868875	 7.174195704594021e-18
2600.926619615511	 6.775419218374632e-18
2746.8510837145564	 7.554290644584811e-18
2776.669146155528	 7.118965065832894e-18
2793.7078409968954	 6.645035862465152e-18
2807.265089716658	 7.479930315028799e-18
2819.6435771354422	 6.25768408053874e-18
2842.132240536293	 5.889442911326426e-18
2845.3566681573734	 6.85971929161439e-18
2906.0450343031375	 6.322126850566782e-18
2918.6636693418864	 5.745579937352881e-18
2964.22513747173	 7.376597852026167e-18
2963.8831489730564	 6.825874123870134e-18
2986.6863348656675	 6.335542469709659e-18
2970.9707721768223	 5.457052757163234e-18
2987.520983068507	 5.886409334290731e-18
3040.4183749633667	 7.282192886219202e-18
3020.9609934514006	 6.94506823018909e-18
3112.748240417359	 6.930770017401121e-18
3163.650054499846	 6.4484521500246236e-18
3235.237401703696	 6.132522575817555e-18
3293.668280070779	 5.810220292425586e-18
3298.1268385380063	 1.1110742248241904e-17
3300.811372829127	 1.0433852567221511e-17
3330.679783573919	 1.0002224689187732e-17
3286.3226738249514	 6.213623919420219e-18
3327.670112789644	 5.445818007707797e-18
3339.4283477618646	 5.087766539427294e-18
3340.1140757981834	 5.841092735618331e-18
3401.0884142107247	 4.8447373995355e-18
3416.351621272501	 9.989864302645431e-18
3416.0940830531986	 9.496025707484294e-18
3394.6611119370973	 5.356768691029641e-18
3438.9656193221354	 4.525206445234777e-18
3498.6771377366913	 4.869404451463453e-18
3530.346043922304	 1.1179648755854051e-17
3522.32764053434	 4.459080723059213e-18
3553.29115510559	 1.219043959167702e-17
3545.8151218147373	 5.442612329675072e-18
3574.7637052609048	 1.3292619534268653e-17
3570.5020594820453	 5.959648306228266e-18
3588.285630386538	 1.990839322897283e-17
3591.174426388879	 1.8584130646878093e-17
3590.8508888673878	 1.749155437675771e-17
3586.6365613412236	 1.461443052789549e-17
3584.6586788352874	 1.0085019012627515e-17
3587.54455491312	 9.414185703051218e-18
3587.214748586062	 8.849768256812331e-18
3586.884972578408	 8.319189855570779e-18
3586.555226887367	 7.820421715535419e-18
3586.225511510156	 7.351556686480003e-18
3585.895826443992	 6.910801959332584e-18
3585.5661716860845	 6.49647221097368e-18
3587.4829887636965	 5.056407752453433e-18
3569.2631130571117	 4.719093968066679e-18
3618.0064695954857	 3.1653204244852264e-17
3613.1770674608483	 2.9076524571885334e-17
3606.2986799286755	 2.734454104528337e-17
3616.336353543286	 2.3204204328384632e-17
3611.5032780636216	 2.1291886758789433e-17
3614.3420928238284	 1.601258710546222e-17
3635.8492962392966	 5.022316999402714e-17
3635.5150492121757	 4.721209349265044e-17
3635.1808329127007	 4.43815428660487e-17
3634.8466473380427	 4.172069487826383e-17
3634.512492485373	 3.921937518888597e-17
3634.178368351872	 3.686801944921492e-17
3633.844274934719	 3.465763673085938e-17
3632.1742684952847	 2.544161241134557e-17
3627.8358427029257	 1.1388942959103831e-17
3627.5023323600853	 1.0706131051298109e-17
3647.9697523975733	 1.2115303007615884e-17
3637.008257206732	 5.423417850059873e-18
3668.5526555539186	 1.370995425546836e-17
3668.2154020763824	 1.288798859502718e-17
3660.803664544196	 6.0868791100334435e-18
3668.822480660762	 5.7693107100747415e-18
3690.608630703104	 1.9867406670854213e-17
3690.2693495991393	 1.8676277529125044e-17
3689.9300996856073	 1.7556561262552887e-17
3688.912537058907	 1.4584342956321267e-17
3686.8782535600935	 1.0064256401946885e-17
3686.539315393189	 9.460864661454752e-18
3686.200408385187	 8.893648628133885e-18
3685.8615325332275	 8.360439426109074e-18
3685.522687834442	 7.859198212140818e-18
3685.1838742859627	 7.388008379658116e-18
3684.8450918849335	 6.94506823018909e-18
3684.506340628484	 6.528684084169144e-18
3703.3882619749097	 3.257977514693431e-17
3713.124907809196	 3.0550842094275575e-17
3712.804036940632	 2.882593311676914e-17
3702.366988025072	 2.7064218731500624e-17
3718.4791190746973	 2.3768878091834415e-17
3711.37752139882	 2.2261107598636346e-17
3711.0363309913078	 2.0926466675077684e-17
3716.4285308222993	 1.6402253033905554e-17
3709.3308493853738	 1.536178183240655e-17
3715.8705109735574	 5.022316999402714e-17
3715.528907521307	 4.721209349265044e-17
3715.187335472981	 4.43815428660487e-17
3714.845794825697	 4.172069487826383e-17
3714.504285576564	 3.921937518888597e-17
3714.1628077226924	 3.686801944921492e-17
3713.821361261199	 3.465763673085938e-17
3712.114599738424	 2.544161241134557e-17
3736.6205925176796	 1.1388942959103831e-17
3727.4763193242306	 1.0522388043958504e-17
3730.229104986963	 5.103518787953749e-18
3755.4687016538855	 1.2240789348269726e-17
3750.948523102106	 5.445818007707797e-18
3743.3438098982197	 4.711805487957662e-18
3753.349405787903	 1.364231071470283e-17
3728.6004993419388	 1.288798859502718e-17
3754.939340880147	 6.049362226373739e-18
3724.1468978955427	 5.7693107100747415e-18
3756.539159012073	 4.3771363538135035e-18
3761.256255333049	 1.8734101205370406e-17
3750.741622373868	 1.7775000794125602e-17
3767.693483211862	 9.490156471577621e-18
3767.3067081477316	 8.857066588291005e-18
3766.9603761177564	 8.326050623382708e-18
3766.6256187532003	 7.84301802720159e-18
3755.986626796548	 7.297216086121778e-18
3755.641335432245	 6.85971929161439e-18
3745.228477599929	 6.60991426767746e-18
3788.612288138247	 4.049512465762325e-18
3770.309586528282	 1.5135521382208533e-17
3827.1423992569275	 3.821466497276255e-18
3805.4116832657282	 5.098262626934725e-18
3815.3955145452883	 4.763062218718745e-18
3844.968283677645	 3.536344773081239e-18
3835.723926140524	 4.3681248905831305e-18
3897.970495780007	 3.7425524057798175e-18
4142.639717170351	 7.376597852026167e-18
4042.6633779435897	 1.949356585248427e-18
4127.792969001584	 1.823067945270958e-18
4123.321635141496	 1.983805243972366e-18
4218.1630352944385	 1.6892222417342497e-18
4213.580897641676	 1.834374232685568e-18
4310.604047996487	 1.5879467269012927e-18
4294.193481219914	 1.7173033658260694e-18
4424.11003532955	 1.574910264129387e-18
4419.665340959592	 1.4743985438041422e-18
4475.738444489385	 1.3860025542749938e-18
4527.14875492308	 1.2853800363920339e-18
4521.1197947061555	 1.4927430773630585e-18
4572.616957669139	 1.1903091280374832e-18
4582.431437235128	 1.3619347032962863e-18
4622.128100861975	 1.1012968420182132e-18
4636.198670775977	 1.2502952835700065e-18
4646.265051706089	 1.004421008237824e-18
4670.950550757429	 9.119296048718906e-19
4686.422880489288	 1.1608913033361434e-18
4724.693904235335	 8.382566636952397e-19
4717.697118309972	 7.725629484128685e-19
4720.005085020323	 1.0734466501986083e-18
4750.334948159659	 7.20749239709089e-19
4745.182335867652	 9.885060117618034e-19
4770.5231246361045	 9.14046357292464e-19
4830.288940161376	 6.637660080044981e-19
4819.862264797478	 6.123146246336791e-19
4810.682293839492	 5.754853426387122e-19
4808.920904145366	 8.279552074491275e-19
4808.478815547928	 7.783160375273757e-19
4834.2761435971115	 7.316529310065863e-19
4908.348258393441	 5.437771773836333e-19
4899.331554667883	 6.230069247178561e-19
4898.88115453477	 5.856552101320234e-19
4982.207197884723	 4.986889766263469e-19
4978.8842446426415	 5.370946217380128e-19
5059.555290627427	 4.52481350922151e-19
5188.4455404461705	 4.475491727932596e-19
5284.339451339516	 4.3125112515168297e-19
5320.828225845386	 3.988256476604737e-19
5410.519334340463	 3.735097865818559e-19
5428.327087180832	 3.4555298592187643e-19
5400.120889455403	 4.041446512576735e-19
5523.907004230919	 3.2685028928638424e-19
5518.160103905332	 3.6607953841933777e-19
5639.028331712834	 3.415879083920648e-19
5669.33365101338	 3.230998174616237e-19
5801.618295846671	 3.422455809025232e-19
5954.775275924111	 3.547166018083031e-19
6132.968619822879	 3.782739307851861e-19
6069.328340283154	 3.560348964050397e-19
6195.940288964598	 4.174779462186054e-19
6264.616111247874	 4.5804677766155795e-19
6254.358414770831	 3.7991459045697565e-19
6340.139245873361	 4.986889766263469e-19
6323.681743750253	 4.168331657315972e-19
6393.71467174397	 4.545204985977566e-19
6508.147317101089	 5.207453159676137e-19
6446.777517534435	 4.865073695804044e-19
6683.11286680454	 5.316882050070869e-19
6836.150728485544	 5.905030243332213e-19
6845.591463774536	 5.40425570635427e-19
7024.936837371617	 6.019712195088972e-19
6940.073711532741	 5.784580093416458e-19
7210.147370642651	 6.100474000742103e-19
7368.015447513111	 5.660750802230861e-19
7389.18003331646	 6.249358182383838e-19
7408.7364740421735	 5.929419588210863e-19
7452.228489136207	 5.203877076336197e-19
7487.510696970575	 4.818035571284388e-19
7527.428289415821	 4.428090043685092e-19
7567.333412524904	 3.9890393455718295e-19
7550.4543873859975	 5.539572298675119e-19
7602.381180869114	 3.627002256653344e-19
7641.294129068659	 3.367648772461898e-19
7611.857531299264	 5.3049418897620675e-19
7631.827907080339	 4.956152739980815e-19
7672.560792239713	 4.573393399943751e-19
7671.855446548443	 4.299200484606874e-19
7725.241107328748	 3.1727429471546404e-19
7719.825032963025	 3.9753612982293393e-19
7783.195868713099	 2.95303576954875e-19
7760.908662121153	 3.6307415908682516e-19
7874.353465724751	 2.8411026052561674e-19
7916.419583376278	 3.3572543676173725e-19
7998.605228655803	 3.1316774636824077e-19
8008.70431966866	 2.930301785343079e-19
8135.079784140371	 3.4342314714296504e-19
8141.813668476259	 3.2550586352758694e-19
8299.53785204425	 3.5713721706554993e-19
8500.088229480125	 3.7322123854561105e-19
8668.477834686713	 3.4599836218875696e-19
8716.772821005428	 3.7339434060683995e-19
8780.295991846384	 3.21505675332004e-19
8913.819347199571	 3.003673304680744e-19
8883.331815814015	 3.4413163079223284e-19
9020.329208131028	 3.1820976282595645e-19
9184.933487656748	 3.0599050723198304e-19
9274.469294230012	 3.298470258103266e-19
9423.418450060119	 3.076503432824307e-19
9482.525234200826	 3.3572543676173725e-19
9528.329097801394	 2.8663073405243627e-19
9686.237513764832	 3.084325520200148e-19
9774.051162366142	 2.821652252606097e-19
9938.894432383027	 3.281036561999546e-19
9930.121240340046	 3.0561237525982534e-19
9928.952762150227	 2.823591280654537e-19
10217.646840201045	 3.315996587664127e-19
10149.111281980802	 3.14623270862608e-19
10656.555194566336	 2.76143942875153e-19
10733.33948734662	 2.621686736694852e-19
10790.923494771789	 2.464506309259256e-19
10848.683454260878	 2.2977297992945954e-19
10906.802718002311	 2.1488718768474965e-19
10965.233341996103	 2.0096576823453053e-19
10920.531885474376	 2.7207667688244235e-19
11023.993885812693	 1.881400120299995e-19
10978.918302274635	 2.5262148244818e-19
11037.819831829698	 2.3747583135461053e-19
11149.395141145651	 1.7680821658722016e-19
11097.03736612115	 2.2323822159159255e-19
11156.470032845067	 2.0856076213480073e-19
11216.117888479617	 1.936473552776476e-19
11399.339477775018	 1.781405978348502e-19
11429.404258130788	 1.6797884313301683e-19
11517.631960134006	 1.5860674122112325e-19
11759.611057152179	 1.7480686137885771e-19
11797.222036947185	 1.598725476974402e-19
12089.806487693133	 1.8147556794925216e-19
11938.477915256552	 1.7218484778376498e-19
12204.681027109964	 2.0823864713208472e-19
12225.484515684891	 1.9324868229131874e-19
12273.261287188763	 2.320333142037239e-19
12367.300509363302	 2.5655648393275596e-19
12433.517303284169	 2.7888917628405504e-19
12335.789256146709	 1.8203743497394039e-19
12489.895031476222	 3.019633238865892e-19
12487.595441422387	 2.1644278965702678e-19
12438.624097558532	 1.9972710237471248e-19
12404.136878788308	 1.924537969421492e-19
12647.470683245618	 3.2235869941500746e-19
12543.853735123546	 2.3796574516796505e-19
12613.779356727	 2.5735080919604475e-19
12649.314602586936	 2.7376403972353687e-19
12863.8610792502	 2.9328910714864757e-19
12931.219282191863	 3.2853863284584103e-19
12965.324264169933	 3.097976550023166e-19
13195.031320528182	 2.8454973791658735e-19
13151.603652597894	 2.621686736694852e-19
13256.31713992814	 2.444993340384253e-19
13178.392196781755	 3.0410451441805097e-19
13398.718122586903	 2.281215721772297e-19
13485.863666757132	 2.142239283677562e-19
13394.09961883869	 2.8587225314430927e-19
13429.363676333973	 2.687330876169081e-19
13501.411763377613	 2.5262148244818e-19
13647.296936753439	 2.302470027222673e-19
13832.57150616048	 2.121370828243957e-19
13805.796382335357	 1.9525028885135861e-19
13937.533235877603	 1.8349023680536374e-19
14004.795011637858	 1.7041969638301172e-19
14244.074140682773	 2.0171265204273525e-19
14224.523173541864	 1.665311438859693e-19
14298.63522836443	 1.8573221486402883e-19
14483.295405077446	 1.7432717946998498e-19
14624.439715226483	 2.168893122014436e-19
14604.945515165102	 1.9948028686465798e-19
14603.450710067256	 1.8621129640811423e-19
15010.134786948942	 2.2104078592118337e-19
14981.426925167312	 2.0663551920396295e-19
15089.304104039176	 1.9557246427594456e-19
15197.813697713469	 1.8392291910607742e-19
15279.560167856256	 1.7450690573995895e-19
15297.19968883673	 2.0599772904620414e-19
15453.231085599824	 1.6300943359512712e-19
15387.447857081816	 1.5044250201796834e-19
15518.777501133456	 1.3889550251162293e-19
15474.967775079085	 1.2936288465568303e-19
15463.199462060717	 1.936473552776476e-19
15569.409447224816	 1.1980360048660833e-19
15587.901076476275	 1.7722514223552838e-19
15661.236361964342	 1.0709773990299466e-19
15730.206299634583	 9.73911469356167e-20
15713.415719544124	 1.6086404391603263e-19
15711.971170537196	 1.5121961202116021e-19
15796.120147903459	 1.412772298041371e-19
15837.319984785267	 1.3063545970821846e-19
15924.726560481651	 9.064474789357957e-20
15878.821921863184	 1.217951796221384e-19
15920.530192198128	 1.1402213800194765e-19
16052.815597385155	 8.519853247319166e-20
16004.937804741594	 1.0275198677537128e-19
16115.601302230285	 8.032195895023503e-20
16209.850997979238	 7.361856734936153e-20
16294.70605040364	 7.042574620052178e-20
16221.734815422727	 9.278682295888923e-20
16570.35553520843	 8.56966345844643e-20
16529.873964170423	 7.940029770707033e-20
16748.807260906713	 7.626595479824027e-20
16677.48695967295	 7.032422214645927e-20
16840.4444209844	 9.365132667860147e-20
17018.626879125615	 8.562097779972294e-20
17211.9325546279	 7.956878596727878e-20
17169.946744236422	 7.390522272280918e-20
17168.62083710086	 7.016497996208635e-20
17176.283047364588	 9.471888830418892e-20
17236.92216981027	 8.83091316889375e-20
17658.46103745943	 8.237556266666736e-20
17660.260434556836	 7.574011711326249e-20
17547.322956710555	 7.245741801328338e-20
17842.45512602217	 9.178831632929015e-20
17958.48907054678	 1.0034538355234943e-19
18084.849077064006	 8.509324721646765e-20
17967.95739413658	 7.771660701845464e-20
18360.299610384183	 1.0413768401573545e-19
18235.945108358843	 9.452388506230194e-20
18670.961470479466	 1.1179502471648903e-19
18690.748686053234	 1.0403043165553424e-19
18989.131870729037	 1.182703659204346e-19
19100.82039947508	 1.291060600436758e-19
19197.20999975733	 1.3896708268603013e-19
19086.518236119526	 1.1055127323559314e-19
19303.98807741648	 1.49053753911454e-19
19527.107059354374	 1.5818703680416835e-19
19367.50884985716	 1.1833131687468945e-19
19607.65404932817	 1.2465197782055057e-19
19690.18051726374	 1.3495921150020504e-19
19835.48334352675	 1.4392208080929143e-19
19965.04438320727	 1.6036752954937306e-19
20061.10565354563	 1.5010183998271837e-19
20120.839750438863	 1.2331056077147765e-19
20118.99002281765	 1.1591760783850397e-19
20117.14046524366	 1.0896789150041084e-19
20060.856671757574	 1.0322955202700032e-19
20087.262867742214	 1.358521838682289e-19
20236.85559993883	 9.592209231486116e-20
20368.562360654345	 9.033393542831452e-20
20346.664870991423	 1.48440654542195e-19
20506.475048348166	 1.1808770136335432e-19
20504.589868913255	 1.110078793863858e-19
20558.259456474512	 1.0328275165696998e-19
20612.13268699671	 9.629346670518118e-20
20853.694301353247	 8.758414596480765e-20
21042.685574666044	 8.474323512467152e-20
21495.709917462624	 9.278682295888923e-20
21583.95273060139	 8.465595728606668e-20
21758.133689742423	 1.0099743512671007e-19
22062.285164828103	 9.359344333390746e-20
22289.463175168006	 1.0261594580454674e-19
22401.935966365578	 9.605562180790557e-20
22922.695625995068	 1.0422356551175945e-19
22878.840453059842	 9.73911469356167e-20
23043.35676636331	 9.156564276126711e-20
23209.401540787523	 8.695466752194151e-20
23552.929472358537	 9.80961766858205e-20
23612.117564079617	 8.509324721646765e-20
23864.837183874166	 9.410737178237949e-20
23850.14179195588	 8.812732458292224e-20
24400.84256482046	 9.74915543856803e-20
24465.175202553957	 9.18734799253346e-20
24418.34654418824	 8.579761429994163e-20
24549.42538857571	 8.082009899814186e-20
24770.961149792605	 7.620984153309013e-20
24994.44135427672	 7.175686109184888e-20
24932.836057932465	 8.509324721646765e-20
25202.70321782673	 7.852157018088285e-20
25434.22589990325	 6.73224886607238e-20
25476.19399417088	 7.381389332872525e-20
25740.475620694964	 6.18677017041607e-20
26158.96325340732	 6.971096022962554e-20
26284.69003736486	 6.252077711193981e-20
26593.801641453218	 7.755660735430756e-20
26687.704713534426	 8.425563555923833e-20
26888.991200794968	 7.068748156958541e-20
26823.53359297925	 6.587680465686633e-20
27153.877903608292	 7.88133934594348e-20
27317.822374511572	 6.122295019120992e-20
27406.972172374135	 5.55914149971593e-20
27476.314522267414	 7.033871661734221e-20
27601.38466324854	 6.644948913061771e-20
27489.236447131956	 5.152518097274962e-20
27738.369878441223	 4.773528625931545e-20
27861.81510492939	 6.075162451441859e-20
28027.263743430613	 4.5525410441397397e-20
28162.63398637186	 5.506365354046782e-20
28365.50368421836	 5.2212354991140654e-20
28654.89865264296	 4.78501971530509e-20
29139.522890643973	 6.44710224839414e-20
29100.579191882684	 5.91578013417282e-20
29097.90394841417	 5.56110585631586e-20
29095.22895088329	 5.2276956958737724e-20
29129.500888761435	 4.6210729914471174e-20
29290.443667382093	 7.156697842157145e-20
29410.473334562666	 4.85988823208029e-20
29659.979259144147	 7.64007952624887e-20
29969.56556505062	 6.63468601550013e-20
29904.790696916265	 6.109061162535085e-20
29902.04152153176	 5.742798927113313e-20
29899.292598881453	 5.398495552722197e-20
29896.543928942243	 5.0748345193083047e-20
30115.32756896521	 7.046930136419034e-20
30248.33139447854	 4.763701087053436e-20
30078.388664161914	 7.707858205389429e-20
30731.269435904513	 6.314510426950897e-20
30727.497912927403	 5.814251091850755e-20
30724.72959890642	 5.472426505477392e-20
30638.246762134724	 5.1252850384180595e-20
30719.47613775561	 4.8779498744292364e-20
31473.969615671787	 6.614207747984421e-20
31682.225428877704	 6.300861080563719e-20
32279.435999035406	 7.063287327088284e-20
32407.854649892	 6.553151408433456e-20
32703.48726643924	 7.684067541907487e-20
33195.48778852032	 7.031387078167788e-20
33140.72536652456	 6.174563296560053e-20
33484.152890588615	 6.624438968634561e-20
33401.75409910148	 5.805869407963378e-20
33354.85506158505	 7.644579504131188e-20
33519.850225369904	 5.431975896932023e-20
33952.46246142437	 5.0701303200405067e-20
33893.12925257391	 6.169793252566839e-20
34260.421481315425	 5.742798927113313e-20
34557.52565047334	 5.465663879258332e-20
34899.55105751423	 5.0981959168517605e-20
34814.291048920655	 4.723619259143948e-20
35064.58169789386	 4.436760752617475e-20
34933.83768020866	 4.128002998588812e-20
35249.35317026621	 3.91263428769625e-20
35149.574461808	 3.625377144989666e-20
35204.121068328284	 5.588679842758474e-20
35613.963296135254	 3.558753717006471e-20
35827.668893187954	 5.1173692100178775e-20
35774.82558105255	 4.7353154901017465e-20
35994.240020965895	 4.410712856100257e-20
36182.34604448496	 4.0333966254241154e-20
36203.14220499205	 3.756578240405578e-20
36467.45744154988	 5.1570709879633833e-20
36563.35711080789	 4.8379036871964255e-20
36821.866420996084	 3.6030318921741583e-20
36742.33196730746	 3.320664257618918e-20
36759.29300023064	 4.529145764003407e-20
37007.22104564514	 3.161067577942443e-20
36956.05236707897	 4.2226522805808594e-20
37103.232540779245	 3.92879450755873e-20
37839.47760287452	 3.721900932807299e-20
37757.658349017795	 3.424919742294345e-20
37960.36651887889	 3.22755439865855e-20
38604.61465846897	 4.522150652434289e-20
38599.876872042245	 4.1638888196635377e-20
38855.729651659676	 4.9488299899380967e-20
38805.48334325574	 3.815093220246827e-20
38871.27186308666	 3.518643566104026e-20
38692.55542714707	 3.350567277062578e-20
39730.58213155005	 5.63494064781742e-20
39677.4028838506	 5.1634517944394886e-20
39719.66630378439	 4.68419645461629e-20
39667.02639661711	 4.330613472388631e-20
39340.440251471366	 4.039635705358793e-20
40558.167208857216	 5.847899004977144e-20
40775.11064564558	 5.438696841255237e-20
40771.36215157907	 5.112625582536188e-20
40767.61400211505	 4.806103577777371e-20
40689.63081200072	 4.4919631311475913e-20
41028.328856854256	 4.326599140759015e-20
41278.98283649046	 4.1067893981798545e-20
41984.84091018436	 5.376844068377143e-20
41894.40489188454	 4.975418415189752e-20
41890.553500050795	 4.677122519564756e-20
42115.2949187524	 4.3967106356793685e-20
42439.09381629861	 4.0664841165283914e-20
42335.48133916611	 3.7717052357077977e-20
42292.987762982644	 3.5331764995357656e-20
42891.68420077496	 3.3750709635095535e-20
42705.12453917235	 5.385161266772071e-20
42817.55882068058	 5.062299676226716e-20
42988.93917170444	 4.773528625931545e-20
43336.05130671727	 4.3980700096467783e-20
43559.058040630625	 3.953160072216135e-20
43500.88769957856	 3.629862797798967e-20
44032.02657081976	 3.3713467969563506e-20
44289.41367852853	 4.8379036871964255e-20
44523.20437317782	 4.2928483860772324e-20
44705.6552519067	 3.897687894175656e-20
44945.45237371703	 3.661418154452601e-20
45269.078473957125	 3.464675459572203e-20
45099.87069570846	 3.2036972414343554e-20
45088.40082437373	 4.9692699735447335e-20
45391.81014646251	 4.656924384271666e-20
45423.70385589279	 2.9912107280147334e-20
45655.268628723585	 4.3283828285436853e-20
45995.20536947544	 3.9368996300383735e-20
46470.99491675741	 3.530576937643866e-20
46304.33836860158	 3.31451082494602e-20
46769.08324744197	 5.0069627925075137e-20
46706.444821588375	 4.5854976010356205e-20
46424.39916111868	 3.0334246060321034e-20
47011.833251974334	 4.187985847304526e-20
47205.821382853304	 3.8757175917093083e-20
48062.025859061956	 5.2033323650117106e-20
47997.73422635495	 4.770578237371504e-20
47993.32174974585	 4.484563315767892e-20
48307.14411754449	 4.09692705971093e-20
49196.19743346703	 5.351969467644467e-20
49325.63075131333	 5.02488060767688e-20
49321.09619993465	 4.723619259143948e-20
49316.56206542131	 4.4404197129116325e-20
49337.059669926166	 3.7161525834207307e-20
49581.14377174923	 4.174199092919178e-20
49487.2720115179	 3.953160072216135e-20
49567.47090599617	 3.46753274907812e-20
49562.91412202583	 3.259640527624483e-20
49468.09149708419	 3.04595345615331e-20
49915.642311517535	 2.916941094473636e-20
50743.377481702286	 4.7457364507442335e-20
50675.54046943923	 4.353431806837161e-20
50724.720509980696	 3.705955208152837e-20
51039.48713295302	 4.068879260259593e-20
51025.412103565104	 3.380042919114322e-20
50927.83828176267	 3.1604161870133654e-20
51242.41013971577	 5.112625582536188e-20
50866.72728531075	 2.9308002848796626e-20
52186.13630529541	 4.718511246766028e-20
52003.12428797636	 4.3777234580092227e-20
51685.767306761445	 3.762389122423763e-20
52468.030550027535	 4.1484711395771516e-20
51771.29009753872	 3.376561781771198e-20
53583.18649301078	 4.8379036871964255e-20
53511.596771060416	 4.4404197129116325e-20
53796.854712844586	 4.079794988892916e-20
55066.86912334625	 5.174814950292929e-20
54993.252189247585	 4.7470406822883706e-20
54988.19660812799	 4.4624369296535654e-20
55041.562032816866	 3.79874823226369e-20
54967.97893086528	 3.484726038233694e-20
54963.12779452924	 3.283914280948026e-20
55382.09801492871	 4.1195044405751027e-20
55611.8633319256	 3.1578119653206125e-20
56437.58212926069	 4.9846553445148294e-20
56355.14368519137	 4.656924384271666e-20
56503.04829305009	 4.353431806837161e-20
56576.32502298785	 3.65753954243982e-20
56482.89677393776	 3.424919742294345e-20
56909.37072974846	 4.094113601355389e-20
56801.34596029522	 3.8645513643299584e-20
56828.33291386167	 5.318982248375247e-20
57744.70970397696	 4.2576056684076427e-20
57739.401178793945	 4.002345469145161e-20
57734.62392338573	 3.7857226755664596e-20
58849.50186959552	 4.5227793999378434e-20
59872.57979473697	 4.8886527451139875e-20
63149.815840014315	 5.410190134593879e-20
64642.456947606785	 5.42414529172893e-20
65227.69401117667	 5.215858100569637e-20
66749.91830228367	 5.225849110175182e-20
67792.53110578885	 5.048903842495414e-20
69337.91725159081	 5.0222184252082366e-20
70421.13876386124	 4.860746791836308e-20
72026.5407659715	 4.8393282309317724e-20
73151.09238862152	 4.6548682608052895e-20
74857.7177443952	 4.642550570180277e-20
75534.39648384973	 4.4230664838332714e-20
77337.12413113196	 4.427626537196167e-20
78036.57425853629	 4.231363633098078e-20
79856.96883684618	 4.212718407669557e-20
81103.56403141223	 4.044991168964627e-20
82952.60394325682	 4.0307256847020387e-20
84248.29761832122	 3.8942468426638227e-20
86168.80640923156	 3.8736642359718325e-20
87515.08097440697	 3.752433105921395e-20
89718.910272148	 3.7276581740571405e-20
92193.42866134521	 3.713855730310868e-20
94735.5865524842	 3.684125506697314e-20
97122.30335858512	 3.6867295831944625e-20
98639.45284650325	 3.5650456988562254e-20
100888.28478593634	 3.552472839933159e-20
102463.85903035673	 3.4261299586020604e-20
105045.49846678245	 3.433400242122943e-20
107947.89672502383	 3.5324484293297735e-20
110930.79395500937	 3.6411012263834484e-20
113786.77413273136	 3.693247830161528e-20
114817.11260027457	 3.555088523766086e-20
117496.14646240143	 3.552472839933159e-20
119330.7725467383	 3.420083150416308e-20
121807.26911522791	 3.1839510407106235e-20
121674.57853202942	 3.45042428988873e-20
124476.29308647865	 2.9868986709042497e-20
124003.16904729143	 3.2435577878280495e-20
126664.91891238494	 2.779037986823972e-20
126374.00012742533	 3.01162299597443e-20
129490.04251063765	 2.7533844401841254e-20
130068.11111997609	 2.607045385780906e-20
133172.15348740784	 2.607045385780906e-20
134377.40873158813	 2.50177366578724e-20
137072.44105458984	 2.3409025751842562e-20
137462.70552464336	 2.5407429687678762e-20
139311.4896852598	 2.152340202065005e-20
140090.22709321883	 2.3517824984094962e-20
141761.5371436335	 2.0080673873583483e-20
141995.01757261858	 2.1971575778851607e-20
143645.24549052064	 1.8728218893700492e-20
144705.84578562636	 2.0025571139633678e-20
147248.20580121217	 1.846632381737002e-20
150851.51843883385	 1.8308432381931294e-20
152214.44588140197	 1.738903339584997e-20
153726.0085144558	 1.6296038265412044e-20
155568.63740103153	 1.5197177526105964e-20
154864.599150897	 1.7696329085887345e-20
156968.831941942	 1.6430930202441752e-20
159010.40960068034	 1.495714967364954e-20
159264.51745042737	 1.3855764290521816e-20
162460.98952344013	 1.3377748669927904e-20
166211.94770544063	 1.3257184459637004e-20
168804.80068194796	 1.2639729402701367e-20
170549.3802715919	 1.1938030767155304e-20
172115.59150063724	 1.2517521764602936e-20
173381.7525345684	 1.1286080932605456e-20
176218.29352597272	 1.0552195946887228e-20
175877.80157541373	 1.1338535782868044e-20
180380.78376334393	 1.0473657500645266e-20
182013.01497299748	 1.0040382971114518e-20
186695.90304608096	 1.0069393634620338e-20
186508.39564687022	 9.428701818335038e-21
189150.99624772187	 9.084006854054469e-21
192253.38231110413	 8.730039010946737e-21
194265.64280287302	 9.001476550631507e-21
197492.18180877672	 8.518668834818311e-21
202539.55475273164	 8.895438042406735e-21
201421.23355396083	 8.349206545660493e-21
207261.3454661042	 9.29685102160814e-21
212223.6263422674	 9.229580472556592e-21
215536.51132431734	 8.86210942482444e-21
218998.05509505322	 8.265743794584092e-21
219173.53954356723	 8.964450984681184e-21
223648.2779445759	 7.842575467172835e-21
222761.0302246825	 8.426996903010845e-21
229085.86845332582	 7.760178019264407e-21
231160.5936336193	 7.47758169520979e-21
237110.9452173326	 7.562821056499319e-21
243657.91644249525	 7.687411412181815e-21
245414.51511076977	 7.317510674297822e-21
250589.37982345076	 8.545043509749001e-21
250390.29565337306	 7.911975876336397e-21
250023.86066700492	 7.378082033607136e-21
253503.79858942158	 9.444908582565441e-21
257099.92086468008	 8.682619139767393e-21
259953.20202365826	 9.615119244035866e-21
260639.2056672906	 9.075987090449063e-21
264584.4082214856	 8.514280976995238e-21
265836.5657262633	 7.872938980023385e-21
265907.4503851646	 9.418991111464534e-21
267260.3129384758	 7.355309239644608e-21
268692.39112592	 6.88386199405559e-21
270455.1467965384	 6.3803419116651725e-21
268792.9835128205	 8.854285562098054e-21
270230.08010600373	 8.221148428989326e-21
271679.8554492395	 7.728258257942766e-21
273132.38664852944	 7.175639162585986e-21
276079.4007614859	 6.473052862643889e-21
277573.10393886326	 6.272778686595854e-21
285232.3293897756	 6.301932975733117e-21
293101.7772423767	 6.314933894597301e-21
298320.191048357	 6.801267303649738e-21
301960.02636224654	 7.36831364397133e-21
300367.9952579693	 6.301932975733117e-21
303684.71114660014	 6.7246112943918345e-21
308842.23505629617	 7.309974302637229e-21
313670.78552696836	 7.131411634031492e-21
320830.0159568347	 7.22652087376328e-21
325838.7125831488	 6.944931917704996e-21
333140.4389283414	 6.957210762786397e-21
334625.5913886138	 6.560347442242684e-21
342915.4368139073	 6.473052862643889e-21
347770.4077474951	 6.191588784429268e-21
355882.1489532634	 6.1543324018987915e-21
359102.4584472182	 5.8997398227692696e-21
367671.2204884936	 5.8875936879029585e-21
370993.0909040662	 5.5919349687840125e-21
375209.14264639595	 5.216591831615856e-21
377020.54173622717	 4.850707956143339e-21
378481.45631601056	 5.696621582780173e-21
382566.9129240477	 5.154760314955784e-21
387404.5818279168	 4.712753509668838e-21
397863.6359346696	 4.814191436167231e-21
394645.99590565264	 4.478398790690061e-21
408350.1982397084	 4.854708295309613e-21
407355.16197231185	 4.5171312063433745e-21
413705.9681765765	 4.280200333975421e-21
420325.04314504063	 4.466876835529126e-21
424415.174469608	 4.268874087866393e-21
434830.70726325666	 4.399012467838824e-21
440997.8190638235	 4.277680796200404e-21
450318.53108746005	 4.43020540783791e-21
453559.34537988185	 4.181798069172738e-21
451864.7134423183	 3.870788832973672e-21
455946.56449609355	 3.6726221250623236e-21
454243.7092170676	 3.402986155965002e-21
458345.64596191735	 3.2221215556776794e-21
459955.83481849753	 2.9693433812618156e-21
462939.5133535622	 2.8420693376301645e-21
460212.6436044853	 4.321987612898507e-21
461420.05183489324	 4.037825709489686e-21
462630.62780668336	 3.772346873822184e-21
463840.11548950797	 3.502600334925007e-21
467022.21478106914	 2.6410197289661257e-21
465052.7652207744	 3.252142370933796e-21
470500.97730720637	 2.407106754468344e-21
469016.53345434816	 2.196173121258422e-21
472751.7893765679	 2.0508733003233422e-21
471474.27200548036	 1.8991840083928986e-21
475425.5054397228	 1.7513081970652645e-21
476425.53366521955	 2.603193458144356e-21
477671.0863375189	 2.417048745343135e-21
478924.29832351446	 2.2581327017018004e-21
480180.7982210599	 2.1096650650176333e-21
485380.8397762764	 1.9539724746181914e-21
485336.2182616041	 1.8368241424169648e-21
487942.46604341106	 1.732504353328583e-21
499401.7279276045	 2.027260796426974e-21
498738.6807031354	 1.871211327005015e-21
502226.67959466414	 2.3162644843252276e-21
501568.38671746413	 2.1624887475093543e-21
505155.9713937611	 2.6890764362062806e-21
503728.75125646876	 2.5006527231253578e-21
510042.5870547059	 2.880990717091406e-21
508833.9249485345	 1.9790994579325885e-21
506959.95777168346	 1.8991840083928986e-21
511725.2994993335	 2.300407203786464e-21
509815.6858379297	 2.1359136134484137e-21
519191.8332551606	 2.6872957128048484e-21
518339.1545050473	 2.531765957733037e-21
533789.0653027282	 2.7394186359018746e-21
531392.1163733967	 2.5150503155540744e-21
547420.9716336442	 2.8245520545093404e-21
546372.4863937566	 2.6355825092282423e-21
562481.0062656617	 2.6882452851569253e-21
562429.2968605594	 2.527074411055702e-21
565453.9890981871	 2.396217790780961e-21
578753.1878863398	 2.5911504460953193e-21
578654.7618864074	 2.311098914765496e-21
585105.7779542836	 2.9296883638481742e-21
585389.1500010653	 2.7015745834948e-21
586788.2894516983	 2.4380607888988223e-21
587365.8007501176	 2.272137170055269e-21
600068.4514431449	 2.9798524370966943e-21
601582.2067523865	 2.838557211409751e-21
600421.1534885757	 2.622578809173387e-21
614858.6682079905	 2.535682232687677e-21
613529.7403972744	 2.3347959213221093e-21
612355.3864687874	 2.1803889445514726e-21
615425.6139178937	 2.9824855074047638e-21
617045.9097833032	 2.8036737751284082e-21
616994.8565016689	 2.651927842616146e-21
617891.7393821601	 2.079449174838038e-21
615582.169761051	 1.922813741969975e-21
621152.4550687601	 1.8432707342502766e-21
623684.5314769199	 2.4775689755958697e-21
630422.3954347001	 2.2553421831997498e-21
634954.6959850364	 2.118378542634002e-21
633737.0021531304	 1.9733975268628697e-21
638292.741220475	 1.8527921401492936e-21
647945.7459743107	 1.722671030340121e-21
649538.1918511696	 2.1624887475093543e-21
649478.4791975525	 2.0328390449340193e-21
652208.964979056	 1.6171667445032618e-21
652959.9080141687	 1.9050640774302184e-21
668162.6944441886	 1.76338040121458e-21
665294.0563280181	 1.5202112400267277e-21
670223.6926877716	 1.6542460952888675e-21
684669.6079761714	 1.8413723327388054e-21
681793.9969930822	 1.5272767974544376e-21
685610.9356901195	 1.6782834792990522e-21
693039.1090214425	 2.025669824485188e-21
696536.4332882253	 2.1803889445514726e-21
703189.0774245627	 1.848501436273963e-21
706469.3843651176	 1.718787081274841e-21
712137.0264958582	 1.9866886749550332e-21
711545.855767867	 1.6105148898198129e-21
710183.4544554163	 1.5033869773878214e-21
710122.0837265765	 1.4185053336687956e-21
712507.0305272762	 2.1691840351021425e-21
725992.6970893806	 1.7743165189216244e-21
730998.532558397	 1.6300730063854268e-21
729777.5840958715	 1.50710953848807e-21
728390.5422274651	 1.4202604400151168e-21
746061.4164831085	 1.8413723327388054e-21
751432.9109100086	 1.7417099668057602e-21
749992.2989163294	 1.6231769006967636e-21
751661.5778795022	 1.5081748193859723e-21
764538.1079263883	 1.8075334982964313e-21
766543.9407013005	 1.6886918436331237e-21
768551.5031009645	 1.5727942534973427e-21
770579.9086519796	 1.4849116394164359e-21
769108.7169445871	 1.3912901255764389e-21
776461.5974209204	 1.3233700151753773e-21
783256.3303474473	 1.4739355980953917e-21
796071.0229253331	 1.3787311134207246e-21
795990.277454446	 1.2878169133052433e-21
810688.5789045466	 1.2272493969917645e-21
819190.1241271	 1.5830920626922768e-21
818094.978055747	 1.4522263110070538e-21
818019.76981909	 1.365159634007697e-21
819442.8779741863	 1.297139621428755e-21
822774.443891251	 1.7309748217482727e-21
826846.4573187381	 1.2320008466899365e-21
840944.6907159414	 1.8187434443087346e-21
840790.0801587828	 1.6071992298680747e-21
839940.2300633257	 1.4984378615696012e-21
841780.0791431931	 1.4202604400151168e-21
841464.3904688319	 1.3252414903370905e-21
846999.3259238682	 1.7203058434703443e-21
854314.3414266466	 1.252739407333481e-21
860453.1058154909	 1.5923630309393702e-21
861525.6586072334	 1.4739355980953917e-21
861446.4577474842	 1.3855673639816262e-21
865956.6254063756	 1.1944984072003172e-21
861763.3048792233	 1.7743165189216244e-21
859358.1863969677	 1.6886918436331237e-21
879728.3734121344	 1.3045119272338472e-21
886622.4598716734	 1.1944984072003172e-21
903287.8128616903	 1.3461617389719538e-21
903313.6491145554	 1.2396414591552328e-21
914005.1642662433	 1.1663497850859051e-21
916758.2579432686	 1.0887026524785438e-21
922063.6707529095	 1.3573047150479736e-21
924477.1195090574	 1.262848786789156e-21
928604.164280059	 1.0265992946129849e-21
931926.772264886	 1.1509992944060077e-21
942591.6795561864	 9.510885799290967e-22
950623.7660205927	 1.0819923613729223e-21
953572.1088632817	 1.0265992946129849e-21
959030.3183191154	 9.0439196057548e-22
970123.4581121522	 9.654769076591511e-22
974669.237445056	 1.2260907214142469e-21
973367.4300453778	 1.1256639216215285e-21
980335.0748584653	 1.4049765945304974e-21
978909.8479303361	 1.318702881593007e-21
980849.2569387112	 1.039831395560424e-21
973041.7529832604	 8.988176806605548e-22
991108.724441215	 1.6027889659434035e-21
991596.8307159011	 1.4861362338969364e-21
997246.7152767438	 1.7453031230723495e-21
993074.7653811908	 1.1944984072003172e-21
992074.0298536188	 1.115962564109085e-21
1007102.6335805188	 1.402806655971929e-21
995006.0823455221	 1.3024971529365017e-21
1018433.2580885382	 1.5852685992509007e-21
1017073.4132811114	 1.4558221923439318e-21
1017347.7310393017	 1.7453031230723495e-21
1036132.4153804545	 1.3661245794503187e-21
1031174.6208246857	 1.2506388918940969e-21
1039521.8386585028	 1.5170814934105491e-21
1042271.4734525828	 1.4379313848310642e-21
1046717.4597689249	 1.1920392243910254e-21
1042808.2114253454	 1.1045222840346204e-21
1049659.8144582978	 1.0304854107415268e-21
1062190.971309678	 1.3285229424811817e-21
1063542.3670713496	 1.2511913174042218e-21
1070013.155089769	 9.896513827779454e-22
1072623.6563161411	 1.158137552127179e-21
1081841.9252829766	 1.0649266297608458e-21
1081614.6135968568	 9.245838152999458e-22
1078969.9492098475	 8.554426845821222e-22
1078870.7584930493	 8.041555323349392e-22
1076806.3578364414	 7.512839401019895e-22
1085401.306988018	 7.099941086563447e-22
1093446.209934494	 1.30518421099811e-21
1091356.5949732694	 1.2213830411088933e-21
1098881.3841619068	 6.650733526932233e-22
1105777.016218593	 1.1489678851952254e-21
1111115.8679856765	 1.0686956022154306e-21
1108983.649573848	 9.947341355822854e-22
1108881.6996694931	 9.350959132015538e-22
1108779.759137493	 8.790332367295374e-22
1108677.827976977	 8.263317381311776e-22
1108575.9061870924	 7.767899015779664e-22
1116755.2246975326	 7.106214767713398e-22
1121628.2328997387	 1.3483829916644028e-21
1121525.1205670098	 1.267542129935851e-21
1120423.0984901586	 6.543907903998326e-22
1136338.1978703204	 1.1881850192968442e-21
1141823.6037033387	 1.1045222840346204e-21
1139635.2514355148	 1.0297777516236418e-21
1139530.483700731	 9.680385266817826e-22
1139425.7255973388	 9.100008110125983e-22
1138286.230808498	 8.545616562799715e-22
1126924.4164255143	 8.242906984418239e-22
1126820.8172096794	 7.748712302426556e-22
1143140.0328288723	 1.3024971529365017e-21
1171324.0941936027	 1.1889723643065547e-21
1173297.3031571675	 1.0887026524785438e-21
1167885.8944993059	 1.0265992946129849e-21
1167778.5296564773	 9.650506306655225e-22
1168295.0450072824	 9.010432578303432e-22
1158097.442146254	 8.660861412655214e-22
1192206.1728674665	 1.3007088549331057e-21
1202520.5859266315	 1.1725471520824504e-21
1203494.5917303234	 1.0981670323745412e-21
1203383.9533466417	 1.03232760116853e-21
1203273.32513405	 9.70435502721331e-22
1203169.3438873827	 9.15644446371075e-22
1217376.0732758956	 8.832097657050938e-22
1223630.1120426387	 1.3121965336893968e-21
1223517.6225817432	 1.2335251923891565e-21
1239685.6295516866	 1.1612103415029032e-21
1236653.814813472	 1.0739945838942903e-21
1236540.128071397	 1.0096043860124339e-21
1236426.4517806454	 9.490746336537034e-22
1252125.11568475	 8.978919800503236e-22
1257334.8705208988	 1.2769812091007299e-21
1266337.6477524196	 8.301356580745392e-22
1272119.1868762025	 1.1920392243910254e-21
1270838.8121229138	 1.1145834980425092e-21
1270721.9827220512	 1.0477598351758051e-21
1270605.1640614246	 9.849425136256245e-22
1272214.7016560603	 9.241755934087569e-22
1272466.1932276841	 7.780716544390044e-22
1270021.2318272898	 7.230304210790958e-22
1267593.3987506996	 6.763284222048628e-22
1276752.0988052979	 6.5069257275832245e-22
1299916.6673205926	 8.768620243197495e-22
1308582.2030794702	 1.124620469391563e-21
1305757.4938358818	 1.0374462570643941e-21
1305637.454327943	 9.752472750714432e-22
1305539.0301660553	 9.270369361053303e-22
1306783.8818414686	 7.802126108726306e-22
1305037.4222981355	 7.1591330275257155e-22
1304934.2445866144	 6.788419783791913e-22
1297760.6730155172	 6.476823091648003e-22
1337249.6739833208	 8.645575778917292e-22
1338351.32102425	 1.158137552127179e-21
1341872.4722709171	 1.087357273222177e-21
1341749.1126792256	 1.0221659295776141e-21
1341625.764428102	 9.608830632944891e-22
1339077.463056292	 9.062577256583816e-22
1343710.2271055195	 8.058145091711529e-22
1341134.950755266	 7.512839401019895e-22
1358848.9864401494	 7.043726611106104e-22
1362929.1151308408	 6.533127826571696e-22
1362806.3255763606	 6.1490398878563895e-22
1372610.689698575	 5.794693666101133e-22
1376308.8580358326	 7.700952599513537e-22
1377435.4463484893	 5.347174543968023e-22
1374795.5342175711	 4.985323935079624e-22
1387212.4146839632	 4.725226549092545e-22
1394754.4914295604	 6.999625177444278e-22
1394280.539221195	 4.414552504997426e-22
1401571.1958868813	 6.391580728014898e-22
1410777.3168485363	 1.0046230991189957e-21
1408890.7232764962	 9.21323082379735e-22
1408761.2026342943	 8.660861412655214e-22
1408631.6938990518	 8.141608719437634e-22
1409610.4992741966	 5.7589776868308845e-22
1417242.0874849237	 7.479734568538743e-22
1416460.536780362	 5.161560362488038e-22
1419056.2007864802	 4.784018032146821e-22
1422745.2106909913	 4.398206689536363e-22
1439260.3456173083	 6.83685768328689e-22
1439083.7110830583	 6.295216028184435e-22
1451358.9980528678	 1.02072245066278e-21
1447820.9171801677	 9.490746336537034e-22
1447687.8176488213	 8.921738779310515e-22
1447554.730353445	 8.38684546228185e-22
1447421.6552929024	 7.884021102625645e-22
1448517.3750811762	 5.81463150026369e-22
1431004.2779082714	 5.549257507658296e-22
1457841.0174956317	 7.451161732932235e-22
1473894.3372999767	 1.170133161588948e-21
1473938.7527475941	 1.0786527415364473e-21
1474930.5443446042	 6.791218384043897e-22
1470732.9913706437	 6.228113070651312e-22
1490602.4679787615	 1.0108535621861895e-21
1487744.7547191943	 9.420593459293488e-22
1488945.2207038018	 8.804836976119933e-22
1485447.324964709	 8.319706938571591e-22
1474575.7723107568	 5.776808074109473e-22
1498716.1535557716	 7.84512213236541e-22
1492600.003425339	 7.344441719236223e-22
1504558.5606904388	 1.1944984072003172e-21
1504420.2452144527	 1.1228835313316593e-21
1509759.2077997017	 1.0599220015670298e-21
1527655.961984058	 9.663300266079407e-22
1528673.9274960665	 8.96597600667166e-22
1528533.395071844	 8.428430493937128e-22
1539090.664723008	 7.8036576156501205e-22
1536530.496058664	 7.248207285383722e-22
1536389.2413727439	 6.813648761166277e-22
1536262.1232582047	 6.444867095393895e-22
1563843.3154292926	 6.0724006904599e-22
1561258.0687653404	 5.6794195460869645e-22
1571506.8324175423	 5.277835442619564e-22
1581864.481620176	 7.4973722849546155e-22
1578813.4195215907	 6.9326293869617015e-22
1578682.7913059704	 6.55740801833502e-22
1599754.486608406	 8.20477327298705e-22
1604484.3688842251	 6.065030557487165e-22
1599919.9530629076	 5.566438579690696e-22
1599772.8709249042	 5.232708701515808e-22
1626335.3317367574	 7.466533516400385e-22
1622367.2894266814	 6.9326293869617015e-22
1622218.1436840468	 6.516990998498439e-22
1642598.1599636564	 8.472549520374075e-22
1643393.6851834895	 7.812852972381891e-22
1659832.904646369	 6.271045007234443e-22
1671165.0450563496	 7.361760406027758e-22
1667079.7420686274	 6.813648761166277e-22
1689008.5754389777	 8.732552479727617e-22
1685765.3212350216	 8.121498942982481e-22
1688666.995576483	 7.622006353992348e-22
1692979.7594818647	 5.5454466990511555e-22
1705902.7834937498	 6.328386004141127e-22
1703407.0541673864	 5.903176125649615e-22
1715238.4195405853	 7.07698493835605e-22
1714303.7435339473	 5.3207921204744475e-22
1725413.2490850699	 9.720367831699299e-22
1734521.1944958698	 8.62523689109843e-22
1732205.913849016	 7.923112948135145e-22
1735208.7955558863	 7.4973722849546155e-22
1754762.170295137	 6.563202304030575e-22
1750481.703152338	 6.096045354439667e-22
1737635.296425126	 5.66480762329751e-22
1763589.5355312228	 6.990014856453518e-22
1761310.2981284503	 9.922771419108694e-22
1765923.1326196122	 9.241755934087569e-22
1780200.8157162732	 8.575608602142141e-22
1780037.1601899143	 8.061467150099489e-22
1779873.5197085682	 7.578150499534254e-22
1798830.8272375898	 6.233249344546539e-22
1812704.510705408	 7.128216339569325e-22
1808817.3769967298	 6.638995586335164e-22
1822600.7534417852	 5.866791507534991e-22
1829216.0733267132	 8.283778316723181e-22
1829047.9117818687	 7.787133237667729e-22
1842335.4147358385	 5.428068060504781e-22
1848848.4961521288	 7.194630614182453e-22
1858733.3296042841	 6.680169253196098e-22
1858562.4545104643	 6.279666842338518e-22
1871920.7898730196	 5.891022916268244e-22
1890008.7939432587	 5.380336605978391e-22
1895495.920994606	 5.205818073895576e-22
1912953.6909769333	 8.345465607006496e-22
1910395.5507985398	 7.653487266701422e-22
1910219.9263483882	 7.194630614182453e-22
1910044.3180435565	 6.763284222048628e-22
1909868.7258825686	 6.357798742028914e-22
1921542.9779233322	 5.84093987678771e-22
1953756.1121688755	 5.33616600713152e-22
1952740.531639938	 8.484198125158618e-22
1952561.014376084	 7.975537090605756e-22
1952381.5136154282	 7.4973722849546155e-22
1957518.7547465703	 7.040616667636872e-22
1962656.2812412945	 6.581778446770282e-22
1962475.8524133035	 6.187174951596749e-22
1976588.3294283326	 5.818627291580618e-22
1987089.1364507943	 5.281462349850544e-22
2030685.964416034	 7.580233140032855e-22
2027969.5554874812	 6.94979538405122e-22
2027783.1223490885	 6.533127826571696e-22
2027596.706349677	 6.141441127356578e-22
2023734.2997056656	 5.770858486251546e-22
2064821.5219315763	 5.45570514909703e-22
2060322.7203922167	 4.964817917083159e-22
2078529.8186901428	 7.606314489620542e-22
2083990.6876199346	 7.12381058240522e-22
2083799.104406466	 6.696710129616452e-22
2083607.5388054128	 6.295216028184435e-22
2083415.9908151648	 5.917793076670065e-22
2108009.78200284	 4.647960251403085e-22
2101355.7318783593	 4.236294183244342e-22
2115492.954614629	 5.380336605978391e-22
2120120.3440715238	 5.089131472646979e-22
2120357.502222198	 4.044342846636398e-22
2146360.8448923416	 6.85953977577433e-22
2141134.1328241667	 6.389323021704055e-22
2140937.296360323	 6.006257985931797e-22
2140740.4779918315	 5.646159205134131e-22
2160240.9057427705	 4.733580889417022e-22
2151589.7661424773	 4.351324632528512e-22
2180799.808736449	 5.207350951770791e-22
2157231.34515886	 4.0610470578647305e-22
2203220.4648490194	 7.125768360417703e-22
2200273.2598911086	 6.533127826571696e-22
2200070.986711981	 6.141441127356578e-22
2199876.8219543737	 5.787532793811925e-22
2193720.9918504762	 5.481061887045448e-22
2227761.5744807078	 8.108120028011481e-22
2228849.6067381096	 7.4973722849546155e-22
2211500.1634327834	 5.152450677266441e-22
2263243.3934864835	 6.975624109452043e-22
2260954.3765518563	 6.50089402839636e-22
2256622.546853184	 6.063468346294506e-22
2274636.649835668	 5.733601130590465e-22
2267936.8010243904	 8.294027775466911e-22
2273914.80564209	 7.812852972381891e-22
2281956.616961526	 7.314231996451871e-22
2300634.201245697	 5.347174543968023e-22
2293640.8764655665	 4.903804558337734e-22
2298308.7763368175	 6.763284222048628e-22
2316903.6362805236	 6.299109336799949e-22
2335661.8248478044	 5.888595278503473e-22
2339646.303555628	 4.696102301427458e-22
2330340.458361222	 4.302281540054294e-22
2351376.8222398735	 4.065233879690895e-22
2346871.7494896296	 3.7916964716113467e-22
2346655.9993742206	 3.564369360491526e-22
2346417.2590334816	 3.328647046596214e-22
2364171.1875900696	 5.45570514909703e-22
2363915.8145933375	 5.073423631239563e-22
2384913.2026538965	 3.2087526127729157e-22
2403150.2435733513	 6.143128928887096e-22
2404255.1675348766	 4.784018032146821e-22
2399053.204847628	 4.398206689536363e-22
2418028.1451455024	 6.680169253196098e-22
2411834.796116123	 4.0328985751323286e-22
2404962.585466314	 3.6899389844047067e-22
2404763.603137377	 3.4902248674952963e-22
2385101.771455301	 3.383981477119325e-22
2426192.9653242207	 5.618301621276077e-22
2425969.9231352354	 5.281462349850544e-22
2466366.542598192	 5.988953515009146e-22
2465686.398977665	 4.975060360975215e-22
2465434.037844573	 4.644130275160241e-22
2465207.388187081	 4.365696406041065e-22
2460063.518716501	 6.680169253196098e-22
2453197.661000249	 6.357798742028914e-22
2478431.8413587147	 4.102506096497665e-22
2496007.600795291	 5.421147440311773e-22
2494669.379637406	 3.779733562306852e-22
2539475.7539082547	 5.821625936956533e-22
2538775.449146707	 4.836060317181041e-22
2533306.886255882	 4.475008620871732e-22
2551671.8260741425	 6.570935983474342e-22
2548322.019767135	 6.126271765570823e-22
2551518.045004835	 4.2015157549286305e-22
2546626.3940745085	 3.9155792016400023e-22
2561663.9511833345	 5.281462349850544e-22
2564982.8227057136	 3.7243184994673404e-22
2609422.938635437	 5.661889753037678e-22
2608943.1873047506	 5.003336165502295e-22
2603306.728450949	 4.609802194992077e-22
2597688.4172802987	 6.721598270557023e-22
2618698.2368507413	 6.248683595266469e-22
2618476.7558078812	 5.903176125649615e-22
2622041.9859868763	 4.351324632528512e-22
2617013.525888031	 4.053521641949916e-22
2629235.359238982	 3.7823309799674347e-22
2675811.454470284	 5.481061887045448e-22
2675565.4646200645	 5.152450677266441e-22
2675319.497383922	 4.843541001499968e-22
2674090.000341632	 3.555565366893588e-22
2673844.1687463117	 3.3423952438879327e-22
2673598.3597505093	 3.142005507868062e-22
2678762.0189208686	 2.915078612224479e-22
2690899.263061383	 6.187174951596749e-22
2690651.8861748157	 5.816229487404172e-22
2694581.267866739	 4.581389372999529e-22
2689415.342823968	 4.269600303768481e-22
2708763.658723331	 4.0235591715531767e-22
2703575.514933308	 3.754373073231447e-22
2747109.320045715	 5.447278998075472e-22
2749314.1758835376	 5.07656131608552e-22
2747798.042224947	 3.503196193226172e-22
2747545.4345803717	 3.2931658080794606e-22
2747292.8501582653	 3.0957275702895216e-22
2747050.3909587334	 2.917332343047316e-22
2763966.3220776883	 4.659949296899111e-22
2763647.4378333916	 4.312045737387363e-22
2779894.920501754	 5.71640897406725e-22
2784910.0730652767	 4.00229309899128e-22
2778106.505409917	 3.708235044605483e-22
2783374.3097338392	 2.761873062408498e-22
2771512.957148317	 2.5410837579817895e-22
2793632.4207506008	 2.4000146773887343e-22
2831161.5825475543	 5.363729946358874e-22
2825043.736121588	 4.940322002880217e-22
2829340.1856075665	 3.4794521258222816e-22
2823226.275031404	 3.204787352658771e-22
2822966.733198836	 3.0126477507450236e-22
2845360.8203560202	 4.647960251403085e-22
2839907.56839679	 4.333426429245225e-22
2860328.043798154	 4.073620477269371e-22
2854849.6060134103	 3.80108515330237e-22
2850496.075287067	 2.8320276733928504e-22
2845552.6585406545	 2.642557990647882e-22
2845206.051247516	 2.434709406430523e-22
2907398.3417744255	 5.506536476699844e-22
2903094.11822234	 5.07656131608552e-22
2907471.8480409705	 3.544590948724781e-22
2869880.8141439417	 3.3423952438879327e-22
2869616.9833159363	 3.142005507868062e-22
2920927.0184668573	 4.758732639221982e-22
2918325.6810492035	 4.4090971611045785e-22
2939306.4221936422	 6.219562017665135e-22
2940729.95501175	 5.735289416695287e-22
2937415.45145003	 4.034630471793028e-22
2938838.068453806	 3.7204827895321305e-22
2990393.304343857	 5.36609918441076e-22
2988469.4674115414	 3.4809890507716183e-22
2974189.4575356334	 3.2008269926693013e-22
2991210.327886178	 4.964817917083159e-22
2990935.343122483	 4.667157562997167e-22
2998776.810429729	 4.3549131343534115e-22
3000446.1366972323	 6.3316473550538715e-22
3000170.3028769814	 5.952040202258229e-22
2983684.881376305	 5.688204784887295e-22
3006649.8927115984	 4.073620477269371e-22
3006373.4885742655	 3.8293909135821036e-22
3019799.148727763	 3.629601576015322e-22
3015525.582626372	 3.0019567490590438e-22
3029777.7353869593	 2.9083278608437e-22
3065634.8121055295	 3.3269325028961245e-22
3101900.4102456775	 4.1986304730004047e-22
3097749.7929448187	 3.848378427192307e-22
3097465.0139084347	 3.6176530099814784e-22
3100943.245636111	 3.081882291891006e-22
3119733.6428290564	 5.103134821446289e-22
3115560.436104537	 4.678713988225004e-22
3115319.844571259	 4.441930639508464e-22
3153945.4785213443	 3.447332994016923e-22
3147331.7039443273	 2.8460698971319562e-22
3150272.877902358	 2.5652878993700676e-22
3190030.289949543	 4.1179347997854166e-22
3183147.2079760088	 3.80108515330237e-22
3182845.7997999974	 3.566573762989859e-22
3189752.73728666	 3.1923569792487567e-22
3181968.0745193204	 2.9627746664381676e-22
3184626.3749408117	 5.195100555782152e-22
3201660.7687069005	 4.831577453490264e-22
3201366.437037294	 4.54190538905239e-22
3201113.333442674	 4.306717067640541e-22
3198401.084403031	 2.4354621693161334e-22
3234024.613744767	 2.769690122718332e-22
3216108.3340240563	 2.567403471313256e-22
3277911.3818522487	 4.017344921278069e-22
3270826.6519433376	 3.6990757027161896e-22
3270525.9617893808	 3.477301570844677e-22
3270231.3122575097	 3.272868161903084e-22
3252204.1461894126	 3.0906278373181746e-22
3243087.7277188464	 2.917332343047316e-22
3289838.0685989126	 4.690299028506489e-22
3289535.630707637	 4.4090971611045785e-22
3289209.0290137716	 4.1243046480219734e-22
3361098.888793546	 3.730079480342376e-22
3360711.1121876594	 3.4515983540914416e-22
3354299.9797831336	 3.2373142501242347e-22
3380157.962410956	 4.301394982870549e-22
3379847.2213273486	 4.0435094420414566e-22
3399468.201674352	 3.0249126679254167e-22
3396241.1809917022	 2.6941106035499575e-22
3456186.0916970167	 3.741628190084156e-22
3453421.2277459423	 3.4515983540914416e-22
3453103.751501815	 3.2446614622657915e-22
3453962.5920528383	 2.427194562407548e-22
3444921.891186447	 2.229382842166669e-22
3468369.2050839933	 4.048512446904913e-22
3475472.9895811966	 2.8460698971319562e-22
3476741.5306582	 2.079588628158812e-22
3469255.7633021376	 1.9255203370145657e-22
3499222.9666544516	 2.583325972518543e-22
3517957.677787356	 3.130924586240999e-22
3553488.7196180634	 3.7979530125251807e-22
3548741.0872721453	 3.485911774176296e-22
3554897.3980580242	 3.301320069835196e-22
3531167.025998935	 2.312206742809094e-22
3575502.975437282	 4.1413391227494834e-22
3571276.0167945093	 2.807234570145281e-22
3539548.299299582	 2.0635788881094798e-22
3532764.6082612234	 1.9239336846451414e-22
3581136.6439069808	 2.5980083311089308e-22
3614901.218973271	 3.070674372712288e-22
3651397.5274820626	 3.715374654033216e-22
3646517.5942758396	 3.409181167370721e-22
3652852.481837131	 3.233980110352254e-22
3672052.284875815	 4.245033679074154e-22
3667254.13217254	 3.974113076395745e-22
3669712.401707404	 2.7651274860784455e-22
3716858.62661583	 4.6016663128205935e-22
3714467.426138056	 2.985101374340704e-22
3722134.464537988	 2.488518258175828e-22
3724636.261780426	 2.317932035768223e-22
3724293.852484515	 2.1789628969121936e-22
3732639.9843306355	 2.0454329067471428e-22
3755269.9086177684	 3.730079480342376e-22
3747153.4375060378	 3.4345685136105296e-22
3746808.9581850977	 3.2286526276771874e-22
3771658.9106149115	 4.197806470723954e-22
3768351.394405676	 3.925274631386404e-22
3769232.454971837	 2.723117456401064e-22
3779558.1664526984	 4.638391227384578e-22
3815816.182148824	 2.9811491773884424e-22
3832365.2620664067	 2.4637324800765804e-22
3827266.148768724	 2.269715401011796e-22
3816552.9493889064	 2.148197153572557e-22
3792064.722502214	 2.0256565716328042e-22
3859988.513353403	 3.729255937799706e-22
3850552.4479852193	 3.4515983540914416e-22
3850198.4630965167	 3.2446614622657915e-22
3841175.7725781375	 4.1756194335260507e-22
3865217.0699944077	 3.8770363690253874e-22
3878122.943735164	 2.729739659466286e-22
3921198.1939986655	 3.0416570066244745e-22
3941492.3796159676	 2.518924253778394e-22
3925830.2971162354	 2.3136367389191882e-22
3964171.771271874	 3.5776162422127513e-22
3956571.84675994	 3.3341395264375373e-22
3973463.889212452	 3.759018331765856e-22
3972799.0969311614	 2.7972244795397307e-22
4004967.4807200003	 3.142005507868062e-22
3977447.6663165414	 2.9536299243861187e-22
3998345.409470423	 2.5780075302467743e-22
3997867.5729357568	 2.378910264150077e-22
4021940.422116685	 3.468712634718373e-22
4044261.549303025	 3.6899389844047067e-22
