# TOORAD limits for material 1, eta = 1, Gamma = 1e-4 meV
# Columns: DA mass [meV] | DA-photon coupling [GeV^-1]
2.91805e+00 1.00000e+00
2.91805e+00 7.77006e-11
2.98839e+00 7.36127e-11
3.06011e+00 6.98860e-11
3.13310e+00 6.64781e-11
3.20728e+00 6.33528e-11
3.28258e+00 6.04793e-11
3.35890e+00 5.78310e-11
3.43619e+00 5.53847e-11
3.51439e+00 5.31205e-11
3.59342e+00 5.10208e-11
3.67325e+00 4.90702e-11
3.75381e+00 4.72551e-11
3.83506e+00 4.55636e-11
3.91697e+00 4.39848e-11
3.99948e+00 4.25094e-11
4.08256e+00 4.11288e-11
4.16618e+00 3.98355e-11
4.25031e+00 3.86224e-11
4.33492e+00 3.74836e-11
4.41997e+00 3.64134e-11
4.50544e+00 3.54068e-11
4.59132e+00 3.44593e-11
4.67758e+00 3.35665e-11
4.76419e+00 3.27249e-11
4.85114e+00 3.19309e-11
4.93841e+00 3.11813e-11
5.02598e+00 3.04734e-11
5.11385e+00 2.98043e-11
5.20198e+00 2.91718e-11
5.29038e+00 2.85735e-11
5.37902e+00 2.80074e-11
5.46790e+00 2.74716e-11
5.55700e+00 2.69643e-11
5.64632e+00 2.64839e-11
5.73583e+00 2.60289e-11
5.82555e+00 2.55978e-11
5.91544e+00 2.51895e-11
6.00552e+00 2.48026e-11
6.09576e+00 2.44360e-11
6.18616e+00 2.40888e-11
6.27672e+00 2.37598e-11
6.36743e+00 2.34483e-11
6.45828e+00 2.31533e-11
6.54926e+00 2.28740e-11
6.64038e+00 2.26098e-11
6.73162e+00 2.23599e-11
6.82297e+00 2.21236e-11
6.91445e+00 2.19003e-11
7.00603e+00 2.16894e-11
7.09772e+00 2.14905e-11
7.18952e+00 2.13029e-11
7.28141e+00 2.11262e-11
7.37340e+00 2.09599e-11
7.46548e+00 2.08036e-11
7.55764e+00 2.06570e-11
7.64989e+00 2.05195e-11
7.74222e+00 2.03909e-11
7.83464e+00 2.02708e-11
7.92712e+00 2.01588e-11
8.01968e+00 2.00547e-11
8.11231e+00 1.99582e-11
8.20501e+00 1.98689e-11
8.29778e+00 1.97867e-11
8.39061e+00 1.97112e-11
8.48350e+00 1.96423e-11
8.57646e+00 1.95797e-11
8.66947e+00 1.95232e-11
8.76253e+00 1.94725e-11
8.85565e+00 1.94275e-11
8.94883e+00 1.93881e-11
9.04205e+00 1.93539e-11
9.13532e+00 1.93249e-11
9.22865e+00 1.93009e-11
9.32201e+00 1.92818e-11
9.41543e+00 1.92673e-11
9.50888e+00 1.92573e-11
9.60238e+00 1.92518e-11
9.69593e+00 1.92505e-11
9.78951e+00 1.92534e-11
9.88313e+00 1.92604e-11
9.97678e+00 1.92712e-11
1.00705e+01 1.92859e-11
1.01642e+01 1.93042e-11
1.02580e+01 1.93262e-11
1.03518e+01 1.93517e-11
1.04456e+01 1.93806e-11
1.05395e+01 1.94128e-11
1.06334e+01 1.94483e-11
1.07273e+01 1.94869e-11
1.08212e+01 1.95286e-11
1.09152e+01 1.95733e-11
1.10092e+01 1.96209e-11
1.11033e+01 1.96714e-11
1.11974e+01 1.97247e-11
1.12914e+01 1.97807e-11
1.13856e+01 1.98394e-11
1.14797e+01 1.99006e-11
1.15739e+01 1.99645e-11
1.16681e+01 2.00308e-11
1.17623e+01 2.00995e-11
1.18565e+01 2.01706e-11
1.19508e+01 2.02441e-11
1.20451e+01 2.03198e-11
1.21394e+01 2.03978e-11
1.22337e+01 2.04780e-11
1.23280e+01 2.05603e-11
1.24224e+01 2.06447e-11
1.25168e+01 2.07311e-11
1.26112e+01 2.08196e-11
1.27056e+01 2.09100e-11
1.28000e+01 2.10024e-11
1.28945e+01 2.10967e-11
1.29889e+01 2.11929e-11
1.30834e+01 2.12909e-11
1.31779e+01 2.13907e-11
1.32724e+01 2.14923e-11
1.33670e+01 2.15957e-11
1.34615e+01 2.17007e-11
1.35561e+01 2.18074e-11
1.36507e+01 2.19158e-11
1.37453e+01 2.20258e-11
1.38399e+01 2.21374e-11
1.39345e+01 2.22505e-11
1.40291e+01 2.23653e-11
1.41238e+01 2.24815e-11
1.42184e+01 2.25992e-11
1.43131e+01 2.27184e-11
1.44078e+01 2.28391e-11
1.45025e+01 2.29612e-11
1.45972e+01 2.30847e-11
1.46919e+01 2.32096e-11
1.47866e+01 2.33359e-11
1.48814e+01 2.34635e-11
1.49761e+01 2.35924e-11
1.50709e+01 2.37227e-11
1.51657e+01 2.38542e-11
1.52605e+01 2.39870e-11
1.53553e+01 2.41211e-11
1.54501e+01 2.42565e-11
1.55449e+01 2.43930e-11
1.56397e+01 2.45308e-11
1.57346e+01 2.46697e-11
1.58294e+01 2.48099e-11
1.59243e+01 2.49512e-11
1.60191e+01 2.50936e-11
1.61140e+01 2.52372e-11
1.62089e+01 2.53820e-11
1.63038e+01 2.55278e-11
1.63987e+01 2.56747e-11
1.64936e+01 2.58227e-11
1.65885e+01 2.59718e-11
1.66834e+01 2.61219e-11
1.67784e+01 2.62731e-11
1.68733e+01 2.64253e-11
1.69682e+01 2.65786e-11
1.70632e+01 2.67329e-11
1.71582e+01 2.68881e-11
1.72531e+01 2.70444e-11
1.73481e+01 2.72016e-11
1.74431e+01 2.73598e-11
1.75381e+01 2.75190e-11
1.76331e+01 2.76792e-11
1.77281e+01 2.78402e-11
1.78231e+01 2.80022e-11
1.79181e+01 2.81652e-11
1.80131e+01 2.83290e-11
1.81082e+01 2.84938e-11
1.82032e+01 2.86594e-11
1.82982e+01 2.88260e-11
1.83933e+01 2.89934e-11
1.84883e+01 2.91617e-11
1.85834e+01 2.93309e-11
1.86785e+01 2.95009e-11
1.87735e+01 2.96718e-11
1.88686e+01 2.98436e-11
1.89637e+01 3.00161e-11
1.90588e+01 3.01895e-11
1.91539e+01 3.03638e-11
1.92490e+01 3.05388e-11
1.93441e+01 3.07146e-11
1.94392e+01 3.08913e-11
1.95343e+01 3.10688e-11
1.96294e+01 3.12470e-11
1.97245e+01 3.14260e-11
1.98197e+01 3.16058e-11
1.99148e+01 3.17864e-11
2.00099e+01 3.19678e-11
2.01051e+01 3.21499e-11
2.02002e+01 3.23327e-11
2.02954e+01 3.25164e-11
2.03905e+01 3.27007e-11
2.04857e+01 3.28858e-11
2.05808e+01 3.30716e-11
2.06760e+01 3.32582e-11
2.07712e+01 3.34455e-11
2.08664e+01 3.36335e-11
2.09615e+01 3.38222e-11
2.10567e+01 3.40117e-11
2.11519e+01 3.42018e-11
2.12471e+01 3.43926e-11
2.12471e+01 1.00000e+00
