# TOORAD limits for material 2, eta = 1, Gamma = 1e-4 meV
# Columns: DA mass [meV] | DA-photon coupling [GeV^-1]
2.51069e+00 1.00000e+00
2.51069e+00 2.35587e-11
2.55256e+00 2.23767e-11
2.59555e+00 2.12990e-11
2.63960e+00 2.03130e-11
2.68468e+00 1.94078e-11
2.73071e+00 1.85745e-11
2.77766e+00 1.78052e-11
2.82549e+00 1.70933e-11
2.87414e+00 1.64331e-11
2.92357e+00 1.58195e-11
2.97376e+00 1.52482e-11
3.02465e+00 1.47154e-11
3.07622e+00 1.42177e-11
3.12843e+00 1.37520e-11
3.18125e+00 1.33157e-11
3.23464e+00 1.29065e-11
3.28859e+00 1.25222e-11
3.34307e+00 1.21608e-11
3.39804e+00 1.18208e-11
3.45349e+00 1.15004e-11
3.50939e+00 1.11984e-11
3.56573e+00 1.09134e-11
3.62247e+00 1.06443e-11
3.67961e+00 1.03900e-11
3.73712e+00 1.01495e-11
3.79499e+00 9.92202e-12
3.85321e+00 9.70663e-12
3.91174e+00 9.50263e-12
3.97059e+00 9.30934e-12
4.02974e+00 9.12610e-12
4.08918e+00 8.95234e-12
4.14888e+00 8.78752e-12
4.20885e+00 8.63113e-12
4.26907e+00 8.48271e-12
4.32953e+00 8.34183e-12
4.39021e+00 8.20807e-12
4.45112e+00 8.08108e-12
4.51224e+00 7.96050e-12
4.57356e+00 7.84600e-12
4.63508e+00 7.73728e-12
4.69679e+00 7.63406e-12
4.75867e+00 7.53607e-12
4.82073e+00 7.44307e-12
4.88296e+00 7.35481e-12
4.94534e+00 7.27108e-12
5.00788e+00 7.19168e-12
5.07057e+00 7.11641e-12
5.13340e+00 7.04509e-12
5.19637e+00 6.97755e-12
5.25948e+00 6.91362e-12
5.32271e+00 6.85316e-12
5.38606e+00 6.79602e-12
5.44954e+00 6.74206e-12
5.51313e+00 6.69116e-12
5.57683e+00 6.64319e-12
5.64063e+00 6.59804e-12
5.70455e+00 6.55560e-12
5.76856e+00 6.51577e-12
5.83267e+00 6.47845e-12
5.89687e+00 6.44354e-12
5.96117e+00 6.41096e-12
6.02555e+00 6.38063e-12
6.09002e+00 6.35246e-12
6.15457e+00 6.32638e-12
6.21920e+00 6.30232e-12
6.28391e+00 6.28021e-12
6.34870e+00 6.25997e-12
6.41355e+00 6.24156e-12
6.47848e+00 6.22491e-12
6.54348e+00 6.20996e-12
6.60854e+00 6.19666e-12
6.67367e+00 6.18496e-12
6.73886e+00 6.17480e-12
6.80411e+00 6.16615e-12
6.86942e+00 6.15895e-12
6.93479e+00 6.15317e-12
7.00021e+00 6.14875e-12
7.06569e+00 6.14567e-12
7.13122e+00 6.14388e-12
7.19680e+00 6.14334e-12
7.26244e+00 6.14402e-12
7.32812e+00 6.14590e-12
7.39385e+00 6.14892e-12
7.45962e+00 6.15307e-12
7.52544e+00 6.15832e-12
7.59131e+00 6.16463e-12
7.65721e+00 6.17198e-12
7.72316e+00 6.18034e-12
7.78915e+00 6.18969e-12
7.85518e+00 6.20000e-12
7.92124e+00 6.21125e-12
7.98735e+00 6.22342e-12
8.05349e+00 6.23648e-12
8.11966e+00 6.25041e-12
8.18588e+00 6.26519e-12
8.25212e+00 6.28081e-12
8.31840e+00 6.29724e-12
8.38471e+00 6.31447e-12
8.45105e+00 6.33247e-12
8.51743e+00 6.35124e-12
8.58383e+00 6.37075e-12
8.65026e+00 6.39099e-12
8.71673e+00 6.41194e-12
8.78322e+00 6.43360e-12
8.84973e+00 6.45594e-12
8.91628e+00 6.47894e-12
8.98285e+00 6.50261e-12
9.04945e+00 6.52692e-12
9.11607e+00 6.55186e-12
9.18271e+00 6.57743e-12
9.24939e+00 6.60360e-12
9.31608e+00 6.63037e-12
9.38280e+00 6.65772e-12
9.44954e+00 6.68565e-12
9.51630e+00 6.71414e-12
9.58308e+00 6.74319e-12
9.64989e+00 6.77278e-12
9.71671e+00 6.80291e-12
9.78356e+00 6.83356e-12
9.85042e+00 6.86473e-12
9.91731e+00 6.89641e-12
9.98421e+00 6.92859e-12
1.00511e+01 6.96126e-12
1.01181e+01 6.99442e-12
1.01850e+01 7.02805e-12
1.02520e+01 7.06215e-12
1.03190e+01 7.09671e-12
1.03860e+01 7.13173e-12
1.04531e+01 7.16719e-12
1.05201e+01 7.20310e-12
1.05872e+01 7.23944e-12
1.06542e+01 7.27621e-12
1.07213e+01 7.31340e-12
1.07884e+01 7.35100e-12
1.08556e+01 7.38902e-12
1.09227e+01 7.42744e-12
1.09898e+01 7.46626e-12
1.10570e+01 7.50547e-12
1.11242e+01 7.54507e-12
1.11914e+01 7.58506e-12
1.12586e+01 7.62542e-12
1.13258e+01 7.66615e-12
1.13930e+01 7.70726e-12
1.14603e+01 7.74872e-12
1.15275e+01 7.79055e-12
1.15948e+01 7.83273e-12
1.16621e+01 7.87526e-12
1.17294e+01 7.91814e-12
1.17967e+01 7.96136e-12
1.18640e+01 8.00492e-12
1.19313e+01 8.04881e-12
1.19987e+01 8.09303e-12
1.20660e+01 8.13758e-12
1.21334e+01 8.18246e-12
1.22007e+01 8.22765e-12
1.22681e+01 8.27315e-12
1.23355e+01 8.31898e-12
1.24029e+01 8.36510e-12
1.24703e+01 8.41154e-12
1.25377e+01 8.45828e-12
1.26052e+01 8.50531e-12
1.26726e+01 8.55265e-12
1.27400e+01 8.60028e-12
1.28075e+01 8.64819e-12
1.28750e+01 8.69640e-12
1.29424e+01 8.74489e-12
1.30099e+01 8.79366e-12
1.30774e+01 8.84272e-12
1.31449e+01 8.89205e-12
1.32124e+01 8.94165e-12
1.32799e+01 8.99153e-12
1.33475e+01 9.04167e-12
1.34150e+01 9.09208e-12
1.34825e+01 9.14276e-12
1.35501e+01 9.19370e-12
1.36176e+01 9.24490e-12
1.36852e+01 9.29636e-12
1.37528e+01 9.34807e-12
1.38203e+01 9.40003e-12
1.38879e+01 9.45225e-12
1.39555e+01 9.50472e-12
1.40231e+01 9.55743e-12
1.40907e+01 9.61039e-12
1.41583e+01 9.66359e-12
1.42259e+01 9.71703e-12
1.42936e+01 9.77072e-12
1.43612e+01 9.82464e-12
1.44288e+01 9.87879e-12
1.44965e+01 9.93318e-12
1.45641e+01 9.98781e-12
1.46318e+01 1.00427e-11
1.46994e+01 1.00977e-11
1.47671e+01 1.01531e-11
1.48348e+01 1.02086e-11
1.49024e+01 1.02643e-11
1.49701e+01 1.03203e-11
1.50378e+01 1.03765e-11
1.51055e+01 1.04330e-11
1.51732e+01 1.04896e-11
1.52409e+01 1.05464e-11
1.52409e+01 1.00000e+00
