# Superfluid helium-3
# (T1/sec, VHPD/cm3 ,B0/T, αz0, tin)  = (1000, 100, [0.05,0.55], 0.2, 1.5 years)
# https://arxiv.org/pdf/2208.14454.pdf
# mass [eV]     g_aNN [GeV^-1]
6.6043123820076804e-9	1e10
6.6043123820076804e-9	3.3296433856487163e-12
6.699904601309991e-9	2.836568835184738e-12
6.8481641216420265e-9	2.5686056918825513e-12
6.999704417847288e-9	2.367046069037326e-12
7.154598088908359e-9	2.2026275521204424e-12
7.312919340321767e-9	2.0656440852582642e-12
7.4887003929314e-9	2.0489652269286156e-12
7.591192914042516e-9	2.6395365732805984e-12
7.762739031932099e-9	2.4995808988436627e-12
7.934517592049505e-9	2.291517021252173e-12
8.110097371503847e-9	2.1240630771255047e-12
8.289562485963825e-9	1.9829425353999798e-12
8.472998912460275e-9	1.8705081607696464e-12
8.613624712406602e-9	1.981656865795093e-12
8.695027741513775e-9	2.4979602592491173e-12
8.887436547152368e-9	2.338056133641673e-12
9.084103090613945e-9	2.140658940966352e-12
9.285121589682962e-9	1.9842290391282434e-12
9.490588347051696e-9	1.8536007344226136e-12
9.70060179645623e-9	1.74850013989273e-12
9.861602039897938e-9	1.8680834047985816e-12
9.954799074212801e-9	2.3410909101169377e-12
1.0175084857902276e-8	2.184134230967385e-12
1.0400245257958606e-8	1.9997323428281467e-12
1.0630388142825757e-8	1.8536007344226136e-12
1.086562376792561e-8	1.7315721193968497e-12
1.1106064828478284e-8	1.6355107684815236e-12
1.1290391448473946e-8	1.7530421616049647e-12
1.1397091251913015e-8	2.191228600032672e-12
1.1649292944733912e-8	2.0377005943119002e-12
1.1907075508362594e-8	1.8680834047985816e-12
1.2170562439666336e-8	1.7304494294535788e-12
1.2439879968325306e-8	1.618626508292797e-12
1.2715157117306088e-8	1.528830970889403e-12
1.2921747959016722e-8	1.6330728597803522e-12
1.3048348644314965e-8	2.0023279779728803e-12
1.3337090354271952e-8	1.9035520817744754e-12
1.3632221514521988e-8	1.7451013480876508e-12
1.3933883514665621e-8	1.6175770482775797e-12
1.4242220873057659e-8	1.5110866465243273e-12
1.4557381306041939e-8	1.4281830144435659e-12
1.4761559400322822e-8	1.3402319363131385e-12
1.4793903877440178e-8	1.555738005116249e-12
1.4938846990017525e-8	1.918425035173695e-12
1.5269422784875917e-8	1.7782350057426086e-12
1.5607313759829455e-8	1.629158629502587e-12
1.5952681789584868e-8	1.5101069115410428e-12
1.6305692330909708e-8	1.4116068571419995e-12
1.6666514501898425e-8	1.3350266269458603e-12
1.6900274757109296e-8	1.256881659114052e-12
1.6937305434921487e-8	1.4631546991022626e-12
1.7103248500980903e-8	1.7944549914326014e-12
1.7481719474788315e-8	1.6600909214034122e-12
1.786856548202912e-8	1.5219057742767767e-12
1.826397185048233e-8	1.4116068571419995e-12
1.8668128008971564e-8	1.3186761485276783e-12
1.9081227578115538e-8	1.2479465703132179e-12
1.9348855979236176e-8	1.1787150135841795e-12
1.9391251813747655e-8	1.365324221481129e-12
1.958123739280375e-8	1.6698094966850249e-12
2.0014542795808577e-8	1.5518078291164395e-12
2.0457436641489768e-8	1.4217137262343715e-12
2.0910131108676162e-8	1.3178211656864843e-12
2.137284307141752e-8	1.2318633732174249e-12
2.1863913297186273e-8	1.161325123371036e-12
2.2152197706001027e-8	1.1054096248234648e-12
2.220073602315099e-8	1.2804134316068581e-12
2.24182474932377e-8	1.5598804615625752e-12
2.291433196276613e-8	1.4487073308980981e-12
2.3421394087928904e-8	1.3281176492833393e-12
2.3939676788895217e-8	1.2318633732174249e-12
2.4469428361317742e-8	1.1515123673735486e-12
2.503164685839244e-8	1.0858685353989522e-12
2.5361699096440735e-8	1.0366631667282799e-12
2.5417269844343166e-8	1.206795065220279e-12
2.5666295269611488e-8	1.4666700869353241e-12
2.6234254494676906e-8	1.3515798375851427e-12
2.6814781863214137e-8	1.2406833090159878e-12
2.7408155490664084e-8	1.1500196518927574e-12
2.801465964677347e-8	1.0750070833085805e-12
2.8658334668931553e-8	1.0165226878303629e-12
2.903620623086788e-8	9.791528481429015e-13
2.909982829697484e-8	1.1374094440827398e-12
2.9384933548690162e-8	1.3710032952370114e-12
3.003518103908955e-8	1.2634200612743856e-12
3.069981759720862e-8	1.1590050580996858e-12
3.137916163299569e-8	1.0743100868463203e-12
3.2073538602366096e-8	1.0048873749780039e-12
3.281047190553209e-8	9.521713351132991e-13
3.324309105141185e-8	9.182584170360738e-13
3.331532830761382e-8	1.0841092945882562e-12
3.3709350115194635e-8	1.2765990824586566e-12
3.445529089736716e-8	1.17033560630993e-12
3.521773830599812e-8	1.0750070833085805e-12
3.599705760964984e-8	9.970967952964962e-13
3.6793622159767074e-8	9.33268761760931e-13
3.76596549132197e-8	9.0177824954379e-13
3.811632584650884e-8	9.14988676323198e-13
3.839088358650503e-8	1.1543431713171897e-12
3.929064583051157e-8	1.112602333021101e-12
4.016009288252295e-8	1.0186676434547353e-12
4.104877958204514e-8	9.442279107062075e-13
4.1932093811450775e-8	8.93698458938267e-13
4.288558433078303e-8	8.213291838780281e-13
4.359735352431072e-8	8.946595055268457e-13
4.400937015568591e-8	1.1162162187710924e-12
4.4983235978808224e-8	1.0386821911703686e-12
4.5932931685719837e-8	9.687303269522782e-13
4.699609536953196e-8	8.701339296162633e-13
4.8036053245290724e-8	8.239969742875677e-13
4.9099023934663984e-8	7.782846059642767e-13
4.991391717243414e-8	8.266734300481127e-13
5.038562846565873e-8	1.04815642276677e-12
5.151084035055902e-8	9.652808655250025e-13
5.2640228056101646e-8	8.872301210631942e-13
5.3805082696007996e-8	8.239969742875677e-13
5.4995713940275925e-8	7.707496807670765e-13
5.621269218911668e-8	7.308297395822532e-13
5.71260137695763e-8	7.77628674000065e-13
5.7685705269095035e-8	9.53458776256748e-13
5.8962209264620186e-8	9.064241514854657e-13
6.02669605086274e-8	8.304350795104376e-13
6.160058407322712e-8	7.70249954012592e-13
6.296371886250208e-8	7.195418735903575e-13
6.435701791858856e-8	6.800652261776861e-13
6.525967293572166e-8	6.381851105087262e-13
6.540266528095513e-8	7.40803739872801e-13
6.6043447183772e-8	9.135062819372872e-13
6.710314176447124e-8	8.660801041149692e-13
6.913611251826304e-8	7.563883865749486e-13
7.066599801507655e-8	7.144266978776493e-13
7.222973773869132e-8	6.686934737353754e-13
7.439519932985863e-8	6.277612295706824e-13
7.439519932985863e-8	1e10
